378
512
218
643
190
486
53
365
619
744
586
196
38
413
578
367
554
573
278
543
448
353
311
645
299
454
549
400
449
242
7
231
412
221
558
553
315
1
266
613
748
162
736
183
94
476
580
187
572
676
138
60
144
113
71
651
461
411
575
264
630
524
462
153
728
754
234
694
399
530
347
555
410
114
246
506
597
118
336
374
518
716
370
9
134
215
738
81
111
704
525
163
589
443
233
335
194
96
475
121
125
330
568
26
667
241
416
673
63
483
669
120
119
582
43
427
133
262
358
489
157
192
547
30
331
711
709
556
648
599
270
390
112
207
150
47
516
439
211
271
456
623
61
690
655
97
373
608
596
288
438
660
379
594
584
237
715
758
189
4
292
371
296
128
360
591
542
425
226
341
123
152
480
159
377
551
538
698
714
564
115
621
33
587
19
276
581
210
149
692
444
337
247
73
498
239
527
298
158
252
381
357
654
588
610
117
540
646
521
188
16
473
733
302
208
27
338
95
395
420
28
191
749
685
180
409
387
72
346
175
468
691
297
380
763
393
104
624
260
293
68
727
48
363
612
577
497
398
442
507
223
401
325
681
213
697
488
200
531
724
99
701
238
345
12
98
396
17
735
173
428
509
466
45
424
69
603
668
513
184
366
127
490
70
504
13
5
250
3
417
258
546
469
274
177
290
533
535
560
269
485
710
24
609
225
686
329
312
273
601
570
590
644
356
552
232
536
287
431
348
614
181
148
35
85
713
36
764
450
423
328
418
495
179
285
585
470
397
178
301
734
767
730
680
154
280
169
197
340
176
751
436
195
56
326
129
275
286
199
102
168
349
11
209
75
632
742
268
741
687
522
126
172
421
505
653
496
284
419
494
617
78
635
593
385
243
478
155
746
362
574
137
745
437
369
18
265
503
659
90
404
629
719
699
322
484
647
501
458
254
203
718
186
576
541
10
755
110
244
80
762
31
74
537
86
747
257
415
54
83
277
662
58
204
515
282
164
598
334
222
403
729
493
220
511
725
550
759
59
620
2
386
639
40
595
696
688
567
544
116
66
124
637
389
405
361
308
435
245
426
165
216
323
528
695
313
720
316
510
616
634
65
87
752
145
674
455
310
519
481
206
376
633
0
652
477
661
722
93
463
665
333
605
217
491
636
34
627
625
579
32
737
642
569
170
446
41
561
198
107
263
452
122
464
723
291
240
487
351
508
249
479
319
309
82
732
42
182
445
185
684
571
294
756
350
364
352
141
50
407
391
726
25
375
89
228
447
671
739
8
708
108
566
230
193
757
15
368
672
679
611
101
20
640
64
534
434
359
320
471
342
248
388
52
281
332
592
761
227
272
384
202
55
289
499
430
539
766
146
339
583
664
383
29
214
529
677
139
147
622
440
517
740
79
451
251
408
429
300
44
721
67
62
565
46
229
693
174
600
295
76
526
765
702
327
563
306
618
467
14
657
212
602
171
514
267
22
457
57
261
130
628
678
235
414
354
604
402
433
731
106
303
650
160
649
548
562
109
492
656
201
559
304
406
131
259
88
167
641
453
500
253
156
136
151
255
317
143
474
318
132
