642
699
541
429
53
727
450
552
445
427
392
633
342
52
341
204
371
348
577
139
396
179
721
638
606
238
603
513
512
209
284
432
612
461
339
737
667
223
386
189
767
467
19
310
726
553
140
362
414
624
511
742
581
765
327
565
542
135
655
365
106
619
107
458
419
681
426
579
81
68
593
369
559
422
111
452
217
679
134
250
470
668
34
33
561
464
645
675
196
479
48
702
326
504
156
749
132
656
354
122
506
201
718
261
112
658
294
357
70
346
66
121
235
503
417
670
510
636
489
403
598
247
684
710
700
671
457
646
588
226
442
9
716
181
146
211
688
192
180
125
481
80
447
669
160
347
641
529
416
471
520
14
202
709
600
248
582
274
518
94
692
27
207
188
753
285
15
644
314
659
535
413
331
444
428
602
379
6
558
532
239
138
509
286
625
569
345
344
483
523
12
35
701
607
587
260
686
293
763
425
18
375
264
554
173
755
227
153
500
583
410
62
380
666
563
729
528
296
311
548
761
420
502
96
628
301
711
299
292
695
537
190
240
589
149
337
59
676
717
575
126
492
183
352
570
219
13
399
712
39
491
147
109
154
97
205
573
741
29
672
73
505
11
361
493
144
556
485
60
446
689
620
507
251
745
647
574
298
289
355
631
366
276
451
323
280
102
225
46
20
269
108
648
564
764
42
351
743
194
434
515
130
214
50
677
95
431
533
723
185
272
123
725
38
594
580
632
265
148
51
496
384
336
340
550
254
733
356
133
654
115
82
87
657
113
16
591
715
596
531
517
462
61
64
72
7
197
297
475
124
438
408
28
167
652
199
731
159
255
142
221
79
478
187
320
383
402
739
597
3
372
368
367
708
459
259
256
86
706
222
332
150
4
316
411
498
215
318
660
412
45
364
176
290
437
760
103
762
321
754
463
267
744
101
592
730
540
707
740
182
534
161
93
275
605
395
258
640
488
359
441
609
263
245
24
673
693
98
385
521
266
449
370
685
118
268
630
234
92
287
394
84
243
690
756
487
748
218
663
137
560
65
374
547
617
543
545
37
476
527
409
376
100
162
328
549
453
604
455
295
116
334
155
158
746
637
626
23
47
304
387
88
208
562
0
128
738
538
10
555
728
415
614
306
77
119
424
252
163
713
629
567
198
174
758
585
164
319
353
724
759
330
501
307
687
722
546
175
117
400
152
651
494
75
360
698
22
349
683
312
639
104
85
599
719
373
497
405
302
661
329
83
231
127
615
57
67
270
443
1
757
544
282
705
233
694
249
608
508
230
170
456
530
90
571
55
469
665
309
703
480
257
120
220
720
466
157
5
363
253
281
404
335
486
674
322
186
244
454
490
398
89
627
751
423
279
206
578
246
618
308
766
40
388
224
129
178
184
522
195
536
291
43
430
110
557
734
303
315
317
74
131
601
212
145
524
21
616
391
141
691
539
477
36
228
474
271
460
704
584
177
305
514
714
622
440
91
26
63
732
435
8
735
572
49
283
568
653
377
44
2
747
389
32
433
229
237
273
30
697
166
262
643
482
696
41
17
750
519
468
551
324
31
278
752
313
406
390
143
241
623
