734
381
403
431
63
395
597
168
66
546
9
336
733
261
621
689
558
344
64
595
466
244
412
592
127
362
698
587
387
463
533
464
424
441
375
706
637
270
204
729
552
388
618
556
60
333
629
239
561
252
148
581
419
767
159
74
501
128
525
109
25
334
228
278
256
99
24
530
574
473
273
715
153
392
308
70
513
289
328
394
321
326
672
485
477
430
316
740
532
437
677
507
22
623
186
2
547
630
285
657
580
115
294
470
65
51
714
683
389
271
232
656
327
594
358
455
611
578
711
499
97
149
749
191
515
487
54
542
562
46
500
379
376
132
220
640
401
48
134
222
193
407
638
55
669
743
141
757
660
188
351
120
108
616
590
692
492
205
709
3
58
223
101
746
221
471
564
209
52
17
229
299
146
50
699
155
612
741
534
248
249
624
650
30
736
117
496
116
399
503
27
283
200
352
690
610
718
725
458
505
23
457
764
154
658
675
442
396
371
262
82
350
459
38
719
10
367
32
357
540
281
717
687
670
728
666
686
89
213
510
435
7
551
596
187
122
40
304
360
409
172
284
674
240
553
451
423
753
245
56
346
71
571
145
90
166
429
170
310
508
420
570
243
87
214
173
603
291
633
118
119
747
447
365
414
545
162
320
114
158
150
722
565
31
445
20
113
659
0
377
663
452
418
504
258
737
314
645
135
509
4
417
324
330
385
339
297
80
609
26
586
216
567
343
426
641
364
465
147
14
174
86
370
165
671
335
59
665
467
164
354
449
292
41
361
329
518
79
765
28
446
511
528
482
627
378
254
491
383
313
84
62
745
136
111
194
340
178
43
557
347
514
293
129
691
732
218
96
124
727
226
177
268
739
397
726
653
103
81
651
531
207
372
264
484
337
382
227
673
301
498
275
126
489
263
681
199
253
171
237
678
36
139
303
267
322
694
731
212
384
468
198
405
355
569
404
15
163
605
302
241
342
37
386
655
454
206
295
607
585
73
93
104
133
541
752
16
439
91
88
450
102
238
568
246
544
157
479
643
626
18
639
121
538
274
433
682
311
577
635
181
184
406
520
380
410
369
619
573
78
606
750
693
702
416
563
67
536
77
105
762
593
559
662
712
591
490
754
642
363
69
548
160
11
144
517
427
176
440
521
664
716
231
210
143
519
760
298
428
705
8
156
539
506
436
266
461
576
338
255
761
668
560
208
287
1
341
269
265
649
625
95
735
42
614
758
634
45
161
288
589
680
723
575
315
230
628
76
738
247
476
85
469
225
331
233
588
475
679
599
421
182
617
332
438
49
5
529
234
486
688
497
685
106
443
488
646
12
190
282
29
169
180
100
197
495
647
742
710
373
676
648
460
413
131
39
434
215
555
566
474
456
260
35
309
276
636
654
622
393
107
721
524
47
203
707
631
21
402
83
130
415
697
286
123
33
516
19
708
219
763
481
356
661
224
92
151
748
317
448
522
279
583
604
349
374
400
704
257
72
195
483
137
494
550
462
201
312
290
189
112
183
152
325
703
44
444
6
250
75
512
391
432
68
167
730
554
366
345
584
535
398
185
348
615
211
579
502
537
196
175
