270
15
690
510
429
618
754
26
265
210
733
437
758
691
699
545
426
656
406
453
732
463
338
309
405
626
528
289
284
416
524
493
517
713
648
4
245
541
108
436
97
556
73
131
537
113
89
752
336
170
616
46
378
485
221
630
382
614
64
362
324
615
18
603
329
553
530
118
57
333
661
491
597
721
375
442
37
171
222
565
576
152
384
34
748
676
704
567
310
21
295
328
504
633
142
557
306
229
700
13
532
54
154
422
1
93
339
264
435
468
164
571
304
58
292
695
119
135
675
326
701
84
209
380
19
617
181
523
472
591
301
669
550
756
404
133
403
652
484
355
325
458
658
392
307
531
136
242
337
3
255
20
211
590
35
495
250
199
678
674
559
217
267
149
386
509
53
711
475
17
589
534
466
92
454
726
216
32
282
105
232
460
137
254
244
317
256
69
320
451
0
513
197
347
83
176
198
551
399
25
525
230
169
196
189
74
388
274
11
36
327
419
157
202
153
147
707
50
564
240
285
132
539
366
213
673
666
257
352
361
66
128
582
693
692
694
502
646
747
106
447
5
246
712
560
206
290
587
76
686
490
742
445
542
518
365
175
512
627
645
247
653
291
303
613
173
356
757
396
345
505
703
455
174
359
555
722
737
734
592
200
667
727
38
535
87
241
263
593
214
98
112
130
70
595
522
644
374
349
573
514
252
489
51
215
558
410
126
370
52
9
533
124
471
751
602
431
622
607
486
280
682
88
498
172
606
357
31
709
167
90
129
207
279
685
387
358
78
71
125
156
10
664
220
476
740
315
702
719
739
654
179
634
665
212
342
59
598
566
506
746
599
29
191
134
148
689
308
651
341
725
477
67
288
579
450
507
650
102
440
316
568
281
521
494
377
259
708
439
394
444
594
511
12
425
335
430
7
583
596
544
671
580
276
741
79
624
369
610
563
400
75
163
501
178
570
520
668
585
312
723
249
139
744
459
538
743
237
331
749
720
194
168
231
639
519
561
56
43
588
390
219
434
33
277
260
48
96
608
120
464
141
672
109
764
77
266
323
547
724
334
305
272
696
368
155
269
569
409
373
604
499
287
346
40
235
61
529
629
151
39
393
548
226
144
730
275
379
115
95
745
183
99
540
461
407
72
100
609
680
625
218
184
45
395
350
261
611
620
763
619
16
714
738
47
111
85
623
638
117
683
469
546
104
572
536
6
488
481
640
311
44
663
760
360
186
641
187
188
227
401
496
193
182
543
330
203
258
554
750
60
123
655
433
753
166
94
632
657
22
717
487
578
82
367
601
706
302
354
575
448
81
397
122
63
470
389
80
248
483
765
562
363
49
116
185
411
577
177
293
332
143
162
612
473
446
138
299
158
421
482
110
643
761
621
86
503
313
636
417
294
353
27
192
150
243
91
239
41
755
642
516
467
283
318
278
372
441
715
23
497
348
62
24
195
385
736
262
449
631
107
344
705
146
697
660
728
428
735
766
527
438
223
549
526
364
127
180
296
145
228
233
165
8
371
443
114
101
205
605
718
418
586
65
160
628
402
314
376
670
480
297
415
381
452
635
321
581
121
238
681
