588
314
579
436
30
511
337
93
411
261
537
663
628
622
433
556
68
597
103
94
723
463
206
42
471
367
238
439
360
100
456
16
526
269
720
335
584
627
125
459
9
316
137
288
105
142
714
104
494
525
344
268
282
421
594
476
31
116
583
97
322
128
126
143
682
124
701
265
729
648
29
236
244
398
684
730
241
280
528
569
495
638
499
333
352
135
385
518
235
749
486
88
658
490
307
153
220
382
517
688
177
369
430
237
669
543
164
109
473
407
102
118
52
589
49
413
202
728
25
592
308
6
656
216
37
277
147
560
351
22
264
386
538
154
604
725
577
665
197
512
530
214
179
41
165
222
683
698
406
396
218
281
547
90
662
469
203
574
408
392
485
399
159
761
640
172
557
551
541
552
3
748
492
368
0
285
765
727
332
458
373
681
279
653
383
636
44
707
558
156
200
522
555
475
243
689
506
478
274
428
338
616
740
570
185
466
764
340
575
437
32
134
677
454
573
685
442
453
301
742
339
717
491
278
355
74
457
263
17
117
176
631
605
310
565
163
136
80
611
602
650
752
639
746
738
275
358
157
758
686
150
76
741
78
621
502
654
89
536
451
196
311
189
184
754
481
296
95
709
317
14
361
626
271
321
431
114
121
606
424
239
508
625
403
149
299
503
422
72
48
300
462
298
219
82
755
642
449
84
348
460
232
181
59
633
119
57
732
533
130
357
532
378
679
397
690
242
697
364
767
664
12
438
251
13
304
716
79
455
297
152
447
2
660
657
328
578
336
40
712
46
659
750
496
400
139
599
377
603
272
15
193
467
465
320
362
516
652
672
51
468
623
763
64
705
600
350
388
756
644
637
353
91
722
534
613
484
410
527
371
435
270
34
612
161
23
127
440
489
212
700
387
155
162
531
188
65
576
370
7
548
464
443
477
47
381
510
166
252
295
414
148
108
380
567
474
54
513
248
743
183
420
651
632
671
620
674
598
425
260
680
515
26
441
146
596
692
230
711
186
585
668
167
562
376
27
544
590
734
331
635
708
615
141
715
267
645
501
507
138
726
745
365
63
11
45
28
450
92
208
73
666
319
571
461
581
427
582
695
20
618
86
580
309
647
572
514
325
324
359
710
432
221
87
224
744
546
21
687
416
553
18
122
291
417
702
178
523
247
257
225
306
182
347
305
568
561
101
389
190
479
509
228
69
53
56
175
173
670
609
112
721
470
1
696
327
519
144
415
366
760
62
85
412
294
96
379
595
472
318
634
699
66
246
488
83
253
480
286
610
404
58
273
445
497
229
67
759
564
493
762
394
262
739
694
731
482
521
39
315
8
276
673
284
245
655
372
240
293
168
601
194
171
38
151
160
757
498
50
43
180
678
629
36
35
204
426
405
140
607
446
24
106
713
346
390
234
539
587
330
554
375
198
195
520
199
363
323
191
452
423
341
75
290
342
504
608
676
107
706
661
110
747
233
120
170
444
133
429
312
10
259
545
283
250
766
419
586
217
374
302
646
209
326
55
60
641
289
524
254
384
540
735
675
409
391
329
231
483
395
227
4
207
123
356
129
145
401
343
192
418
