630
142
289
442
429
676
585
490
87
675
468
325
94
524
439
54
696
698
607
151
24
428
198
447
634
373
345
415
734
117
371
460
340
556
115
572
276
588
150
81
51
382
179
122
256
583
132
454
397
196
95
172
658
33
434
571
766
644
83
362
280
148
458
687
662
631
217
377
189
114
478
192
403
233
526
466
437
220
720
506
553
753
503
112
469
714
293
72
417
465
103
574
49
265
111
68
273
513
169
533
180
306
10
249
281
436
380
760
329
146
20
5
732
13
47
446
278
420
52
301
107
140
201
741
614
118
707
92
38
421
88
482
540
530
264
702
636
234
523
475
542
652
586
63
494
762
166
226
163
307
725
385
597
66
739
489
396
451
419
589
535
242
197
486
435
261
366
300
90
477
528
509
156
290
532
764
416
311
182
534
600
50
185
602
354
708
467
649
14
449
282
229
32
294
594
70
37
121
483
459
637
448
685
444
209
609
499
548
367
348
353
617
43
641
153
536
168
624
713
638
592
390
581
591
541
657
331
671
135
661
141
457
398
21
39
563
65
271
481
472
665
608
80
275
748
386
522
67
368
378
258
511
6
246
127
673
754
34
431
200
393
627
69
635
492
610
756
60
425
618
409
347
181
237
718
165
557
98
728
230
284
316
623
143
500
305
113
82
691
0
4
616
646
682
672
495
219
596
752
612
35
338
202
125
408
538
678
729
738
23
648
715
445
498
453
510
561
315
582
677
412
130
664
717
723
711
252
11
507
667
262
245
463
236
628
3
699
318
269
659
210
16
74
554
570
527
215
654
376
336
77
558
640
170
669
194
551
85
686
381
361
496
272
504
461
136
633
593
79
670
31
259
46
341
40
203
411
214
131
369
547
400
97
693
552
154
190
432
225
287
759
110
743
606
91
580
310
679
124
529
158
120
620
515
424
75
105
663
684
53
174
590
109
736
599
360
413
625
399
184
17
145
222
223
405
144
64
350
395
119
660
285
402
740
480
317
518
450
497
440
228
567
726
175
319
227
502
56
735
384
250
279
479
651
545
692
539
8
700
626
426
695
750
235
452
29
161
320
568
501
7
404
267
359
508
295
749
456
167
391
356
251
171
683
689
487
15
211
147
152
239
332
578
96
162
164
18
555
642
680
321
204
286
559
26
342
349
519
731
283
291
333
266
688
645
177
363
346
313
221
126
598
566
297
302
199
355
704
374
751
288
247
473
747
744
304
309
314
128
93
430
674
240
742
370
89
241
621
28
653
724
423
643
595
195
2
709
149
705
690
365
722
73
22
716
455
36
706
418
298
157
255
232
78
422
206
531
19
737
299
427
155
546
207
721
613
733
392
433
410
123
351
516
191
464
76
59
562
765
745
86
611
493
328
48
312
710
697
213
394
615
560
375
339
401
755
12
387
139
727
564
485
656
178
388
334
521
238
604
462
441
330
61
323
525
277
639
681
335
357
337
205
587
57
577
30
45
703
104
763
257
218
27
187
159
248
379
173
324
719
579
231
41
101
632
549
133
84
470
512
758
138
260
544
491
471
25
666
488
573
208
650
668
746
358
761
327
406
268
344
619
