232
330
659
668
742
465
271
179
390
606
462
439
11
463
688
169
615
19
368
582
621
458
495
557
1
26
25
646
36
30
227
351
63
486
312
274
683
243
643
51
57
45
617
62
189
521
406
561
309
467
755
305
356
559
401
262
99
709
293
252
518
200
139
127
614
479
105
732
370
572
160
514
346
353
627
708
468
29
286
35
392
12
94
589
296
337
175
425
548
205
556
70
266
474
347
647
280
628
412
608
40
710
629
545
131
419
563
80
281
184
190
304
505
508
3
8
186
126
246
413
196
763
118
623
727
247
257
700
570
233
207
733
239
166
402
133
760
624
372
54
221
261
75
361
756
395
701
154
123
690
213
349
244
9
163
278
475
481
446
662
635
703
302
639
74
609
579
153
17
198
396
669
284
342
91
542
640
288
152
181
142
583
97
562
660
397
473
115
10
388
516
47
299
442
610
546
749
676
427
430
228
765
150
59
673
743
616
315
500
24
552
92
380
630
398
453
379
678
359
31
712
171
148
551
170
119
550
599
336
217
44
144
483
240
631
319
417
566
729
485
34
41
289
404
405
607
728
586
367
303
84
666
137
553
515
423
98
459
725
744
151
657
258
128
109
754
382
223
506
487
325
730
121
270
531
767
273
241
254
23
33
235
220
103
723
603
345
295
183
69
549
64
520
344
39
677
236
376
539
593
496
389
538
339
237
649
752
414
713
447
652
452
85
493
18
52
287
306
350
665
159
477
594
248
391
618
143
661
476
165
693
343
731
422
168
504
497
685
747
672
448
411
705
512
424
634
488
680
490
355
750
365
265
736
135
734
176
689
432
537
726
96
381
653
201
61
49
721
555
394
484
314
695
758
739
410
229
93
386
348
735
238
313
224
524
335
491
76
696
716
590
108
55
472
211
575
455
759
533
443
317
445
529
73
704
140
42
674
626
715
180
268
409
167
136
622
7
654
202
675
383
215
682
283
327
157
311
218
577
560
440
407
321
297
216
214
565
90
122
291
569
724
4
56
378
620
341
67
301
173
209
357
554
222
460
642
415
671
526
185
155
581
686
310
498
324
534
408
290
441
95
113
255
89
762
511
328
332
374
260
132
58
204
116
633
149
197
501
568
117
338
517
714
199
519
469
637
65
426
124
300
679
48
694
456
543
478
648
536
470
320
384
644
210
681
421
663
619
195
420
494
751
125
399
253
364
206
632
60
250
416
329
438
81
433
28
88
71
82
110
706
591
340
707
13
573
567
158
597
112
503
362
22
489
323
595
72
692
331
377
449
602
558
15
318
66
322
482
326
670
21
592
187
78
249
697
766
352
27
203
612
375
37
107
130
510
77
585
46
656
761
757
32
471
178
102
279
535
588
741
86
231
604
5
718
226
584
746
208
106
580
532
466
547
753
641
360
100
454
358
373
613
369
403
596
687
748
437
400
435
651
334
667
699
263
79
104
53
269
418
428
114
507
436
499
294
282
191
611
601
285
354
523
277
387
156
434
571
527
461
698
138
717
393
605
576
658
525
636
14
451
363
68
164
587
245
650
234
764
111
645
738
664
264
578
242
174
702
120
275
298
