595
696
522
61
359
544
615
506
75
503
219
453
400
245
226
550
58
302
479
502
263
508
710
452
419
208
54
85
119
214
106
410
321
49
466
41
376
689
592
455
623
702
229
445
546
627
283
454
561
163
320
100
736
156
362
672
733
659
552
422
729
584
24
489
14
318
442
290
653
515
637
514
74
463
316
405
64
723
430
83
399
174
323
206
504
168
204
137
356
98
529
202
304
150
658
401
675
352
513
642
496
378
432
104
718
509
133
129
747
65
602
276
27
649
341
157
755
457
256
666
415
428
71
676
699
87
538
469
553
164
293
249
660
603
662
40
197
459
536
381
67
99
478
764
497
402
527
626
124
712
211
748
334
688
715
205
472
142
588
492
353
670
16
517
59
451
262
336
578
406
441
587
486
759
625
295
481
76
638
151
10
7
180
598
678
392
79
646
317
607
519
601
186
725
268
108
37
692
258
173
610
654
69
348
96
721
447
292
140
568
138
303
495
230
134
92
185
682
31
195
280
520
701
596
631
12
136
267
234
437
274
127
121
746
586
176
25
187
470
113
199
227
147
621
565
559
120
690
101
343
735
501
411
512
86
499
567
15
254
651
193
728
391
288
171
560
720
471
655
661
155
221
184
385
250
278
282
17
1
681
189
745
589
581
2
311
223
144
314
537
111
531
322
387
664
576
677
668
373
42
439
461
21
103
694
326
628
371
216
305
542
388
297
574
528
490
6
135
762
740
483
84
494
307
123
344
743
102
590
714
145
30
703
448
545
355
377
115
36
89
190
523
484
713
551
285
328
141
687
237
130
573
350
434
8
210
395
118
742
139
761
505
128
645
196
417
418
482
427
28
48
412
13
81
264
635
181
716
600
577
685
91
594
380
172
23
756
674
257
667
143
444
192
179
222
255
697
20
146
349
767
613
744
170
673
200
591
640
338
365
705
541
95
177
518
242
160
329
235
236
241
68
224
47
43
731
90
754
704
240
310
46
166
57
647
346
691
539
271
650
97
299
423
209
384
357
620
265
165
368
225
572
22
253
557
159
148
633
583
476
33
178
9
207
532
149
296
533
680
473
657
298
644
753
498
270
571
706
604
424
272
56
366
599
632
686
78
656
641
652
319
50
361
175
765
289
450
394
643
564
648
363
11
45
248
543
34
480
158
547
347
630
569
300
425
752
749
386
507
629
218
154
436
286
719
35
72
570
109
217
562
700
741
82
683
580
460
554
407
526
511
93
4
131
315
370
750
70
593
726
339
345
3
616
390
462
281
0
617
730
294
663
737
766
530
116
309
758
275
606
374
367
107
312
639
182
722
39
5
63
487
80
51
335
426
284
29
251
611
585
396
491
340
488
358
77
259
44
228
243
125
516
739
558
665
540
244
215
277
521
403
198
413
332
458
500
579
112
247
52
695
614
382
619
372
393
126
449
634
88
169
597
707
474
556
618
575
32
760
636
191
114
233
246
446
379
612
183
475
435
409
732
273
212
433
467
465
510
220
438
708
416
325
188
55
313
291
53
194
369
201
203
327
231
167
364
306
342
266
609
162
534
440
671
330
308
19
354
757
622
605
