210
417
703
200
646
300
462
13
3
415
44
737
228
54
328
380
654
408
658
405
388
169
475
103
206
148
402
296
622
414
67
543
18
41
136
639
211
677
205
524
357
219
713
605
758
504
512
413
92
535
518
567
756
8
56
313
448
619
53
457
52
358
322
276
339
733
727
581
489
577
436
722
582
652
83
556
267
304
297
522
618
501
400
719
453
438
185
409
214
731
334
16
312
634
705
372
404
303
441
738
709
616
115
191
42
338
315
28
445
98
481
84
603
591
687
548
161
233
289
763
320
144
86
691
353
712
316
347
502
668
637
224
748
141
649
121
767
145
135
614
541
465
747
751
368
706
660
724
446
589
661
265
247
514
521
546
493
75
270
401
513
55
277
467
299
568
311
330
175
428
406
665
576
218
350
285
251
258
238
552
506
149
520
105
68
607
345
195
9
564
241
64
89
30
484
743
128
234
754
25
595
626
570
486
606
43
71
194
290
494
669
750
390
455
692
305
389
585
269
430
2
666
160
190
261
204
480
274
387
561
341
470
11
327
487
65
110
319
301
33
702
21
753
500
670
635
366
174
761
142
734
497
57
95
178
699
216
662
74
744
549
592
723
22
435
732
47
447
93
35
544
562
192
159
111
250
272
72
167
593
452
711
163
488
700
386
4
97
131
36
550
631
396
201
173
412
496
275
222
106
429
638
474
407
608
134
209
442
707
542
220
611
531
479
694
498
248
647
720
302
139
24
458
423
294
378
189
383
321
588
146
708
613
398
202
225
49
252
399
249
6
628
69
454
116
364
693
118
226
59
187
422
46
370
362
235
230
599
129
255
245
617
365
517
186
594
60
679
537
745
530
342
759
282
253
516
420
271
523
460
742
598
80
166
181
99
573
559
227
536
257
600
113
578
12
601
127
609
293
527
473
583
572
197
151
256
563
308
469
655
760
109
7
79
604
610
695
351
526
150
344
643
138
61
242
122
287
193
91
755
729
515
337
657
348
354
292
154
132
170
244
683
636
45
153
701
615
397
511
31
698
519
393
101
286
162
411
710
478
50
164
155
507
566
685
532
231
298
596
725
152
179
349
721
70
295
203
459
499
117
633
377
232
476
650
184
471
264
491
183
26
62
410
675
246
176
165
508
571
764
477
697
78
659
492
32
278
369
5
766
716
217
427
765
392
140
130
632
371
574
538
137
395
688
740
213
627
439
198
182
10
107
437
279
629
730
208
726
555
674
431
394
324
426
686
281
48
273
373
680
237
379
529
569
223
363
403
584
283
468
37
580
586
560
180
690
259
443
133
718
0
625
505
212
376
381
27
188
575
76
739
207
108
482
317
333
171
266
359
648
510
215
356
284
114
34
673
672
123
464
463
620
451
483
681
466
696
82
14
291
678
558
440
624
329
540
419
340
119
602
461
528
346
87
509
663
752
51
81
554
243
236
472
642
714
382
88
332
29
565
375
360
240
433
557
485
280
391
229
66
263
260
355
104
534
168
418
553
309
449
306
331
597
96
1
177
15
102
335
157
717
19
39
196
143
318
416
23
749
17
221
630
85
715
199
667
156
384
645
757
456
