207
397
434
191
11
567
625
456
525
158
202
123
177
495
391
643
22
700
695
95
645
591
39
6
613
26
107
584
499
497
764
316
220
188
484
307
292
376
69
282
361
239
2
257
87
183
709
738
697
537
355
733
696
398
33
561
272
615
564
373
265
247
120
485
556
70
679
88
402
169
523
324
550
453
57
117
93
274
74
179
339
741
201
250
253
706
536
150
334
632
187
171
598
301
532
572
574
713
271
329
21
56
298
118
651
734
639
475
97
521
419
300
296
582
554
155
127
647
365
470
49
464
444
519
374
662
240
20
600
255
149
431
458
4
514
440
642
526
717
137
566
109
411
455
595
306
205
641
712
512
618
375
735
104
409
63
61
405
747
473
448
83
124
492
692
508
758
750
399
299
445
479
184
531
626
601
382
325
648
165
702
602
115
472
198
611
218
524
742
575
490
353
54
351
762
731
369
442
423
659
481
410
691
279
254
407
53
387
592
230
344
146
714
743
483
86
219
596
44
174
538
352
139
162
396
539
760
494
280
203
9
381
654
262
270
551
163
285
541
739
729
318
548
99
763
291
694
726
315
346
71
166
161
130
330
136
320
16
113
7
195
449
173
294
656
599
67
204
437
436
393
194
304
540
685
347
199
457
360
3
392
358
276
266
237
229
357
710
549
552
670
516
430
116
222
105
616
200
751
628
342
677
609
588
482
371
590
287
34
674
756
277
14
420
319
557
476
98
686
348
503
94
31
528
333
425
175
565
281
467
106
463
563
251
377
718
378
389
513
8
327
235
502
749
638
610
748
517
209
606
542
213
631
500
101
310
422
559
55
421
68
41
85
658
400
629
427
429
417
562
134
196
633
216
284
147
461
111
624
667
154
634
305
689
336
617
267
488
388
627
406
364
12
62
170
570
181
192
189
112
102
414
77
190
682
669
52
28
65
668
759
290
258
707
331
454
82
530
308
390
386
359
354
558
159
587
186
244
597
757
157
126
568
232
211
322
594
212
103
520
681
228
767
182
535
553
197
462
451
732
684
486
50
415
366
234
489
401
438
527
368
151
724
640
29
238
723
323
715
646
379
515
30
745
350
719
51
507
36
78
13
58
233
581
655
412
478
193
384
404
45
487
24
471
256
560
622
698
491
547
246
122
578
206
176
620
0
226
727
249
469
108
426
5
260
720
313
59
345
47
666
302
614
286
716
652
312
746
744
635
459
460
383
17
612
42
761
708
722
736
511
76
141
725
585
663
152
32
15
435
498
619
505
403
450
35
225
172
241
529
343
156
687
675
678
506
752
555
215
208
64
10
623
754
178
252
605
603
261
100
167
577
314
518
665
661
644
446
711
367
145
362
660
676
705
321
185
653
132
630
119
753
38
493
737
338
84
224
19
72
418
75
380
385
452
264
40
428
160
110
303
730
48
509
18
43
273
443
90
275
672
114
328
580
465
131
1
699
227
690
693
133
248
283
496
680
335
439
263
142
245
27
441
138
363
89
23
608
79
125
704
242
370
683
326
579
657
504
408
765
81
468
231
501
37
140
546
637
236
416
688
604
621
583
673
332
269
337
91
80
703
