425
476
461
678
173
369
506
128
343
320
453
178
283
755
116
323
707
250
80
106
398
94
253
10
9
350
34
191
705
444
391
721
672
544
387
319
749
463
636
307
337
575
36
342
402
344
434
608
436
445
29
49
105
414
440
205
523
53
24
479
180
679
682
712
1
206
392
495
189
346
202
171
57
140
713
673
559
446
260
570
590
30
211
382
487
225
293
511
691
507
141
175
554
471
45
482
757
16
669
424
313
698
71
358
119
680
77
431
591
578
599
379
615
321
553
502
522
681
412
136
270
726
214
737
352
419
635
121
762
177
623
597
300
643
618
308
285
473
383
484
593
219
543
397
328
32
89
59
532
91
365
129
226
237
416
373
166
685
156
204
704
613
357
621
3
74
501
430
312
395
370
558
292
609
52
359
452
251
63
317
438
472
298
740
21
269
23
660
54
356
596
31
675
309
573
535
744
394
528
689
115
589
360
661
603
95
35
377
421
756
514
148
519
146
354
418
353
17
494
571
723
76
706
611
302
209
491
700
642
480
93
33
629
720
390
83
432
731
181
221
207
347
100
145
0
710
677
110
333
722
247
634
2
165
550
108
620
637
81
725
536
727
447
693
666
568
470
652
696
299
348
263
65
84
657
114
409
258
512
606
284
561
499
548
457
747
316
641
332
257
454
477
443
531
426
305
47
481
26
169
72
586
268
324
217
351
627
306
242
380
132
22
109
55
117
684
102
659
602
572
759
520
388
560
334
650
540
439
19
179
541
730
676
137
598
195
604
363
765
594
546
238
732
149
753
450
592
27
131
50
322
605
743
364
619
527
467
729
185
248
647
107
607
464
200
88
668
338
595
490
488
389
87
690
230
249
451
61
38
500
580
630
295
529
318
734
304
103
542
198
665
104
614
435
229
407
366
243
616
563
415
530
633
746
167
465
301
25
510
28
228
508
296
256
420
767
498
98
718
738
588
339
345
277
496
656
584
40
163
58
524
427
254
671
44
493
66
466
329
733
645
157
525
752
433
280
122
112
748
483
113
196
227
724
212
632
315
126
378
551
579
400
349
517
160
326
240
375
448
701
408
174
241
368
455
85
565
735
69
183
475
15
410
5
124
37
39
314
48
64
674
99
574
73
231
406
4
139
310
399
331
232
111
716
192
709
133
405
644
662
513
601
411
458
297
556
336
208
278
70
75
658
367
275
562
154
130
135
576
610
220
164
396
134
161
745
199
715
125
11
625
423
170
67
628
362
287
239
96
330
12
612
51
210
233
577
567
152
60
497
468
341
717
386
97
728
151
361
459
291
670
372
142
741
265
68
549
86
186
384
651
168
600
286
193
374
655
194
245
649
41
153
252
101
764
694
569
581
492
236
638
381
155
335
442
184
159
246
215
708
486
667
201
566
460
224
564
663
188
294
437
244
176
648
158
639
123
82
273
626
417
234
138
371
78
538
262
264
539
516
654
534
692
582
515
42
462
289
703
518
429
413
758
587
699
79
751
43
401
509
259
274
288
478
441
203
714
537
653
282
6
255
485
617
144
190
754
742
766
469
552
118
162
583
404
393
218
223
271
474
355
