647
312
232
277
13
443
528
257
10
427
405
378
740
199
400
106
399
59
196
407
408
486
103
79
454
403
502
593
426
117
132
150
43
525
629
663
169
266
231
420
331
0
508
162
505
470
617
158
651
725
728
478
91
514
745
685
615
735
134
379
2
351
87
241
573
442
278
598
349
208
487
343
675
8
596
521
662
203
287
273
414
468
668
390
712
761
634
182
135
762
412
571
305
95
583
263
477
188
625
727
394
179
300
40
344
607
690
448
37
481
653
53
12
237
48
350
557
759
381
201
480
678
240
73
51
56
15
718
437
556
7
302
572
493
195
242
396
212
138
256
299
613
22
507
584
484
428
489
610
620
576
328
715
531
500
422
190
111
656
121
98
660
112
446
578
669
160
551
384
533
317
510
614
672
222
249
383
340
187
461
118
229
418
438
659
126
560
686
114
648
395
247
27
550
434
361
228
96
280
269
288
80
315
226
217
185
516
164
565
741
459
512
730
739
83
499
452
518
166
46
515
375
28
374
382
719
41
309
238
356
711
595
168
137
621
652
363
594
751
472
279
691
140
156
131
488
645
265
323
332
760
386
534
25
71
245
30
128
146
756
699
154
704
579
325
753
248
366
286
298
66
746
646
90
708
421
398
291
143
602
69
92
282
674
509
703
767
314
310
44
671
723
173
109
749
498
569
409
612
544
605
142
259
439
85
253
20
677
574
61
205
346
55
86
372
200
267
577
221
689
393
16
416
116
385
304
732
765
136
388
72
754
440
666
402
601
49
736
163
457
606
566
345
540
224
539
590
145
419
543
692
640
707
4
482
230
218
159
716
631
189
368
65
504
371
255
148
700
175
687
214
334
444
177
81
642
497
373
215
14
252
74
176
655
316
492
235
476
171
329
308
19
586
432
202
192
750
649
464
743
105
676
155
441
755
744
274
275
359
695
364
113
766
447
501
54
337
357
244
377
354
752
35
522
706
490
183
463
411
6
293
271
261
679
84
506
529
283
616
100
562
321
431
757
467
339
50
209
250
167
683
392
133
542
1
661
5
110
568
198
413
78
174
641
47
391
34
628
23
680
262
21
180
67
582
639
608
186
139
338
589
29
397
220
425
453
417
710
58
38
503
353
423
720
389
667
681
733
297
99
546
24
191
254
285
688
698
170
294
236
682
64
258
347
320
94
627
526
559
268
731
479
705
272
670
537
370
449
108
184
89
104
369
246
600
97
18
630
102
456
541
702
532
270
547
483
144
415
45
599
380
352
650
611
722
355
295
763
451
491
455
327
563
474
734
289
638
619
549
406
151
747
313
120
301
76
717
632
39
693
424
216
469
519
603
657
172
575
213
604
494
567
724
475
623
721
633
466
358
404
458
206
60
233
36
673
3
654
157
580
460
149
665
729
193
585
77
552
554
101
124
9
714
70
251
125
303
738
68
545
758
548
42
536
123
553
82
129
341
63
234
326
119
538
306
57
555
284
636
597
147
319
322
127
194
592
62
737
644
433
485
197
626
342
473
527
410
637
450
31
204
130
264
324
622
748
161
495
26
697
333
75
513
281
318
362
335
365
618
227
713
