260
51
564
108
319
753
94
218
512
215
608
509
168
408
199
485
172
159
598
222
219
322
703
464
195
264
435
639
281
292
651
448
567
737
56
716
259
569
372
298
333
559
421
682
340
578
627
273
235
572
388
157
546
673
87
521
341
566
590
320
622
140
437
287
308
574
607
522
456
3
439
97
411
111
539
570
106
192
445
573
233
133
200
617
755
285
257
206
29
40
77
144
33
699
112
185
99
52
63
129
482
98
436
76
752
731
417
105
45
2
690
440
71
442
444
711
672
734
561
637
460
276
306
603
644
39
242
702
329
628
62
402
379
563
316
642
494
728
337
404
669
317
286
674
220
414
68
545
726
335
605
507
648
193
246
208
548
542
147
497
334
69
416
514
321
67
198
400
715
665
525
384
226
618
707
263
480
530
762
161
601
142
614
660
210
249
363
304
543
740
367
370
8
30
629
93
186
678
517
452
240
295
7
641
179
252
351
428
713
476
204
227
374
107
550
433
118
681
188
350
396
234
488
125
513
405
705
423
170
453
12
331
113
27
187
357
162
750
649
20
34
238
620
151
119
519
165
612
247
754
155
323
277
302
580
697
35
631
473
636
426
336
183
15
352
116
134
576
611
721
258
248
223
201
313
609
454
16
652
720
386
661
529
268
271
358
177
758
647
261
677
310
191
84
767
167
78
738
197
90
718
345
360
284
397
689
407
390
549
383
236
698
307
472
66
270
577
274
366
182
73
610
471
79
593
723
342
13
626
744
733
544
61
353
269
458
541
110
735
399
121
694
418
378
152
145
180
293
311
722
481
538
92
584
727
169
53
553
492
765
459
131
477
671
318
154
441
375
22
25
474
749
211
599
675
88
100
719
634
747
393
565
511
230
224
655
633
730
596
725
621
430
297
267
266
368
583
594
19
558
695
42
82
117
591
380
221
613
540
348
343
684
54
43
279
109
501
126
419
254
124
205
523
207
376
355
86
148
46
685
688
60
163
575
312
48
290
9
643
645
158
478
387
55
83
80
324
469
761
468
582
547
717
491
406
554
526
41
646
23
326
32
364
245
194
562
624
359
330
446
696
693
146
5
462
95
17
36
704
585
143
557
128
103
495
579
552
382
303
516
663
664
434
595
354
732
212
28
181
24
398
667
64
349
38
443
741
6
401
424
415
184
225
203
592
175
632
532
123
394
465
422
141
288
527
604
708
657
228
650
325
272
680
72
171
332
531
282
700
96
59
209
300
500
174
706
616
640
724
385
533
102
520
49
606
301
122
89
14
615
766
760
31
479
232
757
589
683
253
600
132
451
560
623
47
475
361
104
568
489
662
202
447
502
746
745
490
457
250
466
450
496
178
137
409
420
764
515
427
339
504
493
91
712
686
432
369
50
57
164
239
377
309
410
571
455
26
656
449
537
701
736
653
328
315
668
81
130
759
173
217
431
597
256
659
190
278
365
506
138
503
467
166
463
499
243
729
262
635
327
429
625
255
536
305
213
344
691
120
389
483
487
373
692
534
314
296
11
412
280
658
1
75
470
139
403
149
160
586
229
438
638
244
748
153
756
742
528
74
176
338
