61
188
119
590
287
166
239
766
331
610
342
134
629
300
402
448
288
337
656
521
305
253
272
682
708
569
198
267
475
41
473
77
697
423
230
21
736
1
552
333
28
746
608
16
320
733
197
319
347
213
102
311
414
120
486
203
438
35
709
562
65
754
389
345
731
577
37
115
97
660
719
154
30
158
167
582
681
738
178
185
647
654
727
757
244
218
463
728
206
327
265
43
42
525
411
436
488
527
571
632
173
649
123
663
361
34
468
740
111
499
396
734
140
172
751
487
263
447
474
379
193
410
68
308
643
427
171
363
417
378
2
75
47
370
248
506
250
100
692
513
211
276
519
407
164
585
199
138
415
575
360
46
454
215
88
602
235
565
548
573
550
221
339
101
155
224
163
449
196
372
418
699
39
385
285
17
296
40
137
125
406
394
441
24
3
314
592
95
186
514
556
568
362
73
399
452
686
122
76
278
508
4
304
558
537
763
336
739
332
116
603
477
626
261
648
302
586
732
352
659
724
510
388
259
494
611
623
748
168
264
464
139
578
676
440
743
742
268
714
262
483
328
11
202
459
522
282
251
594
761
329
496
189
212
228
357
240
518
583
58
354
13
353
760
516
458
756
419
671
45
670
71
375
426
437
597
520
493
430
759
635
29
92
634
355
534
456
386
191
90
66
504
219
246
216
23
690
679
233
507
149
587
162
160
400
461
152
511
598
126
26
691
471
439
607
94
639
374
266
143
615
672
107
121
192
666
428
86
85
57
343
561
106
243
465
434
245
617
112
346
591
54
538
540
222
317
33
169
741
614
500
306
515
79
98
114
606
637
726
524
195
260
687
104
237
32
82
48
124
764
711
371
297
420
201
624
147
12
701
721
432
183
416
621
589
640
570
373
665
664
451
613
338
15
303
480
36
292
161
421
702
380
293
231
142
180
324
274
113
14
209
84
503
749
131
544
489
712
135
409
481
425
181
631
412
685
652
325
275
601
737
335
150
110
729
735
364
25
50
653
424
280
64
182
200
18
718
299
599
51
236
27
683
723
442
532
270
295
307
638
315
497
467
495
20
217
696
159
619
435
405
366
549
642
176
485
650
78
99
323
258
730
401
668
644
220
446
187
457
205
669
662
365
636
229
450
512
368
286
62
91
744
466
103
151
55
72
750
109
74
716
530
316
301
595
170
87
383
482
566
377
349
381
326
223
348
588
470
207
118
609
753
38
252
752
498
227
165
695
141
281
6
509
330
673
501
492
0
153
765
257
678
584
646
717
10
604
536
44
630
241
531
129
232
249
657
175
9
19
576
422
291
226
616
523
382
755
710
747
247
70
298
546
376
277
675
528
490
392
725
580
453
700
533
655
184
715
460
289
684
179
63
707
105
433
574
256
214
69
190
313
689
517
225
618
318
234
403
408
445
529
462
600
469
80
693
156
444
390
210
96
413
395
612
627
387
145
340
505
393
53
620
661
745
321
605
560
60
83
431
641
625
559
359
628
52
397
478
651
279
238
535
667
7
706
633
294
81
722
541
674
762
539
367
133
680
8
290
93
472
557
526
658
484
479
596
491
502
358
356
132
