16
103
463
582
536
196
172
170
555
423
744
585
180
232
415
323
541
506
346
224
208
743
311
441
147
60
178
715
241
581
504
97
65
254
503
215
290
459
199
357
338
759
492
603
301
640
162
609
321
704
148
272
562
260
648
462
356
736
52
396
502
230
712
369
216
68
128
740
417
590
449
166
495
505
61
655
12
283
633
479
335
650
312
556
118
46
279
551
340
673
375
37
18
313
532
39
381
275
512
629
684
748
83
132
566
739
146
621
385
591
618
173
662
55
43
686
168
213
678
488
186
13
594
443
328
89
414
432
25
82
6
239
169
139
66
96
469
632
392
694
296
187
116
742
542
79
762
576
438
320
113
242
57
109
668
623
537
27
613
636
444
480
727
382
547
223
726
568
445
746
35
669
347
672
23
426
159
76
222
425
728
494
14
661
680
124
404
703
273
458
424
287
155
293
243
637
735
508
102
509
487
20
592
620
244
702
91
53
481
362
117
565
578
100
264
667
760
478
533
326
69
29
418
88
569
318
706
499
607
525
731
732
691
490
657
360
158
561
589
316
410
554
98
266
204
398
602
653
278
261
725
689
58
108
517
446
219
450
452
152
600
472
40
115
164
737
127
351
421
45
631
617
171
51
15
258
390
400
265
376
101
387
430
141
535
175
134
695
412
179
550
652
523
666
87
256
405
363
665
692
2
367
212
289
573
682
336
44
378
516
605
436
7
373
427
526
627
136
611
658
690
521
200
84
442
143
749
306
47
448
586
99
191
484
59
721
379
366
11
26
433
465
249
524
74
626
72
86
188
671
723
177
457
518
190
557
413
106
564
245
217
92
252
401
531
138
201
720
157
766
195
359
282
280
140
608
231
643
221
614
391
228
549
429
176
649
498
696
31
588
135
473
574
370
324
251
529
300
647
218
654
319
757
437
105
558
729
262
386
333
553
711
24
229
646
394
717
496
349
163
714
371
411
364
182
597
688
399
374
730
32
664
724
722
343
701
34
616
314
236
567
651
95
185
455
358
471
332
302
339
294
30
754
601
571
198
755
145
431
559
705
54
440
3
685
548
327
584
129
389
75
612
579
85
203
174
56
698
62
451
288
377
73
687
642
598
461
527
395
361
21
214
310
593
257
17
192
150
372
543
489
225
111
519
78
624
474
365
639
514
407
298
493
341
193
699
197
250
719
167
354
718
403
625
305
750
758
268
154
270
114
402
751
90
210
226
733
350
299
151
477
522
94
355
708
344
263
501
259
36
334
677
745
0
41
546
144
540
580
329
10
763
764
237
189
491
734
693
297
408
348
38
606
515
497
107
285
81
125
470
420
183
246
205
267
545
49
675
709
577
679
67
707
337
345
330
342
544
161
539
1
307
513
227
656
507
738
674
644
352
295
530
683
5
303
206
220
153
64
619
638
281
615
434
570
8
33
583
121
322
510
181
767
409
63
112
160
752
416
286
388
483
630
235
325
133
384
464
137
28
468
271
240
475
248
765
291
80
309
560
482
50
454
274
741
486
645
681
184
716
660
315
596
238
304
122
233
253
428
447
622
202
753
511
610
700
419
120
368
48
207
