378
609
719
441
425
497
104
143
590
285
298
193
94
765
387
334
262
615
508
152
677
687
725
39
116
131
217
631
244
100
424
411
12
593
84
605
311
443
80
466
280
563
458
157
52
462
294
57
750
35
444
486
163
603
414
295
573
500
730
405
78
132
484
524
196
309
726
647
763
684
754
220
264
706
194
179
514
120
172
307
7
448
1
538
469
102
510
274
560
181
293
33
126
223
60
418
618
614
664
727
604
6
188
751
252
571
222
341
218
142
613
562
587
413
487
235
576
22
451
616
333
537
237
153
272
276
592
211
717
322
403
261
115
481
567
419
24
442
323
65
585
76
611
176
697
511
675
16
690
345
408
304
686
202
491
69
667
566
97
449
169
392
399
68
766
396
305
398
96
233
499
390
594
34
47
56
175
260
151
383
581
300
110
450
21
659
439
72
329
692
105
635
318
737
91
622
228
259
452
665
445
433
550
525
578
284
492
570
495
625
257
133
282
231
236
109
489
358
699
238
641
296
501
229
107
253
70
679
375
700
505
141
715
619
370
118
154
547
88
740
565
136
50
114
473
440
639
437
241
245
509
98
215
601
166
710
698
83
743
488
61
146
429
407
249
59
367
3
544
749
467
164
599
637
139
119
479
210
11
673
266
478
28
129
279
317
10
81
372
178
306
694
108
642
623
379
643
638
463
541
111
531
14
214
410
327
160
758
26
580
658
184
417
99
695
558
25
519
494
389
438
326
629
49
633
457
336
713
742
716
752
572
732
343
553
312
159
37
66
205
729
656
226
353
130
289
148
680
301
174
227
705
149
212
101
761
287
654
722
75
332
225
575
147
760
23
548
113
741
483
669
308
724
767
177
764
365
155
634
663
38
361
224
704
681
646
703
170
561
339
504
377
536
651
219
248
325
661
666
138
460
58
162
2
208
250
676
87
426
477
522
391
650
275
348
199
106
29
586
447
198
682
17
30
688
315
738
63
281
352
756
124
728
415
20
359
187
207
165
520
739
269
595
288
602
251
512
36
394
297
19
310
267
112
532
291
678
189
247
5
546
145
471
204
672
693
397
316
432
584
533
362
617
707
127
610
731
314
423
331
552
404
474
368
569
648
42
388
117
493
270
324
579
0
9
55
644
702
455
712
319
385
556
759
434
18
600
735
186
86
612
503
46
168
671
221
436
632
755
636
258
137
330
376
454
158
180
521
32
150
263
103
347
551
540
350
516
734
213
465
206
762
542
255
412
328
583
346
427
649
757
607
421
470
627
459
373
48
744
506
589
683
82
355
95
446
67
608
534
422
380
201
357
128
144
401
209
286
498
268
90
41
711
337
416
234
366
53
243
79
51
526
685
338
340
515
535
640
557
313
554
232
696
591
185
753
62
480
624
523
662
597
246
134
655
461
360
290
182
364
708
709
4
645
44
472
468
135
430
657
718
745
71
630
464
723
15
393
216
74
668
747
606
406
736
93
530
283
543
321
652
89
670
342
653
382
409
13
453
77
746
691
689
200
545
574
122
363
344
54
395
239
356
528
371
420
502
40
490
256
73
8
496
733
156
123
369
320
527
125
265
