681
259
662
280
256
489
544
763
80
422
715
605
562
62
376
192
308
89
181
194
736
708
281
628
729
27
498
152
743
91
10
178
45
458
707
289
176
754
130
132
44
70
311
288
329
68
41
55
99
568
16
643
449
535
233
462
665
255
622
595
6
735
316
322
627
699
124
461
343
560
572
619
583
586
478
655
32
476
448
518
221
453
258
94
71
554
4
2
464
271
365
548
267
559
521
702
442
72
112
384
630
200
394
511
527
197
546
481
558
750
661
361
493
601
165
604
210
706
193
145
752
344
423
512
268
164
88
21
671
369
351
302
254
402
265
107
134
432
444
581
50
570
146
741
36
141
17
738
687
437
646
496
668
387
542
589
439
173
51
98
425
109
612
693
728
223
765
672
431
38
295
485
251
747
123
716
499
654
122
460
277
352
299
641
73
250
564
578
454
13
370
294
709
584
304
175
519
392
279
138
600
63
689
597
185
412
147
647
231
323
368
139
74
166
603
410
227
155
531
331
297
730
579
495
57
276
611
334
218
26
114
150
615
451
587
639
160
215
105
346
359
645
459
81
93
686
28
649
292
475
18
673
525
380
367
34
751
95
212
111
345
15
520
694
171
574
23
679
421
408
167
393
313
270
580
685
327
543
309
362
441
284
337
126
598
336
237
75
411
676
433
325
742
532
235
24
582
767
342
307
287
378
482
83
593
151
335
700
610
445
633
31
479
356
364
530
217
428
529
634
567
719
415
191
101
42
533
196
606
269
220
760
636
119
199
84
69
675
471
172
149
236
648
330
385
732
680
503
180
100
466
127
594
502
657
103
396
300
607
324
764
246
746
120
76
389
53
229
35
509
110
314
7
25
660
488
318
566
310
569
301
404
644
207
652
20
674
731
9
86
724
663
61
452
140
550
188
162
490
538
216
621
701
363
726
357
664
614
96
244
487
113
14
242
759
426
516
429
517
590
755
416
745
506
427
613
340
372
163
391
11
563
286
249
505
264
282
725
293
206
232
695
761
705
400
684
642
157
602
491
576
637
339
377
401
447
617
156
386
179
78
677
690
92
319
484
198
104
524
650
438
734
133
118
541
407
592
5
278
315
115
561
608
333
208
8
222
557
468
262
539
515
528
239
553
272
756
457
419
618
79
59
430
202
183
320
177
683
168
201
82
766
158
85
153
154
405
762
522
547
727
381
540
303
117
508
748
353
29
435
523
142
678
285
67
483
338
375
298
248
620
263
473
305
19
697
121
545
136
43
596
744
625
555
721
635
688
670
226
470
291
623
33
0
135
465
358
711
749
225
326
513
190
658
243
266
667
48
204
102
66
22
740
463
510
332
350
253
467
656
469
161
374
599
64
420
669
203
526
624
714
704
224
209
710
497
306
682
169
659
366
573
354
722
413
230
46
500
240
399
626
247
455
205
371
108
219
290
1
328
507
713
552
403
536
261
388
144
440
640
186
52
355
245
757
434
575
182
492
717
753
58
443
653
360
49
312
720
137
631
486
275
395
739
129
696
214
274
12
632
234
477
472
187
238
733
417
347
629
241
296
571
436
534
577
125
56
501
638
348
382
