591
76
319
35
219
327
543
753
157
687
632
39
401
185
371
407
669
265
233
83
320
516
443
288
92
609
444
159
597
757
507
240
300
253
522
567
366
314
442
441
518
652
250
287
584
273
50
162
210
165
665
547
576
263
711
350
534
281
342
692
535
175
334
523
675
66
404
531
763
311
8
108
490
57
373
224
246
610
151
464
5
674
25
64
303
468
348
501
183
502
368
53
120
328
181
759
387
621
655
433
471
145
1
740
228
715
488
235
294
475
648
391
33
370
188
397
571
149
148
193
661
256
180
116
682
0
617
400
627
58
383
74
697
130
524
564
338
413
556
553
439
27
16
22
589
12
345
207
204
612
736
748
163
125
749
500
577
505
63
196
583
395
641
552
529
213
176
542
755
629
741
650
367
286
714
107
545
60
332
421
686
358
631
365
234
762
312
739
146
608
512
709
409
446
372
264
308
84
716
601
158
232
313
437
587
653
182
90
487
122
733
663
236
684
353
578
498
546
744
509
428
676
392
700
472
726
330
103
492
408
539
579
260
127
668
384
504
745
717
186
582
562
195
379
478
467
119
628
411
335
671
698
282
190
431
71
96
221
581
721
47
706
203
532
346
420
398
279
3
662
134
15
68
73
44
289
517
355
97
730
495
55
752
70
574
59
693
189
723
230
702
544
4
461
100
227
37
72
479
599
43
369
129
154
276
618
764
554
251
238
254
742
318
266
636
95
672
525
732
67
278
309
69
344
101
153
11
704
52
239
290
166
465
364
540
295
691
87
414
49
607
565
427
593
211
459
508
681
644
767
436
594
729
657
13
503
696
197
323
596
496
17
766
164
737
389
649
247
592
141
93
243
658
390
225
538
705
477
699
688
36
79
24
65
114
455
331
640
222
557
258
177
499
485
731
734
201
470
622
377
231
635
138
325
670
526
616
430
296
521
104
604
179
45
191
135
202
602
249
333
156
585
445
257
637
462
255
537
329
40
438
453
259
424
566
155
99
580
481
168
754
623
727
406
758
606
337
316
689
746
514
110
680
630
536
137
356
187
615
88
484
34
301
291
94
386
29
132
513
113
242
573
241
268
405
642
489
21
237
62
26
388
77
139
229
385
710
660
23
425
171
262
694
343
336
42
212
743
619
299
142
399
38
339
82
747
359
261
497
128
86
277
416
216
569
198
321
417
588
551
482
435
209
448
480
677
724
275
457
396
178
460
474
728
678
285
378
613
362
638
651
172
718
117
121
214
452
447
324
252
432
403
326
357
271
434
624
10
54
720
701
750
140
722
541
572
205
14
297
463
152
280
707
184
560
192
419
561
341
735
150
418
519
454
493
161
586
144
169
611
725
527
555
380
375
738
570
147
473
456
220
174
267
75
483
659
645
412
6
664
226
215
98
248
105
118
206
112
528
304
19
426
393
382
7
160
351
646
46
634
423
310
550
466
450
363
293
603
614
217
376
123
548
199
422
2
394
559
28
712
533
685
20
31
598
575
491
347
476
81
494
381
9
322
410
170
563
440
751
102
270
530
315
354
349
143
61
269
620
667
458
115
85
48
703
360
136
133
361
340
451
