736
514
673
35
483
244
129
150
59
722
42
711
583
102
252
316
563
523
207
193
98
299
450
448
507
479
186
116
302
766
255
231
324
388
580
136
27
586
705
697
172
734
498
221
495
713
369
677
704
476
106
457
349
228
188
590
20
640
400
216
168
153
101
138
456
3
263
675
643
565
499
344
154
69
561
37
538
294
597
749
647
755
510
70
743
122
611
274
9
366
588
61
737
380
564
117
40
574
589
113
381
433
169
33
44
238
765
6
622
740
83
227
251
573
321
50
467
201
258
416
489
280
529
541
424
714
600
437
482
29
535
712
262
16
397
408
707
526
275
661
517
301
311
173
39
1
86
140
551
632
688
537
298
753
360
655
323
205
111
68
41
692
468
594
644
167
715
342
694
485
326
0
340
8
401
421
283
462
164
702
487
210
103
341
13
431
756
114
569
515
615
691
379
757
518
214
427
708
660
494
358
509
36
363
641
354
689
676
5
343
81
19
85
334
211
620
391
171
385
394
678
513
575
477
724
289
474
536
524
512
719
7
239
292
87
599
109
319
484
226
624
654
4
423
681
405
77
304
277
389
411
287
281
80
403
442
337
139
222
257
135
332
268
612
471
46
434
52
307
143
66
748
38
260
308
242
764
618
721
12
696
703
118
21
415
336
461
126
48
149
200
650
190
398
293
463
746
236
663
519
132
94
272
566
723
230
240
497
469
285
152
631
664
99
393
444
364
610
606
578
605
738
441
608
34
128
73
557
265
189
604
124
374
266
249
587
617
212
92
202
295
166
409
446
361
546
125
62
121
64
199
264
180
396
348
206
159
729
18
107
436
247
378
24
392
504
387
552
383
440
404
439
75
32
422
90
306
330
386
322
47
399
170
739
185
639
559
572
338
754
657
315
553
492
288
123
137
549
726
460
601
196
347
43
543
333
346
243
648
234
638
191
596
127
751
687
645
659
177
133
759
554
314
668
576
669
555
297
445
144
220
367
506
430
710
429
698
313
28
542
157
490
131
616
331
26
428
637
603
683
395
593
305
478
652
520
742
731
55
51
530
141
556
254
516
412
356
246
290
31
500
279
475
636
303
329
629
730
273
455
466
706
353
695
72
219
454
53
550
684
312
213
679
598
375
453
671
690
534
646
544
181
407
30
410
511
548
350
592
522
209
232
174
464
525
567
733
115
709
531
217
145
284
147
747
65
261
271
623
233
318
649
15
472
584
296
276
376
45
545
752
527
451
465
680
505
158
359
426
17
735
178
686
162
625
95
96
194
165
223
382
192
93
108
282
728
767
591
345
658
760
328
76
558
420
54
627
327
163
248
761
666
2
540
155
187
521
406
665
452
609
614
184
57
215
148
112
256
570
744
486
91
626
582
503
628
493
633
160
501
179
197
105
413
532
481
237
718
183
182
355
84
571
58
458
156
763
732
198
682
720
60
175
619
309
716
693
371
245
203
300
491
577
480
225
25
335
725
699
539
110
672
414
685
585
621
635
134
208
470
146
352
447
119
670
417
419
100
291
89
82
269
204
104
373
384
74
630
459
418
473
653
49
278
432
259
642
241
253
390
667
