618
641
740
483
600
419
561
66
522
539
481
112
371
404
697
721
24
273
178
362
91
63
489
349
155
639
663
516
65
45
147
606
157
117
96
166
73
140
708
153
617
275
441
554
319
432
86
234
322
366
53
138
484
51
449
410
260
334
229
608
176
517
14
474
253
562
222
152
622
381
131
545
733
570
148
758
64
714
302
133
728
558
387
345
326
203
647
521
693
392
666
309
372
575
621
756
373
727
399
352
494
135
679
165
557
428
536
448
423
506
226
261
213
746
670
257
48
654
343
538
368
701
263
13
324
749
502
159
638
540
196
204
280
653
344
293
636
248
587
276
497
346
50
739
211
692
236
744
659
271
46
476
130
359
408
646
308
374
627
16
526
443
114
202
197
563
124
418
550
89
629
482
115
183
335
478
235
559
185
54
427
190
445
585
47
615
649
436
284
466
105
655
707
498
52
525
232
454
41
431
528
406
603
111
420
36
67
17
98
87
616
486
206
267
82
37
385
254
301
61
747
755
341
652
388
520
421
767
329
120
181
754
1
407
274
328
651
215
461
126
736
296
145
475
76
688
172
414
83
34
108
20
505
508
569
233
712
94
664
27
69
609
281
402
11
541
766
593
339
564
125
179
611
752
175
364
156
412
656
88
442
435
433
458
477
751
119
390
129
294
589
503
250
493
225
535
628
350
122
123
238
594
555
667
743
604
625
694
18
210
668
323
258
272
631
396
725
509
361
732
218
38
730
391
676
613
160
411
3
33
338
315
367
110
734
217
100
168
491
588
580
710
333
573
729
325
332
413
671
579
596
231
450
718
282
500
321
552
182
351
690
227
331
193
5
699
92
363
397
2
141
312
644
574
311
748
188
97
307
369
705
658
28
313
287
43
660
107
737
177
208
289
648
8
173
95
416
451
330
164
607
79
286
519
384
759
633
10
365
542
586
174
568
444
292
209
77
30
58
285
495
514
243
583
101
357
468
90
44
547
470
531
189
661
75
84
310
221
713
765
337
320
400
205
266
128
199
348
72
132
578
109
681
383
675
455
501
239
144
453
137
200
612
632
711
511
650
437
377
496
571
471
186
55
353
252
216
382
745
303
685
327
262
163
393
380
722
490
762
60
576
212
452
376
81
342
485
116
504
405
726
515
440
240
566
673
169
686
113
619
674
682
610
614
180
680
634
370
720
121
696
529
456
624
532
662
242
487
355
220
592
695
687
102
245
464
149
9
318
753
259
246
700
85
23
677
70
255
599
340
230
191
80
565
78
601
104
170
278
290
386
317
527
288
735
757
642
763
198
241
62
171
623
304
724
265
358
7
389
704
691
473
438
472
224
499
395
219
256
162
223
760
360
741
306
715
605
4
42
106
279
291
689
465
295
425
549
703
553
513
523
356
672
446
469
136
702
150
68
716
277
750
426
247
71
299
244
249
283
439
582
336
467
590
719
142
544
354
32
518
0
462
543
678
534
316
269
56
480
35
637
194
537
630
698
723
103
214
15
683
577
548
551
187
417
403
57
591
297
560
533
12
192
709
459
706
49
524
429
6
665
602
39
347
460
237
31
488
40
742
595
