5088
4052
6048
124
3427
4154
3180
1335
2804
8526
1434
9670
8185
7980
3212
5265
9588
1144
7815
4861
5
6075
3908
8479
7713
6034
8617
8618
7269
11014
3144
6026
531
6637
6079
9654
2941
1870
7162
684
5634
254
5130
774
6021
9265
10330
7270
6483
8152
7167
6664
5862
7782
8193
731
2896
8076
3184
416
8387
6680
6402
8399
3670
821
3859
9951
1651
10250
453
6684
10390
647
3326
1393
9713
2162
834
5098
612
2385
5314
10210
6297
11756
9558
7532
1257
9863
10404
7606
1160
8057
10683
5914
10394
8862
9238
9379
600
11700
247
7662
10131
3807
3187
9697
2981
7768
8394
7559
7616
5387
5021
10003
4295
4812
9439
1562
4118
2794
82
581
10232
5969
7819
2683
3423
7715
10924
6258
5365
11100
11204
852
363
10671
3801
6679
3266
3849
2287
4217
1119
946
704
6962
11234
5759
2570
3577
8837
5938
2496
6822
10760
2738
6964
3587
1238
6272
2559
218
8362
7577
5701
3394
228
6346
3520
9211
6743
8011
11612
8833
7891
9256
3173
11667
692
8917
5251
1608
7274
5616
9287
9751
1386
9660
131
9087
4073
8451
1455
7609
4608
5989
8159
3641
2753
10129
4664
10161
11305
6398
1066
7858
11649
7879
5896
11224
8212
2185
8876
6763
6035
6998
11108
1559
11922
2726
10007
11010
9353
5658
2241
4133
9883
255
6390
10026
6200
11510
10980
5868
3304
824
10767
9505
7534
496
5945
7227
3126
5731
8580
8178
1194
2868
1097
8270
9330
7594
9178
5435
2249
11254
7397
5944
4329
1159
3160
8287
5832
525
11320
5363
3076
8049
2924
3015
7386
7909
478
10712
2463
4006
644
7957
802
6629
4917
7075
4991
11398
11413
8035
7595
1481
209
10307
10229
10013
2937
7802
11371
10814
5904
5964
9549
7155
10317
9320
11462
9224
938
6989
5066
7322
5787
5646
11195
932
7034
5542
3254
2138
4147
3450
5056
4080
8754
11384
5568
10472
984
2731
4148
2248
1795
10442
7293
10572
4227
7509
4234
3704
4630
2537
3905
9445
7994
10219
4056
3552
2825
781
11642
3862
9782
5282
5698
2458
9912
10931
2901
1665
11636
3012
11354
10871
655
7381
10586
3352
9516
2964
7020
10605
5791
7383
8994
6504
7877
3215
10595
6648
8509
4716
534
8866
6162
226
9927
7371
1554
9339
2693
7103
2237
3673
6044
3959
1849
2764
2036
7214
5223
10640
1657
10181
1927
4836
7006
7717
5269
3115
10762
8666
7041
9564
5601
6156
2134
9173
2625
3463
3578
5024
9885
1551
6500
1484
7049
1890
6603
11038
1259
4915
596
5852
9624
9753
7929
6783
10273
927
11380
1509
2840
3257
3692
11877
3312
1366
3241
10125
844
10639
7871
4792
6415
10456
10431
11265
8946
348
6263
686
2318
957
3936
9004
8980
11653
8753
11518
5333
6936
7978
7001
1897
9197
1365
11481
6353
9446
4226
10169
9806
3249
4939
5392
10811
3747
84
8816
10636
4067
244
6164
1330
4598
11109
1106
4538
5923
7645
8699
4082
4807
6848
899
7809
694
2268
11095
8443
1363
9897
6100
11766
11493
3086
11025
3349
10359
7689
7056
7063
11034
4880
11360
2105
7467
5195
8006
1901
2595
11262
21
3439
0
9292
4002
2059
370
8415
952
7332
3065
5368
9057
2432
7726
215
4450
2676
8785
6832
4534
5545
7513
2449
896
5065
11202
1727
1813
1929
5089
8313
5729
4645
8947
9399
4866
6404
10278
2148
7247
3420
6513
7216
4479
6764
9041
26
4398
5060
8868
2531
4332
9163
3753
4286
97
41
558
5080
5769
9970
464
9799
6006
10104
2513
8142
10859
5704
8941
10966
1347
8840
9613
1483
7089
4201
3486
1153
2388
8167
6163
3996
3897
7795
11789
4349
11052
11682
8121
910
111
4412
9260
2710
8102
3438
728
64
8439
1224
9365
8741
6474
11201
8018
10927
8107
3579
4616
9110
7597
8855
10550
5145
2800
11875
5211
9337
7799
4548
3255
5227
5250
6206
2414
1272
385
2099
4929
6695
8058
5457
706
2061
3426
1613
8080
993
11819
10493
1769
5758
4271
5103
4586
10857
11508
9252
8175
9200
1067
2130
7100
9826
7146
11063
11455
282
919
10869
8503
7610
2972
5155
8328
8409
3991
5738
11326
11252
6512
7135
8730
4768
2247
1293
7649
8703
4543
2135
10698
11509
5742
2217
5804
8723
9968
3975
5692
4117
559
11266
337
4508
11890
2635
10346
8528
923
135
9618
6835
5385
8655
5527
524
10907
4321
9579
2419
5117
2168
5552
5209
3063
4310
10252
1612
10620
5534
377
11050
6262
2698
5783
3980
9737
8899
10206
7711
5245
10203
5345
4186
7674
1560
4717
7502
5595
6546
9765
2678
249
6585
3628
5275
5204
8294
7389
3449
8015
9664
10779
9385
890
7987
10099
6112
7002
8234
7489
8444
4251
5890
8572
4180
1193
6874
8422
6495
7280
7486
5161
9646
7527
940
7123
1061
8303
8427
9741
11900
2060
3508
5860
2100
5593
5915
2362
1445
8063
2302
8170
3800
4165
2065
10501
7712
6669
8243
1655
9409
4685
8958
11229
10344
132
9680
6715
6945
3318
6453
6671
5391
3888
6120
10685
10942
2681
8153
2609
6565
1830
10445
11295
9070
2684
6367
469
5403
11744
4539
2772
900
7761
8205
11299
8354
1644
10356
1898
4237
7947
8537
4100
8511
9414
11515
9677
6623
8864
5068
3787
2307
7311
7583
9104
2792
743
5341
5659
4672
7607
713
11820
773
9039
8207
5254
8098
499
8279
8755
2212
8277
3812
6280
3872
10149
5900
4698
10953
10659
1448
5496
3408
5389
364
201
8262
4498
2875
3040
8533
7491
3876
8652
7057
4123
10279
9335
5841
7487
7066
8390
740
5455
9216
7330
8910
3615
1216
1026
8561
10710
1440
8087
2231
11771
7617
7938
7086
5493
8805
9958
8342
3201
2994
6172
4395
9288
796
7954
7681
5941
10247
1758
2915
945
6759
10841
9051
10975
11101
8039
9849
9742
11186
1839
10429
3854
9030
4756
1511
1859
11882
9080
8506
4867
1414
4176
9586
6450
3262
7033
1274
10768
4459
8052
3193
9105
2704
6681
750
6890
10316
9889
3425
11468
4018
4196
9273
11026
1247
6278
10593
3487
467
8473
7837
10315
11722
6855
3345
4620
4647
7363
3261
5398
5826
3830
7899
10908
618
1446
931
8307
10891
7981
7304
11090
733
5305
6847
5856
11049
81
9764
7343
5293
7965
593
1091
8311
5248
9779
11540
721
7725
3644
11087
2186
11836
2147
5788
7409
11057
7113
2892
5670
3783
10732
5566
7301
8702
5725
1722
6646
3406
4582
9338
10300
5008
11019
8988
3965
9689
1668
3509
5986
1042
8192
4771
5490
11449
8885
9675
7402
8247
9159
11728
8783
5834
7579
9766
6145
6689
10526
6615
9538
11759
10320
6674
4061
849
2935
1880
3912
1855
1017
2900
9969
9973
8316
2765
7195
9816
3935
3033
7059
10071
11729
6056
8560
6519
3085
3358
7009
11546
6225
6080
1967
8338
5878
3663
7144
7379
7723
10651
11522
11800
5606
4476
8803
5395
904
10777
11531
6643
5994
9091
717
6611
5163
3103
7764
11920
311
11159
8425
9406
11103
3376
1246
5375
5702
1698
2767
2550
9342
156
11074
11921
430
2308
2603
673
2568
8050
7976
3074
2601
11418
626
10773
509
6829
8716
80
9305
8403
8383
3114
14
11827
718
7825
9662
9858
3664
9854
8161
8875
9772
10528
2740
3484
9996
4732
6853
3243
9916
125
9150
1886
576
6085
5414
863
11520
5023
3622
11604
2592
2644
5018
4906
3382
11897
6444
3163
997
5279
5158
8962
2173
10298
1874
6602
7999
10340
862
7552
444
10898
8369
8985
178
9470
4492
10485
8329
4944
9372
9590
8969
2761
747
5891
11256
7588
2600
2482
1447
11158
2131
3186
8324
11497
1572
6118
583
5090
3737
3051
1534
9135
11345
2145
8431
9131
2263
8673
9072
7336
10306
5522
1892
1569
1750
8465
9397
8650
1959
4374
1790
7097
7329
5996
10963
10107
11180
1853
2793
11630
9285
4109
10034
7081
3963
8700
10290
356
6612
9943
10077
1328
10722
1732
29
1978
9461
1773
3814
8955
1062
8517
5874
2305
42
2832
388
10588
7904
5444
2034
3574
2199
5558
1172
6019
8252
1087
902
3403
5825
9193
5412
4301
11606
10381
1419
7010
5208
5979
4287
1130
1807
7217
2831
11703
3133
9937
7477
5445
5846
6460
325
6354
3603
6260
7990
3596
11702
1010
5318
4420
4193
6748
2807
2745
11245
1057
2909
414
9876
10040
9920
4252
9947
11246
6144
11098
10503
5962
3401
7106
10160
462
709
1980
795
10275
10957
10884
10917
9060
6678
4558
722
43
8909
6436
9922
10460
7289
2775
299
1989
1793
5679
99
6943
4833
9253
7841
3901
4930
4331
5238
5078
11138
3953
4669
5867
7320
10828
1428
2722
6291
10056
9869
6647
5191
2202
1745
898
11657
738
6374
11595
3216
9777
2725
813
9687
8982
372
8595
11662
4194
7922
11763
9725
2296
627
11715
10378
659
7360
5009
3896
2357
4715
11004
6101
5866
9321
3611
10457
3576
7119
7948
4407
2711
6830
6368
8177
1413
2798
10291
5926
2632
7562
10747
11450
6418
8030
8235
11453
3572
10633
6553
8521
5028
6751
10569
2425
3845
3511
4447
10109
9683
5014
1380
1583
5271
2968
8610
6478
10662
7474
6595
3946
6596
913
1688
11058
11364
2783
3284
7621
9554
10349
9678
8951
217
7205
11558
9975
9906
5889
11402
5258
4449
198
10800
10977
2049
6204
160
9420
1332
3570
9257
8601
3875
5586
7975
153
3539
6177
9721
6007
3646
7126
2360
9411
4837
6157
10529
9763
3871
1602
1592
1812
1234
5774
5346
83
3523
11113
7190
4168
10885
25
8603
6411
93
9074
8622
1815
4436
10043
9201
10706
8391
2053
7673
1263
2615
4530
10864
7775
2980
6961
5478
7586
5784
7325
7196
5077
1941
9623
6752
1065
2218
9191
1909
7292
10545
4790
10623
4088
3075
10989
9169
7565
4031
9694
1873
1080
11236
5234
9527
4238
7932
9469
4590
2638
10734
4378
2220
11661
2062
2486
1928
10324
3182
1133
9794
7436
2365
493
3733
8886
979
5678
2714
7695
3648
5393
8928
3674
7960
3813
5895
4178
11153
151
9071
1096
9536
8824
6956
1064
8075
2228
527
1527
3118
10004
5469
2029
7069
4516
3863
10010
7013
5713
11650
11188
5312
8965
8286
9132
407
5357
3638
10375
5908
577
8083
9195
7972
827
9877
10789
11467
10592
1397
5648
7222
6362
7699
2420
7776
1408
8013
4483
8447
6217
2569
2439
7233
3333
1568
4228
2508
5156
4976
2839
4614
1114
7279
3459
366
11788
5592
11906
8846
815
6165
5039
4116
1558
5319
89
3932
9494
6038
9389
3275
7441
4970
3448
10848
2321
2090
6538
4783
1465
2389
5554
326
7654
2078
11501
1761
2705
179
3097
376
7906
1800
5644
8246
3907
3050
7358
1489
9593
3465
238
6797
8546
4875
7398
1523
9691
5793
6276
10214
10820
10834
11141
10021
4788
2448
8780
1164
445
30
7983
4568
10080
94
7191
9519
7628
5104
10508
4014
3726
5694
1051
11184
3410
903
3162
7886
5113
9485
7653
95
1314
805
324
316
696
4013
11382
7428
4146
9344
4644
7666
3407
7348
11111
5338
7035
1075
9283
8217
3281
5222
5506
6971
3793
3661
221
2489
8421
9788
8913
778
4769
8084
5551
9990
7767
3954
1409
9410
7638
7
1987
2342
3049
1671
7282
6909
3038
4258
2978
1611
191
2317
4607
744
3999
4587
726
11786
10117
6520
11577
1390
3702
9268
11165
3877
9731
1917
8108
4646
5875
6358
9625
9388
9103
272
4115
1125
5676
9716
9537
2940
7756
7587
7669
3436
383
6409
4083
4300
1937
2988
5007
7365
271
4676
9632
6335
2509
9798
7642
8576
10105
895
6111
701
2009
10872
8137
9377
3176
7670
4354
939
9567
7558
6604
2447
542
4481
2614
5471
4464
9241
8792
5746
5768
6408
4022
5012
4382
10675
10204
8370
4896
2340
9286
6400
8119
9892
1315
4720
1141
11654
7737
8679
3838
9866
9213
4280
3466
10644
2111
11112
6136
570
11023
11164
9016
7490
891
4981
2393
6851
4021
4159
2301
2732
9809
7076
98
10294
11447
2582
4375
3250
668
6530
7243
10991
119
3714
1320
11880
2841
7418
1536
1962
11727
5335
8534
5946
3707
11307
5121
9301
3597
6076
5993
11042
806
991
9667
3430
4758
10618
11370
9881
2697
7296
1429
8364
888
4670
3928
9064
4081
3398
6337
11608
11758
11571
1385
8690
8571
3556
1740
329
5178
1713
7337
7137
11428
3405
289
11869
5748
8263
10145
10559
6429
3724
3222
11812
2455
3519
6581
3765
868
7611
1819
2254
10836
3709
9795
8513
1679
6318
7129
5561
10541
11072
719
11387
1253
5436
11140
5835
1450
4808
4211
8127
829
3273
10186
2316
1881
9638
8150
518
10846
735
7445
4839
441
7303
9547
2730
7481
10323
9166
6378
3698
1604
7375
3889
10757
3355
4243
2071
4889
4348
9488
2152
2366
3766
6084
9127
10338
5064
11118
6295
922
3248
3760
8271
5753
8280
1877
7482
11244
9773
4421
5872
10947
1473
7902
2946
7425
11678
6861
2927
11665
7169
1857
4868
11490
6421
606
5982
4849
6593
754
7417
5350
2391
9601
8053
7008
642
374
4506
8820
10293
7108
11834
907
7937
1319
4832
11351
3823
6493
3635
130
9518
3454
3471
11444
11373
1981
2313
6996
3962
622
4828
7347
5518
2121
1895
9493
9085
2847
10915
9311
4570
10028
1287
1442
1487
358
8408
188
2856
3913
10481
11555
4739
5315
9902
1582
11264
1833
11228
1766
4923
9077
6004
3614
6311
7407
11672
9698
2942
8200
2209
9600
9622
9230
1275
5536
1652
8452
2746
7158
223
9770
6040
9020
10791
11609
19
6108
9323
9945
8336
11506
9771
4943
2272
11569
6849
2027
3334
9559
10889
675
4069
9732
6442
69
33
3850
4347
9458
9498
10997
5984
361
846
5649
5373
6060
3101
4489
6939
6981
5262
2810
2140
5828
10666
6169
9626
10740
8693
8220
1960
11250
8801
1162
2599
4941
6644
200
9738
11327
2088
4352
8151
10174
2426
7557
5430
8942
5526
6231
851
2115
7568
11495
6769
3150
9939
8014
10538
3143
11408
267
10652
4259
6199
11473
113
9240
7327
350
5228
11237
4460
10987
3583
2958
6102
2191
8283
73
11329
615
11778
3891
3738
11855
7921
8310
2565
3485
4968
5576
4700
6271
6658
11772
4440
9291
6957
3740
7107
5734
7518
4860
11285
3631
11277
6885
7631
10514
8520
5003
5958
8238
1799
10627
11143
9500
9242
6316
4164
6860
4814
5684
856
5340
5331
10660
2372
10017
9267
2855
7682
3643
1908
3102
6782
8929
6677
11808
8440
6130
8981
5893
8027
8007
2554
1054
9823
3732
4619
11
4267
212
6209
11768
2741
4391
4074
4780
4426
9425
5362
7362
2548
6479
6255
7299
10068
703
1215
10213
10699
3415
811
11849
5451
5909
6610
7576
7928
7639
10823
4444
6062
35
9152
4039
8245
11503
8586
6050
3909
2955
11838
9236
2375
6597
2459
7264
6634
3110
3058
1653
340
6298
5762
3931
7733
8304
11790
8770
1588
4446
10350
9528
3651
4805
4815
4799
8547
2734
9803
7794
5641
11030
5660
9862
2737
9992
4192
3472
5074
3612
10540
3205
8604
2857
8201
688
1763
1953
3804
11511
186
7373
7149
3025
6862
3848
2146
5582
158
7881
5949
4911
1585
37
6534
9570
253
10138
6366
2549
7601
11291
1656
2171
7380
8250
3904
6252
6030
3468
10730
2497
5050
11022
8321
8594
9552
724
9762
10591
10654
3483
6831
8889
2829
3662
460
4173
9075
7917
182
9115
1444
11317
5164
5106
1965
389
4734
7700
9489
6230
1025
800
11069
4942
4408
8924
8398
286
4062
5609
872
5153
6750
9495
9145
7762
4544
9307
1729
3375
196
7341
10770
1924
498
1948
6273
1415
11720
11533
514
5972
9840
6498
6197
3402
10144
9855
4731
6716
6933
11841
9315
5237
9888
8291
4781
5869
8996
7789
8492
4037
10701
7388
11379
7263
8240
8915
2201
4120
5886
3434
9124
10597
2766
7574
9923
1801
4384
472
6737
8221
5425
5520
7769
3478
1555
11785
1306
4559
5541
6414
4730
10416
4390
1424
6097
508
11651
11416
3815
9734
4937
8860
3655
4857
397
10173
532
8766
1189
7964
1406
857
3368
9148
7861
7220
10403
4134
8961
1973
6071
8043
10689
11698
8040
4873
10576
2246
2694
8948
2038
9960
6426
3882
2998
8839
11690
8157
6780
10899
9084
9517
11465
248
8025
4635
2382
5750
5932
2415
3516
11338
2092
9496
5560
2274
2849
10511
1098
5433
2235
11099
11634
11810
9941
4965
1375
2132
5715
6406
3046
5252
9673
11562
6592
220
4830
11151
8475
5136
5632
11570
2580
562
10983
122
550
3321
8733
10196
825
10843
7171
11599
6959
512
4706
3084
2428
11259
6073
9111
7691
4068
4674
6840
10085
588
2330
7859
4233
7087
5599
2659
8577
7339
9796
1044
5546
10355
8581
3675
3130
7156
10212
3386
8476
6566
1372
108
10352
2808
1636
3157
2556
8284
1728
9743
9727
3240
831
5100
10881
11457
3637
1811
10877
8972
4701
10776
11275
2292
4893
5440
5960
7218
2055
11628
4344
3419
689
11226
4054
11835
2971
3428
4762
36
9243
1379
1073
8386
4315
8570
1852
643
5290
5565
384
2519
8762
2251
455
4643
10083
292
7239
4103
10304
5687
1149
1907
1152
505
7128
8849
11517
7284
1926
4660
3919
9204
6738
11803
9921
301
8678
1627
616
3857
11587
5509
4093
10032
10153
10677
1878
543
5486
8939
3682
2072
7846
3211
2883
8437
52
11735
1307
1170
7554
5322
11619
4266
4751
8249
8412
1905
2182
9669
3992
7493
4795
965
9545
5608
2481
5079
3256
11419
4784
4202
5448
8719
6087
3148
5049
1171
1333
3274
9573
2524
1816
545
2075
1471
10798
7652
6938
10115
11502
9633
3016
8132
10415
368
9842
10308
988
4205
8487
4494
425
40
8267
8926
4470
2353
10263
2665
2025
4441
11310
11919
6122
10430
8585
5790
10332
3390
5045
3605
7658
1662
7707
9501
9456
2468
3728
4634
4015
552
8989
10401
10148
8907
1175
9976
10488
8606
2777
2914
6179
3764
1032
4745
10120
10950
3826
5342
1865
4495
4533
4853
3300
273
5277
9251
3381
2576
1798
6105
7045
6790
9025
9229
9391
8936
8978
5381
6804
10255
4152
8134
1416
327
10613
9944
2996
10552
10274
9408
2271
4588
11168
8077
10101
5693
11081
446
1218
3557
8186
9985
6473
1540
1553
8449
10435
2578
8188
74
10839
3627
9583
7061
2356
412
2381
4439
3416
7004
341
2347
7561
9919
2583
2803
2124
9983
11874
10168
9293
2006
4801
6696
1369
1691
465
5743
5499
9843
2056
1571
2405
5727
7295
3117
6452
9381
216
11394
5719
11774
9710
4076
3435
1932
1618
6266
6815
6286
783
11116
7028
2084
10047
3354
4638
11647
1817
7105
10790
4212
6626
403
7697
11484
517
4504
11876
5072
2397
11576
3363
8843
9340
4343
663
5274
2535
9138
4475
8203
8532
6730
7176
9802
4953
6307
4090
1280
11401
1983
365
5044
3072
7022
9181
4132
5266
3770
2539
8498
1493
1814
3327
4947
2835
2452
970
6151
10015
9789
11381
6872
4770
3221
2423
925
1539
147
9033
7784
334
8968
501
1977
7979
1614
5911
8836
2572
2865
5696
11035
6539
494
4386
10951
6208
874
557
10544
10845
10582
3141
10911
9206
2221
4105
8775
9092
1829
5086
2649
5442
1214
1920
1796
11037
8314
9665
2823
4096
3151
7566
3773
6767
7992
10223
3540
11791
3886
3749
2052
10738
3656
4954
2358
9144
9327
10934
3204
10518
2504
5259
65
6665
1925
7602
5887
10020
636
10643
2461
9404
3070
9155
1601
6381
443
9482
1370
6561
9836
8149
3370
11395
3944
10682
1576
1535
9296
8190
8671
10827
5733
6127
6923
11043
880
4256
2050
5907
1784
1139
8897
2974
5004
5097
10369
7072
4277
7708
7847
8818
6057
3136
6903
5751
6891
2280
11431
7000
8292
11290
6356
10850
9117
10928
2374
6773
10933
4668
3404
10530
1377
10563
7350
2780
6786
1244
4314
8138
11272
4108
8446
10973
563
650
4135
2181
6020
4257
11040
892
1339
2377
7779
8776
1490
3007
7942
11635
11328
7842
1621
5476
5796
3532
10926
5141
1827
5757
6515
1680
10132
7804
1510
11281
3515
1019
7394
8838
8042
5505
8734
2949
6171
5170
5927
3477
2174
3971
6807
8564
6296
339
6650
10424
6692
4532
8990
456
3735
2331
9515
3981
1166
5041
8715
1957
9560
4541
3531
2011
3445
5549
6710
11313
4335
229
9202
11309
2687
7545
10904
11862
276
8041
3347
7614
10136
3374
10676
4870
11134
4112
3142
7392
1606
3422
9991
7738
436
1726
6551
6842
1433
7991
6882
4997
8374
4129
1230
5498
8659
3567
11625
5481
6661
5172
5910
4763
6733
5355
1145
7324
9839
6509
6668
3088
7083
1951
6350
8226
4964
666
5770
5691
4852
6536
7415
8430
4303
4053
536
481
489
9134
9829
9454
9017
6506
9506
10517
6883
10709
143
4550
9097
11532
5035
1439
451
2262
2215
3380
974
1142
1261
7192
5038
11883
3027
2196
4580
11842
6896
5438
1383
4513
1367
6232
8829
8156
2763
6218
1321
4689
3170
11438
3600
2656
8414
10669
11927
4038
5247
9390
817
7193
9151
3504
5674
7640
6535
8858
2930
6053
5881
10067
566
3494
265
5167
1778
1787
3493
11001
8987
11348
6892
789
7183
6077
9617
9114
5588
1468
8854
10199
11626
9711
6267
6382
2019
50
9659
2026
9415
10680
7011
8587
2877
10546
9925
3530
6556
308
7702
11235
3805
355
5233
2464
6015
6567
8103
1719
8241
3219
9459
2037
568
5824
1802
11561
3767
9405
10718
2770
4184
1297
1107
5618
3534
335
3090
3585
5083
1991
11585
5596
5383
6247
7665
2555
8405
1549
8573
6660
7805
10379
10441
2083
10284
1169
6621
10374
11679
5975
5386
8301
1251
8281
9805
639
4480
144
9543
2895
942
173
8945
10978
9153
2626
9540
11337
487
7680
11106
117
338
7134
10894
564
5001
1245
4916
2282
8510
6270
6441
3474
10432
4372
2969
11641
1470
4846
3341
7361
5799
9562
8097
9442
107
10002
9656
1033
9879
7718
5154
10372
4149
1835
4726
657
11230
6600
11091
3502
5913
4777
2682
3561
2380
120
10713
1861
10172
7277
3925
11884
11505
9539
10012
11242
10941
6106
5665
787
4567
10937
4263
1045
11470
6320
4569
6482
6045
8154
5615
6339
3338
1660
2532
7051
2467
2289
7774
1789
9535
7793
6881
714
7175
10761
9380
9435
629
3745
10011
11383
3589
5062
5624
8725
8377
10499
7721
6184
9557
18
10411
9019
7421
10023
7036
6403
7065
11139
6948
9857
4366
1078
2153
10527
3414
3153
10861
8976
274
8566
5134
2739
5688
241
2154
6155
4417
878
5519
185
3660
3069
7541
3517
1910
10205
8774
8697
2689
4336
11872
6608
7827
10988
1600
1079
6856
848
7856
4284
8898
10829
5864
6532
7524
9024
4553
11024
8938
4323
3943
5635
5663
9706
2602
2677
1936
7473
1300
3270
7608
3455
8539
790
9875
1744
11737
5291
9432
7915
3513
6250
7404
6907
10384
4162
954
9781
10962
6656
8505
9541
3833
4876
6719
9118
2723
10817
10001
1622
6864
5492
7470
651
10637
10932
4240
10835
11282
3594
5294
5241
9369
2837
11392
4388
5175
10343
5850
8464
793
1669
128
2547
8268
2727
8549
9451
1834
10922
11718
5203
11460
5185
9472
7241
1845
7151
11335
497
4175
4451
7060
5487
7479
9685
3685
2466
6609
4422
3412
780
4957
8230
11578
8748
6191
9684
4924
8743
4223
2627
2813
7500
9606
11257
10222
8133
9450
1723
11269
8373
8115
10025
2067
680
2921
10337
3668
1360
8502
1223
10901
6182
8096
649
9034
6785
7132
7823
749
11170
1952
10249
10787
9350
5030
10959
1888
3799
8600
9182
10130
2207
8685
8129
10935
4144
8251
11231
137
4381
7064
10584
5880
7984
6527
6485
10763
6456
6657
11243
5482
11189
7236
11918
6036
5879
7754
3755
11347
640
906
9522
180
9874
11147
8727
10690
10769
5789
7434
4551
2918
11127
10439
6799
3608
2546
4496
9112
3869
2341
7154
11712
11499
511
9133
6598
8765
11315
6518
4948
5415
677
6396
9961
1229
9847
10245
8036
7077
5833
1310
8894
4383
7265
2193
105
7359
7698
6432
1735
10665
9598
9834
2097
2244
2920
6490
3553
9378
11740
4575
5683
5578
9755
5182
5711
11241
6880
1507
7873
2326
5324
6814
5232
10539
5215
386
10647
10190
10878
2736
2939
1984
4759
5617
2873
7690
8345
5540
2870
5431
11871
1935
7540
7840
3291
4907
3457
5432
5243
6742
4528
8966
2890
11713
8478
3983
4330
4678
9122
7182
5410
11523
6806
7437
11646
1742
6173
9467
7736
2563
345
2337
2473
9189
1673
9733
279
6088
8376
2498
4454
5418
3705
4921
4878
529
5162
6147
2630
3100
4278
7507
4075
3998
8378
9082
786
8923
3305
4376
11777
10066
1844
1364
5564
4443
2239
10231
6330
10736
3399
3542
9270
3616
860
6795
1949
3846
8202
3718
6059
2836
1785
11486
415
8173
5581
5201
10024
847
7936
1277
1371
11618
3344
8653
10474
4540
10759
757
5553
1972
1641
8879
928
5091
7758
10587
9908
8645
11567
6027
7163
7067
9504
7729
10241
11658
11080
10555
2899
7941
9810
809
5633
11356
2552
7511
1942
7803
10005
1184
2699
5292
1703
7773
9384
11267
7189
8579
10049
11847
5589
3245
2035
8305
5480
6531
6775
6599
7735
11085
4722
5058
10862
11191
4985
10363
11911
10785
11677
6309
4574
2390
2715
5963
2352
2457
5263
1120
8008
6560
10896
3202
2277
6558
9933
8126
4766
4198
7896
9521
7032
9298
11620
3109
5337
6974
1940
1086
1580
1913
11155
949
4486
8069
9158
5404
3522
1630
8535
739
2433
8999
142
3926
1378
2585
4043
1137
10045
5933
3977
841
8531
854
5093
4411
1053
6220
4653
5897
1110
9926
6370
5186
1438
2522
2276
2851
7709
2399
6616
7600
6590
10619
11746
4999
2230
3667
2622
9396
11122
5802
8512
11498
4563
11898
9462
3789
9841
2515
8104
10895
4560
6257
10227
3119
11923
2633
4934
5095
8471
9357
843
1299
4389
7181
6986
5809
599
10276
2024
6528
8346
9813
1312
10672
6240
6336
799
11624
10092
3094
8795
1525
5647
5400
1361
8689
8644
8550
11914
6499
2671
9005
7288
10573
5673
11928
202
4847
7268
5502
3140
7494
8582
10112
8541
8460
6167
2176
1919
3836
5076
9901
11670
5149
11169
6966
194
10954
1564
7285
7334
8381
8568
2444
6649
4971
76
11539
3606
7120
966
4565
234
8970
11894
4338
7278
5284
9090
10551
3818
3351
4078
6580
3696
504
9418
5460
6434
8791
11607
8664
5084
10887
9473
4794
6823
10596
11580
2904
8056
1922
4697
3037
1896
10455
10858
5990
3559
6290
11865
8485
6988
7966
3479
7855
7812
9162
9367
4359
3372
7539
8804
3586
7098
7029
2922
7152
8687
6428
7956
11824
2805
9913
7596
4276
10150
4070
10923
1931
2335
1136
8065
11536
4294
7451
8358
7522
9003
7037
8525
6954
10264
1462
7078
2597
619
3231
3717
4358
883
756
1792
3429
3365
10775
5053
4413
133
7826
9621
9480
11863
7242
3633
10271
9250
10367
1934
242
8353
11464
1004
711
5741
5229
11039
11901
11448
9175
10235
9383
1083
8079
4333
10280
5642
9503
10993
9261
2349
752
7444
10714
11152
4879
5159
5067
5280
4609
670
1770
8919
4624
11162
11813
4457
9029
6517
2018
1071
11676
219
7664
1467
5092
4525
3259
6540
7116
1396
4028
4797
8759
9524
7517
7367
5630
11316
11343
287
6422
6980
9225
1023
2769
987
7605
2593
9508
8086
8088
10590
4026
10492
934
11054
10585
8276
10170
7466
16
836
1645
567
78
10505
8892
715
729
6873
6949
1059
9750
6091
6051
2589
6259
3028
2424
10185
11568
758
6673
5740
9044
2434
9123
5645
9548
10883
5124
8712
6640
1605
5598
9062
4982
11693
11504
11717
969
2919
7528
2015
4804
540
2822
10678
9308
1474
10454
9966
9192
6802
9571
8019
5397
7174
1121
5882
1267
6982
6723
3763
5268
7488
732
6492
11172
10217
11157
423
10407
1402
10006
11582
3970
4890
5801
1298
4373
641
4302
8558
10198
3940
11519
7531
87
607
10735
8943
6133
10062
9300
1531
342
10016
5523
8046
8265
3228
8726
3277
8300
7543
5966
2429
9507
4273
6576
11830
3210
9355
10351
8037
4966
761
4651
1154
4913
6264
11414
9359
7340
4883
822
10626
8932
2144
5372
11218
2266
6970
3052
31
1007
8017
5220
2902
7612
6219
6838
2679
10371
2910
10866
7685
11033
8822
8615
7931
9264
6682
2911
9027
1639
11393
994
1512
6465
245
10443
537
7589
11885
3658
239
9931
1285
7578
7198
5639
4048
6868
5189
3315
915
6342
7742
3091
4597
1675
399
6928
2898
10679
592
779
10629
4448
10103
5281
4554
4317
7316
7563
5144
3251
2669
3748
1060
2850
11286
2721
11663
3039
3798
6031
1225
2596
7133
4402
10728
10236
3790
2754
1099
6420
6691
9
9896
6289
3233
11415
5102
5844
3411
8934
5273
3301
9643
1642
213
10750
11805
9479
6334
4195
7643
11716
5514
8949
9018
9234
8665
11051
697
11119
5815
1975
11333
9818
1591
4583
7202
6741
521
7759
10533
7753
352
6810
11212
5829
791
9491
8605
2114
3949
3467
7344
10334
10557
10096
4505
881
4659
8434
7452
7461
3183
6993
6770
8918
6758
10581
5127
3866
1158
5495
2604
8064
2768
8309
2465
7832
3569
11784
941
123
5744
6568
3885
7634
11710
458
7556
2117
7852
3715
6371
7014
2534
2012
5231
2525
3043
3821
5278
10943
5439
8034
11006
4409
4774
8660
2158
4214
9434
6445
1528
11721
4938
656
5953
11573
1858
11755
989
6032
11166
9136
5959
1458
7443
4400
871
4371
10283
6755
10469
7249
11352
134
9790
2040
9362
2782
1821
4024
7786
8802
7117
8752
7251
2590
11422
7179
2908
2378
8191
8624
110
11782
4908
6355
4177
11248
10794
3095
5225
11799
5503
2112
10395
3361
4696
1685
6047
9329
6977
6125
4487
3138
7771
473
9963
3147
9756
7720
9040
3617
11190
4617
9113
6725
2104
7663
3719
3092
1757
2214
373
8296
9785
11683
8808
2074
5871
5017
1387
4485
10479
10918
10
2203
9345
9422
3873
11899
8128
11124
3917
2696
6227
11323
8468
10365
2970
103
442
3781
5724
6559
6627
7480
6817
6589
1486
7084
170
3324
5689
4229
8368
45
5627
9126
2706
11287
554
5406
10079
3536
10854
6443
55
1155
6046
10331
6129
2773
2106
1198
9170
10500
2888
1463
10879
11417
11346
9987
11145
8299
10628
7519
6818
11216
9674
1241
4725
11137
2118
9319
4367
2544
11600
8760
5612
6323
10389
11851
10599
2950
9247
7672
1043
4477
8819
11866
10702
10453
2584
9666
1756
285
9574
7505
6352
5980
5388
11844
8091
9095
482
5348
6652
7094
3125
3712
7356
3708
6789
10386
5843
3591
8711
2033
6720
2610
515
3782
395
2119
2123
1856
5981
1236
10726
9497
679
9073
8355
5005
11056
4684
11227
4858
11733
8122
10851
4142
6919
5919
4760
10413
2243
11355
8737
9354
2110
11167
1818
3353
3020
7413
3017
6407
5206
2107
11695
9655
1902
578
8026
11452
3159
8867
7401
3989
4829
5995
10123
3802
10535
4091
10611
9403
3062
8106
7071
1840
1191
3841
3339
4377
11734
3927
8529
823
11633
3580
5299
10778
10664
8973
11811
2273
7250
6967
8416
9619
7900
5126
7412
11617
7615
4642
1102
7863
10151
11426
5898
10376
2938
10960
8356
11000
6879
7148
6037
4230
9746
9303
3956
10570
3329
11566
7150
11208
2785
4704
7082
6776
9868
10451
8847
9452
9703
1466
49
2064
7555
9226
4785
7267
6675
1037
9980
4478
11574
11564
11780
9730
574
5151
5484
1597
4458
5213
6601
764
5197
10296
11092
1011
2505
8667
507
990
5494
10925
9199
7745
8482
5517
1599
10400
4566
6934
10392
10949
1398
10434
11548
8365
3214
3947
6095
2297
6464
11421
11334
2260
1794
6578
7170
10146
10399
9915
11142
8663
1775
5756
3784
8764
4289
7551
7406
5718
3729
5006
1038
8033
6364
349
9719
601
585
3178
2961
2956
3279
11341
2183
10860
9052
3602
11507
5816
986
5408
2708
24
6449
2386
6399
10531
7854
9695
8746
3154
9726
638
10974
11179
6283
8960
1676
2080
2189
3563
8438
6947
10461
6898
7161
9827
1847
6639
4729
11547
11691
8021
10536
140
17
1930
7684
2139
654
7471
11535
3229
3431
6724
1095
6161
2435
5623
6902
11856
8662
7273
10523
7728
10853
4493
4079
8266
6222
10269
2885
8848
1803
9402
3634
8179
11615
2336
5861
9959
2859
8195
4803
5605
11760
6705
6940
9317
6824
7635
6537
3418
1581
816
7741
10310
3746
1355
3665
3683
8706
10909
1356
3489
6176
2047
10243
6468
9934
5347
3096
10180
6703
6888
295
2991
924
8361
573
10303
572
6753
4360
7701
6502
9658
8160
54
452
1031
152
10870
1755
3701
4415
683
2030
4761
1278
8632
1964
3057
9290
4307
10495
10110
4851
3864
6412
6712
8380
6735
6808
2834
5443
474
2284
60
2073
7259
5739
7967
11804
1894
10312
2364
8146
4241
4998
3526
10048
5216
3035
1128
2022
6463
8147
11590
1594
916
8222
4247
5650
5929
7997
4098
8165
11125
6139
11681
7131
5905
7888
3325
7703
7054
1974
5766
9309
7706
9038
4010
9860
2157
4823
9487
1265
5073
2195
5447
1256
8078
5047
8272
6245
6850
3541
13
7893
8751
9007
920
2098
7923
5998
9284
3951
820
8825
9859
10743
4515
2427
6798
6110
983
11409
8845
4141
9137
1252
466
9000
3974
2639
11441
10184
9407
9314
8389
3777
11061
7889
8171
23
950
2943
6041
11461
8493
5235
3209
2165
10152
4817
3860
8772
11233
4845
11821
2089
10522
11060
11388
9585
11225
6401
2229
11368
6476
10052
6686
4610
5188
9478
11296
9055
10113
1289
8912
1088
7613
6301
8826
10649
3208
6180
9281
11917
4128
11322
1401
7870
116
2491
4000
7560
9935
9463
1747
8424
11207
9692
11304
1373
11549
6347
1359
10201
4187
8218
9880
2469
1240
4137
7813
8724
6508
10357
2819
4253
411
7302
10510
9693
51
11407
11410
4183
437
9595
4545
11512
7907
4606
8236
9761
10060
11020
7475
11274
1400
2579
11247
7908
3021
6224
5311
9577
1804
10341
8400
252
2440
2343
8658
6287
5367
4045
7536
7157
1573
6153
11748
8113
5409
5465
637
4050
3224
8155
2453
6269
8489
7210
5270
259
7315
8683
9591
5332
3206
784
3238
1242
11652
5378
8501
3018
1147
11223
1694
1686
8583
11801
4710
7204
7374
10766
3676
8486
2907
5174
4702
2752
8609
8067
1338
7331
1124
8269
48
8563
6317
4721
4692
8757
6894
7648
973
11385
561
6024
7730
11904
9744
1343
3177
2652
8953
10345
4254
2932
4397
6865
2673
10194
5643
5848
9791
10502
5732
660
2204
9061
2781
9724
4304
11017
5339
7440
4667
1024
5301
4786
6841
944
5682
1499
2636
10189
1715
1150
4437
9370
8817
2334
1720
4972
5320
5043
5524
6014
1702
8668
1276
9098
11105
5316
5022
11926
5857
9036
9360
10646
3613
2728
4033
171
1995
2749
396
6707
5441
1452
4290
2151
4993
1226
11300
10745
3840
11858
1958
296
3982
889
1213
3392
10608
3456
5516
8578
1161
344
5675
1674
2618
8983
9468
3023
7849
4718
4877
11745
11750
6066
6667
8194
4283
2594
5421
7276
2351
4526
5510
11018
5842
11015
681
10939
9032
6486
10050
5613
727
6281
6282
5917
1105
8135
114
4594
4275
57
4322
807
6990
2345
4362
2298
1631
8116
1035
5128
803
11591
6126
7420
256
6732
4206
9215
5955
4279
8290
1638
11588
7985
9160
7484
6128
3145
10554
2631
4467
475
4671
6216
2252
5176
1753
3939
9723
7955
10744
6488
6325
5585
6875
3112
667
8633
4994
1678
7704
9336
3367
4434
9289
8900
8722
10793
5845
2516
3242
6039
3299
2322
11032
6154
9437
7349
1574
6215
11433
9180
8696
4298
8811
8467
8750
393
1663
1711
9386
755
7970
7860
4840
8684
6937
8612
3013
3706
8233
10305
8856
7716
1557
7722
2430
725
7369
1587
3031
9081
11378
1661
7357
4855
2233
7714
2897
7783
5532
1020
11762
4603
2406
3268
1772
6410
5957
28
7382
1084
4208
9449
2339
8807
8339
3230
6694
11344
2395
10475
8183
669
9950
8869
8878
5473
10916
7099
6801
1002
6098
4912
10819
4987
4753
4405
7581
2587
8778
1780
5297
9735
7740
6545
3568
4114
8317
10577
4898
6003
7778
1437
9587
751
9099
5059
3921
2672
1550
11534
7935
9346
9994
1420
1342
1283
682
6196
4309
6579
10910
948
6524
6541
2303
10234
624
4418
2860
6186
3816
6642
10621
7995
4979
11516
4059
1302
4958
5575
4099
2985
4665
6935
7457
2778
7166
3688
5671
2951
2044
1156
4816
5794
2478
1496
1584
7424
9398
3047
7140
7046
11349
10812
10267
10668
4401
1326
10262
5853
9232
10788
929
4978
1177
510
7549
11616
3232
5594
8649
2354
1012
8319
8641
3636
9610
7463
10126
6170
2032
4095
7124
11339
5417
1619
8123
9347
8382
6304
2751
7629
2076
3218
1985
1304
4008
4656
3166
4125
1947
8815
7253
9808
8777
1318
9419
11149
4063
7114
2079
11709
11123
2021
2008
3544
7321
303
3934
2402
5631
10218
5937
8986
8651
5101
11594
4518
6958
10215
4406
7485
2245
5061
6774
11284
1700
1357
1435
10566
2776
11814
3336
11685
918
9544
5583
3847
9792
10260
1963
5150
9551
7660
4463
4084
10393
3391
193
127
5884
6772
5755
10556
11781
8022
1721
760
8340
5652
11798
4681
1336
2717
11420
392
879
4433
3340
4363
2598
4094
5931
8101
1109
5283
10031
5010
8105
9530
7384
8089
2925
1797
4662
3106
9014
10319
3196
8786
6745
1047
11115
6467
7547
8599
2979
2511
9899
3791
5037
6285
9886
5286
3750
3158
5626
8206
9120
10360
10179
6794
7468
6178
10670
7820
11156
6728
7111
2085
4326
10285
8963
3185
6924
5462
6074
9752
1774
7796
594
1883
894
6632
10254
6994
10575
10046
9068
6430
4631
3492
10237
10900
11298
9465
9639
8634
3533
9529
4886
4928
4361
8806
3549
2222
5970
11761
486
7260
9207
4888
4473
3320
11912
7275
9499
9009
3948
3481
408
9043
6194
11556
6718
9696
10311
4975
10272
3550
8674
1579
886
7355
8331
5165
968
2588
10653
3639
3979
4764
2216
5343
9514
6911
9121
759
7593
1268
6109
5226
4640
6134
9635
4821
2947
3744
284
5988
7633
6605
9861
11445
8273
7686
6384
9423
7958
9972
1629
10197
2493
7366
6995
6511
7833
10133
401
9754
9417
6103
5303
1013
2983
2350
10615
8903
5239
1851
5177
3590
3289
6887
9954
3161
10801
4345
10388
1649
4007
3810
1497
3122
2912
5142
2371
9822
9429
3260
1451
6549
3566
9066
1640
4661
11887
8682
8507
3803
10543
8530
8874
9720
2809
1478
4818
6927
6507
1643
7801
8357
8888
4145
6583
1281
5466
2967
11463
1180
10612
8895
9681
7864
10992
11806
9700
9838
9412
7492
3453
3527
4380
10795
2830
9373
7750
6188
7876
10723
1961
2533
8073
11073
8237
11278
6341
11173
4029
2923
9188
4693
9509
5420
1889
9076
9702
10282
2826
11374
5942
8372
3507
6274
6792
1628
2640
7272
7894
8275
2709
1842
10715
109
3690
7582
11482
230
2369
10667
4557
1904
1882
9371
6906
6701
1027
7816
11102
11831
7023
4963
3808
11878
2982
1220
8297
5428
11896
9010
8742
8788
2879
707
1541
7221
6361
8348
9294
1504
11312
3337
5329
1249
7851
2528
9668
771
10606
5217
2063
8830
5563
8120
9824
5256
9582
9023
4809
266
485
6249
3294
9328
6376
10165
1906
1353
10804
5116
10239
11161
911
5859
10995
3874
9592
9661
4741
8997
5515
2095
11067
8813
6827
6459
9374
10852
10886
10220
9569
1199
2664
11366
11436
11629
716
7546
3081
6904
7627
5703
1279
2384
5885
3609
1716
10921
9512
7027
8366
11009
6340
8691
5366
8740
4060
10423
88
2791
9146
4365
1055
11082
8092
8814
11853
6284
3293
1746
307
5334
4293
11181
6548
1410
2675
4138
869
8621
3865
2485
1498
6394
1704
290
2654
6275
2613
1808
4740
5171
6042
4101
8940
10893
10784
8589
6012
1041
280
8001
4652
645
9069
4065
3601
10098
2007
10558
3779
8224
10602
6731
8694
1143
6462
9083
3342
7918
9431
2691
548
3831
4775
4353
9510
321
4834
11809
6577
8628
500
11068
10108
9015
7450
10610
11671
5736
2312
7598
3772
11491
8426
10057
9248
8184
9979
5040
6854
5328
10486
8423
4547
1349
10259
2824
6001
2178
6796
9929
772
5112
9203
6820
10476
4519
5999
3822
3842
4507
7897
6221
7354
2501
4403
10444
3389
3134
4510
3139
9864
7229
5749
908
8110
4772
9653
5836
7213
3397
6727
8713
8395
4974
3155
10216
11104
9589
7788
8851
6043
5042
11303
1914
3343
6480
7822
4179
3172
6594
4935
9998
10157
1227
5894
7012
4474
11673
104
11084
7018
11011
11064
9351
6470
11704
746
9421
7422
1239
8701
1824
4064
7651
8094
2102
7007
5360
11306
1116
9878
11240
6550
199
10042
4690
9278
7180
8215
457
8181
5776
8891
1295
10119
4555
11121
4456
3011
9400
10228
3703
885
604
1556
9526
3618
5939
590
3360
428
11843
2953
433
10561
2786
10487
11724
8418
11331
699
1204
8334
6261
11276
11126
3786
2197
8404
1526
1418
9343
2129
4612
5344
1436
10058
7939
3034
11545
11396
7410
3581
4158
4527
11757
4160
10855
9699
10496
1126
59
8812
3022
1915
2510
5212
4102
5636
10353
1843
10428
595
4429
959
1838
8484
11197
597
4632
2797
6672
10292
7875
6094
7079
6054
828
2451
8979
7920
10373
5888
3383
8954
3689
3393
1132
4288
1899
10410
8749
4931
9011
11261
5166
4399
961
4308
7791
1248
9672
6121
4465
4484
6920
6554
4984
10634
7817
10368
538
6563
11907
10459
5690
5253
1938
11359
1544
9580
6292
210
6869
2750
9893
580
8227
7790
2474
736
4922
10513
2933
5695
91
11055
6089
4537
53
7164
648
7323
8295
10322
10134
4428
2045
11012
8857
302
9629
5371
8343
3899
4269
9079
3852
7015
4872
11584
1176
9865
10982
2854
4711
8870
792
8166
980
3116
2494
6423
11903
7993
5402
1687
992
6905
4523
1950
6913
6645
2838
1188
4546
6711
3853
2858
9042
4680
3677
10968
2180
2891
10515
5572
9533
921
1461
11475
8853
4571
2281
9295
4424
6
8225
2227
5242
7743
7644
10158
5657
11915
162
1868
11456
2234
5974
767
11846
1625
11924
6978
8117
8893
6312
6437
8927
2712
353
11400
1648
1593
5818
877
6771
8516
7836
8325
9804
5539
6417
387
106
9953
1900
5369
4561
9096
9401
762
8950
3188
695
3678
8125
634
3442
3346
526
6373
7944
8790
4748
5033
7186
11411
11796
5099
5672
187
11669
6791
5559
11889
6251
547
7093
268
11154
9894
3437
1063
5260
6327
371
5382
6586
4036
6836
9956
9100
5902
8717
6487
5416
5020
1056
10477
7839
10509
3167
66
10491
8406
8761
184
10625
6310
4709
8984
10562
611
7668
6501
909
1388
6299
4793
10756
9930
5528
2320
6925
11070
1831
1022
4034
11480
10382
7147
3093
10467
2500
5795
6107
2081
5838
11232
2629
3041
5737
1513
6706
7719
10061
10055
5580
4990
1683
3313
6516
11795
1516
10692
1146
10037
3042
9887
7647
2512
5054
8145
6834
1317
7497
10421
1667
3700
5236
6638
9395
7256
763
9457
8614
10087
11823
4733
11543
6438
2422
5310
1423
861
270
6237
11902
2396
10297
10614
9917
8029
3152
7757
6569
11209
10657
11427
3073
6721
5257
8974
3077
6760
9093
4285
9245
4862
11708
5709
8435
7003
4150
9736
7671
9426
1040
6900
3179
1157
240
1427
4626
9584
8070
10466
7951
3761
10425
2016
9652
1607
5489
4650
3369
1521
8884
3604
380
181
7200
8315
6952
5501
3900
6104
9266
6331
9214
5779
7110
6800
7178
5359
7626
3303
10805
9392
8543
9056
10830
6348
8330
62
11675
6160
6816
1911
3720
10631
11340
148
8239
1337
4040
10981
4023
3308
8821
7884
1971
10342
9276
3652
2774
8728
579
9228
8148
9918
5577
1501
9615
1634
3286
11719
7297
10752
4514
6063
674
2392
11563
6867
6457
8672
2479
8627
5461
4305
964
7806
5157
4104
2621
2948
11406
7550
5849
1943
1518
10084
4357
9572
5210
3955
146
398
2645
10616
314
5720
11239
3
3942
10583
8518
5763
3792
11530
336
5244
367
2445
6322
1530
3666
3610
6765
1138
330
10594
10009
10721
2878
6229
3292
6960
4122
9962
4622
11365
10195
7495
9427
9220
11666
10948
11193
7246
2882
9701
7405
1187
5454
8231
5184
419
7224
8527
5681
3364
870
9531
9946
7930
3506
2695
9218
8865
11879
7261
3952
9164
2591
4850
5276
6547
1921
10742
6781
2166
5656
2288
3378
2261
4311
3806
2788
6068
6236
8784
8429
6279
11089
1469
6181
8608
5326
164
1939
814
2208
4262
1885
5569
5298
197
3961
7831
753
10691
8964
1791
4767
7286
7255
11171
3024
10663
8832
2175
8906
8216
9964
6886
6897
6963
8670
9907
6895
2120
405
4085
2108
4956
9984
2160
1269
5677
3128
3739
11583
10183
4393
8611
2530
850
5562
3288
1454
4649
1346
4466
1288
7911
7943
8428
10902
523
10191
6329
5761
8593
2407
11200
1635
10847
6653
9233
1903
2323
2833
1179
7892
2236
1197
3149
1734
10118
4949
4744
4750
8318
8616
7969
1001
38
4874
3659
8332
9768
614
7927
6242
7821
6359
3562
5376
4370
6946
3582
9447
8596
11601
5521
9258
3226
2332
10821
9394
2058
1670
1209
10809
1459
11687
3957
4161
2046
3548
2443
933
5190
7219
3335
6826
937
3972
768
3985
7830
10171
1595
522
10641
1117
11538
1178
4369
9932
4207
141
3573
5285
7913
8457
6439
1431
6387
100
978
10813
7755
3357
11725
4072
8620
1202
7403
7572
11390
4174
905
11429
981
4058
1217
6069
9185
6440
10497
4747
1036
8388
1382
8359
11521
8921
3887
10075
1777
1316
8131
9729
2122
10792
6244
2205
912
9784
1311
2101
8229
2179
5131
7058
9107
6343
9157
999
8360
8675
1514
6461
2818
7307
4328
4189
2874
1384
7091
2720
9474
5821
4992
10468
8061
2574
4077
3385
2255
7619
7378
4589
9821
7291
9448
2702
11391
9149
6950
10803
409
10601
7024
3775
7996
8454
6690
4503
5557
4004
4364
4190
8591
2490
11680
8411
9037
3331
6427
11088
4027
4765
6475
4738
10484
4742
9884
5325
10391
5548
5603
2812
6447
1543
7949
11714
951
1405
5863
8349
8491
10154
6969
7130
6914
10635
11528
10309
11593
9490
11003
10534
9254
8254
665
5797
11297
11077
4584
2275
1677
90
3475
3883
506
7592
6588
4299
10849
4914
4663
9001
1690
3629
1008
9709
4268
7506
9650
3164
6365
2270
685
8393
5181
6955
5935
551
6277
9154
5424
6918
5140
11753
1762
4843
9911
8710
7853
6183
10095
575
8540
3280
2169
4802
2692
8209
10708
926
7731
10822
9769
6392
11544
5792
11198
1767
9688
7138
448
8448
3082
7535
6991
3276
5730
5390
1049
2219
8371
853
1854
4296
7455
6582
3924
8952
3623
5948
6968
11815
5556
3811
1771
9851
876
11793
6214
8782
2417
11557
9167
5745
10176
9852
11699
8480
2462
11476
225
553
261
2503
2755
8182
3120
2363
6628
976
3443
4197
8538
7109
10385
11542
3175
9221
8111
6777
3538
6811
8637
6523
6542
9035
6256
5622
4910
2713
2799
6380
9217
10753
6491
8800
6198
318
5513
11260
2094
3598
1000
8060
3244
6313
4199
2944
4107
9486
2319
1048
2398
7211
7693
11076
10164
6953
11146
3174
7744
801
10969
10409
5621
6805
3571
1212
6265
5152
5082
7448
3227
2499
7085
9325
6544
5125
8158
2192
1866
11848
11723
5413
8992
1093
11403
77
3067
9871
175
2507
8995
10188
6722
5288
6360
10433
2480
8922
10656
7508
8144
207
530
85
3588
168
8823
8293
4272
887
4017
7050
298
10774
3001
312
4903
1788
4171
3066
8312
1294
1118
10571
9067
4901
11622
11294
174
1578
4491
10438
6828
5806
8738
3169
4086
2373
2611
10961
9513
7603
5721
7933
4621
9936
3914
9717
8688
2048
5805
4529
5249
6510
11632
4848
4452
9663
5775
8441
6321
1590
3870
7400
7395
9382
8004
1421
6455
7553
10704
833
3734
2441
9168
1664
3036
6419
2475
7496
5812
864
4334
7676
2401
2028
2232
8809
5822
11288
10802
7501
4825
6736
9186
5025
10754
6975
4127
7390
1464
9575
770
2269
4126
5855
3933
7122
5179
3137
4951
620
5423
5491
5063
10327
1524
4940
5820
6573
9819
6166
2057
8044
1222
5483
5686
3756
2821
11933
488
8256
6685
277
2324
6819
8828
7019
2338
11550
2718
11913
8000
11605
2379
11692
1710
7632
11850
6746
10427
4188
858
11132
6613
11263
224
8059
4869
2917
11825
3123
10299
10727
5628
5661
6212
10335
9165
11302
4203
6787
11176
3844
9363
2557
11513
3309
4714
3820
11705
3809
9704
5354
3447
9815
10906
165
7095
6863
7283
7447
9740
7096
4431
10069
4988
2520
159
3525
6148
5726
7590
2707
7620
3029
2903
102
4261
11492
11726
5474
3599
3967
8494
5780
3640
631
11895
6987
5968
9648
5754
1537
1862
8401
6876
2881
2844
9476
6141
3916
11311
4130
3681
5529
7785
4325
8392
10796
8957
5138
5950
503
5611
8625
67
8367
1693
5808
1167
8198
7319
5858
11930
8905
967
10256
4666
5133
11215
10725
3198
9263
7499
3330
8630
10806
8626
7039
2304
10824
9924
1392
7159
2846
3731
10258
2756
4810
2311
6072
1887
9832
5295
8085
7044
8455
8763
5508
10347
4218
2760
2553
11314
1933
10178
7377
3083
9119
11586
8629
7469
6192
5219
8524
10238
5139
2653
11442
4844
5952
8831
4995
7677
8729
7016
10135
7986
2017
11219
4673
1764
10979
6666
10882
7478
9352
4057
4163
6921
11706
4894
10994
7510
10111
10008
5785
10952
10187
4573
10521
5230
44
5379
8327
10036
11655
1009
6363
1282
1783
5637
10208
155
1841
2566
426
5837
7865
7188
5479
5105
10348
6314
3247
7290
11220
9749
6494
7399
8187
2724
2206
8736
4041
4902
9246
3460
10091
9106
3400
10504
11363
1615
10579
7973
10295
10458
7068
9686
7258
745
9368
3223
5358
5901
7454
3098
8676
400
2867
2686
1731
11086
157
7530
3302
2952
1823
2657
7694
8413
6552
6754
3521
7062
258
10286
7968
6142
5985
7878
589
6973
9708
6061
5705
7679
11886
11560
6744
5604
463
379
4220
4500
6377
2747
3929
9599
4887
11526
1751
5240
10277
11828
5991
1480
5865
4035
693
8661
6383
3797
7364
6793
535
11696
8636
690
5317
1015
9269
10088
10090
7345
11213
6302
450
11707
5602
6630
11701
11059
9026
11136
8456
3409
3495
6985
11711
5364
11013
6852
3722
2514
5591
7173
10364
5767
10808
1135
9640
1997
11377
11640
1846
5771
3880
1650
9676
5122
1712
4864
11079
10370
11130
8852
8308
7752
676
1016
6697
9219
671
7055
2817
10082
10695
6740
10622
2801
4337
5146
9013
3048
86
6837
10867
705
2641
10598
8850
1231
10362
5485
205
3993
569
11358
9324
1946
9568
3619
2502
281
11376
6189
5916
402
7857
7925
2685
10890
39
9471
3669
3105
9481
10412
11002
1052
6915
5046
4601
866
4185
10029
6931
435
10516
9561
8640
3004
8210
9125
5071
9644
7688
6619
6017
2743
9715
7238
10483
4592
11041
10064
2784
204
6877
11135
4977
9757
6584
1341
830
1090
3625
8072
2113
4752
6843
7187
309
11893
269
2842
776
9800
9758
3997
11908
9053
1982
9830
10724
3621
9190
794
2929
6762
8047
1103
1682
3087
10940
8646
233
5965
9198
9948
2264
11779
1966
9627
6825
11451
9597
6202
5700
8834
8499
4312
4891
5255
4499
11372
161
1979
1183
10720
9259
2300
8244
2787
5306
362
8289
8798
5085
8827
4265
9988
9466
8051
9208
381
264
4509
7040
7867
7112
11694
1412
5183
8490
10741
2167
10642
8384
5772
4952
2993
3554
1108
11787
7453
2344
3794
11861
6000
7102
7988
6328
4884
2141
1488
8619
1101
6505
11399
4686
6525
3089
6572
5437
7883
630
2843
8168
6884
8003
9297
4996
8704
5921
4967
3584
10688
2242
3054
11128
10705
5747
9594
10746
3121
8732
6239
2471
1988
6332
5651
963
1945
7514
5173
5976
5811
1566
3918
7318
9440
3730
1014
10225
6201
8219
6747
5323
9647
11597
6344
11160
6803
7850
8584
9614
11775
3650
6009
2082
8844
10377
6070
1701
11553
3181
7030
7523
11802
5205
4615
5854
8453
8062
7998
10436
3237
5468
4899
5029
7433
4042
9128
11638
5027
7961
7314
7749
5349
8259
5148
9722
10650
2558
5716
8264
3645
115
520
390
5851
11107
7898
9045
9705
10422
11645
1863
1826
2329
8071
3078
2506
8055
10944
10054
1533
11150
7115
8613
6942
8322
8298
4157
4909
2529
8432
11832
1391
8654
6859
1707
9949
9424
2869
2729
7520
11644
7646
1255
10224
3672
855
3529
11440
11129
2977
2651
2989
250
2010
837
4222
11659
7829
4838
3272
5129
10986
4320
2913
6893
10964
2934
842
11739
2648
3630
3220
5488
2143
7353
1548
208
7880
8010
4531
2142
4811
8379
6123
11047
1876
10733
3296
8288
11075
5537
8163
9989
5778
9048
1029
243
10632
8718
9978
8028
9063
11736
1494
7215
11688
748
2790
1327
2663
378
5264
2383
3879
118
3649
7240
484
3759
347
1561
8320
10142
2802
10711
9416
2184
3565
8341
5669
4216
7971
7533
3014
10807
3514
1123
8881
4926
10452
8642
8739
8522
6992
8261
2325
5394
7962
7053
10288
8643
2628
2562
4564
4708
3388
3560
2333
8623
9817
818
6941
10506
6878
1273
4579
10065
459
4691
9312
1165
9065
11093
176
11199
8698
4167
5194
8887
10748
7312
5036
8302
6533
10089
4989
1869
8901
5831
605
4282
1352
1805
6951
7512
11466
4113
3653
7438
2043
1399
9616
5977
10253
8180
1994
7310
2862
8937
7657
6226
11412
7914
1122
3995
11932
7982
11822
11840
3691
4882
3624
8385
8705
7237
11133
5032
495
1104
8991
2001
3469
6002
9279
3234
11222
5807
826
2928
6693
11487
8977
10956
8352
9671
9108
9184
2984
4549
546
4779
7811
6114
1168
2567
602
9387
11031
8971
139
4585
9856
382
9306
8140
9313
9028
3881
10574
7710
5899
5304
8680
4488
6210
3194
8253
10548
4490
8744
11537
10124
6395
1954
169
10100
10329
3892
2299
8176
2643
9900
3190
11432
1696
9271
8877
9833
6965
297
10838
10782
3968
7143
10717
3189
6093
9903
3558
6709
8598
7206
6562
7043
10996
9707
2042
4633
4604
5971
8483
859
652
8745
360
5819
10888
3679
9492
2418
5764
502
1070
2606
4522
7828
1058
438
2361
1752
1517
11770
10737
6997
7765
195
8863
10051
3839
1082
11117
10816
8574
1286
2703
3966
2526
3671
9349
4342
7516
7624
4442
1646
3371
4618
7026
1270
6756
7604
2492
6866
10553
1809
7048
3127
1112
3060
4341
491
4831
9210
2487
10463
7503
8519
3687
11238
9430
3575
5525
6870
11857
2564
11565
5075
449
6193
8141
10840
5308
1381
8054
4051
4826
10880
3488
11369
6405
7203
9651
10984
4591
914
294
10464
11301
7910
7845
7800
8016
11178
4897
2748
1871
3551
320
10192
11114
3003
2403
479
1893
7792
477
461
4001
2250
6113
3867
7080
4291
6631
2156
5108
10030
4737
4009
3938
7569
2127
2716
9171
10892
1200
995
11742
998
7838
9942
11194
8720
8967
7787
6454
8872
3528
3071
4562
2412
1046
4648
7866
9607
2128
11214
4933
1684
7439
278
7464
10289
11053
6132
5361
975
5321
5668
1837
2150
1262
1151
6557
9147
11308
8669
7746
9205
1203
9333
1658
8514
9282
2
8333
214
5777
2674
7104
4020
9179
3258
7257
6871
609
10301
11251
2442
4724
1718
2816
4572
8450
7244
2031
9375
10998
1918
3129
421
7808
7287
5956
2137
5697
434
72
6319
775
3298
10655
2488
2005
8470
4980
10471
2733
2086
2931
2543
4932
7328
11318
2309
4346
47
2527
5925
7335
2864
8998
11602
5817
2225
10755
7570
2815
9997
11833
8496
8211
608
6010
9196
3501
3491
710
1998
7538
1626
11552
154
3432
9776
6223
5399
10686
2670
10022
11005
11575
698
4119
3898
5930
7047
11747
3699
5267
7760
1334
5143
5031
7905
9542
7465
11541
2518
304
3104
11854
6435
4755
5610
7780
4425
6529
1603
11684
6458
1610
11185
10437
2376
3778
4172
7101
3537
3061
11807
167
845
189
1654
9304
7777
1538
9358
10494
2125
9140
4595
8363
1195
6845
1891
720
9130
5214
3829
11905
1724
10929
8402
4596
7529
8136
10193
12
7751
8714
6397
3440
7763
5607
6065
1192
2880
7882
7869
1003
8656
1453
3546
7317
4306
4524
3984
3757
9277
8074
8189
7887
7945
4140
2306
11818
1992
7476
2650
1354
11177
741
5272
2573
6889
5351
6389
4131
6472
10512
6564
9690
633
4019
11206
11891
10162
3856
10825
8635
3647
3470
3986
4231
6288
804
6149
9850
8323
3758
6386
541
9811
3976
6663
3192
1822
2521
3387
5051
4246
6497
6018
7573
9444
11776
10826
10358
587
10985
343
11163
1207
6662
5224
7953
4712
4270
7874
351
8554
7201
1633
2450
11494
4657
149
3285
4239
3973
1647
10783
2619
11268
2054
6351
420
11572
3030
9021
11120
2136
9556
7385
9778
4576
2999
8896
1134
3893
2662
10786
4155
2267
6243
9483
9971
3894
555
4969
9054
9049
1695
10139
432
2976
6916
145
2861
9341
1503
571
7835
1081
2828
2827
8553
7212
935
5207
6011
2634
1034
4121
4264
5570
2133
6729
7031
3988
2642
9022
5940
11839
4856
10380
10326
11925
7843
6008
9102
10815
5377
4204
3861
4936
10261
4445
6083
5459
10958
7770
5289
1005
5407
11589
8544
7585
3373
1350
7890
8916
3632
3780
9825
11045
8890
6625
11083
11859
1185
136
5192
8588
5500
1092
6393
11916
5330
635
3317
513
1340
2779
958
11483
3890
10844
1039
9807
6248
5458
10447
5313
11183
1021
7521
2905
9786
5906
8009
6778
11837
5309
305
5973
10244
10875
2210
10946
3858
5629
5446
8789
9176
2975
2887
6620
375
9867
678
9183
8196
10874
4166
5015
11732
2003
8931
3695
8213
10251
6901
9882
11888
10832
9904
7567
2077
5356
10799
8841
8397
9890
8031
3496
10913
10525
7125
5810
10141
1291
1368
664
4854
653
3444
2889
3348
10426
2211
7300
2456
9940
10772
4895
6809
1754
6324
172
6699
2265
1077
237
7834
6033
8139
4139
9460
9310
4143
9302
3026
9620
8436
3543
8707
5579
4920
8248
11430
2014
7862
7370
11551
2916
10175
3834
1806
8552
560
5187
3009
3545
10865
8914
1196
3480
7483
11066
838
10630
5169
9774
8199
4281
8130
4918
8326
3322
4625
5147
10246
3307
10035
1495
262
9563
4453
11749
10336
7387
300
1210
9760
5472
4210
1575
11071
8337
3922
7446
1243
3694
8169
7005
3654
10440
1708
9870
2866
10387
9845
4025
5765
2408
11469
1505
2348
6624
6116
3319
413
565
9332
1596
5026
1672
3535
897
2990
6137
6078
9797
11860
6294
96
7940
4658
10121
4719
9814
4900
8565
10638
11500
10339
8172
2346
6375
11529
5728
7160
7844
4350
10242
1221
10063
1609
2431
10094
539
6203
2223
7235
3156
11611
8258
10919
3252
5924
10751
598
4111
6654
1303
11868
10039
34
8959
10281
11336
11643
2483
2387
3006
6999
4613
4151
6607
1305
6372
11249
2000
884
9356
3132
10674
2586
3213
8012
7074
10328
8495
2688
9255
7245
8214
3686
6687
1211
9438
4822
7732
2966
723
9050
11867
5137
138
1759
6090
9088
11754
2789
9581
6846
7622
6912
9094
5052
6768
4728
3843
288
5590
7209
1733
8350
1637
10318
11443
9174
10565
11489
2541
10930
1131
9611
222
1148
6233
190
7687
10976
9274
5467
10211
6466
5013
10321
7199
5002
2023
8197
8335
2290
8344
7637
2213
3620
4097
11668
4106
1706
3045
2954
126
9272
5426
1358
9550
9631
6158
687
11292
5202
2848
4677
2291
8794
10127
3642
333
5680
4757
8306
3796
7052
7504
6571
3693
9801
4011
7548
2581
4806
63
2796
1456
7584
6618
480
9047
263
1620
2188
10749
5302
3462
2164
4960
1500
3421
4404
2198
7234
7872
323
5449
10019
1290
3547
10912
3000
9910
6922
9967
5920
2190
1563
3199
8548
2116
6303
6064
11094
6211
6944
10661
11648
10700
4578
4003
470
6984
10465
10542
8883
2523
3146
11210
2992
4776
1923
5087
1313
211
8873
2004
6555
8902
11293
3010
9299
4743
1430
10609
2607
11375
603
3736
3124
10781
5411
11479
6910
9436
1394
3510
5752
7727
3195
10070
9161
9831
2623
742
6713
4796
5401
7232
2437
6306
9520
359
8459
1699
2238
5735
9895
10033
7950
623
7118
2155
3497
4713
9116
7946
7153
10140
1520
10314
6234
7368
3788
3287
893
977
766
476
1284
2310
10200
10473
1258
7414
658
9748
1725
3555
6979
8461
10287
6117
5055
8081
8756
3657
1482
10603
5353
9177
11148
5119
3246
9334
11579
92
5336
331
5706
9739
11631
10018
1832
3452
2845
2987
7231
4636
9101
1443
5261
322
10093
808
11253
9262
1714
7266
11205
7989
354
9728
7184
346
1182
2460
9187
11131
1999
3111
1206
3592
1201
9059
3769
2759
7926
8100
11027
5352
10694
4110
5497
6190
10524
11751
8639
6086
1765
8993
5664
10414
10081
6726
549
10873
6761
1422
6241
1069
7427
1237
1532
11741
3697
10449
5111
4629
4517
8174
3595
4071
6575
4
3774
6187
3868
4249
7848
9602
6159
5193
9393
8559
10897
7194
10645
11280
6446
8781
3711
10128
3207
8842
956
7580
7309
11271
1666
1460
533
9767
3990
9231
1089
8463
11816
5803
6469
797
10999
5587
1407
4688
4746
5655
8419
10155
11910
8797
10498
7185
9222
1477
1260
5666
2285
1736
8631
8093
10658
5951
7575
6213
3310
9605
11342
3503
9630
5180
7472
4798
9156
9089
4462
1205
4959
11221
9965
9649
4813
7333
10209
2278
9628
6614
730
10470
4892
8508
6385
7903
8497
4209
7675
2560
3165
1322
2872
2959
5708
2661
10971
8925
4699
982
11767
3064
406
5667
11211
10578
1738
11389
2293
2002
9812
6683
4605
4327
7139
7423
5967
591
9361
7895
613
5947
2646
6659
7810
11144
4945
2605
10564
11203
8956
11471
5877
2542
5081
7916
8407
1323
9938
528
4682
3680
5370
5847
4542
7544
11738
2484
22
4778
1730
5405
1018
10837
394
2744
6416
11639
1085
79
8735
9475
6702
4136
1739
5019
11478
369
3079
8592
11361
1508
11258
4250
1968
3297
6431
6254
11397
6235
6315
310
5533
6268
7435
3851
11637
1129
3795
5685
2540
7342
4600
835
6253
291
9576
2973
10268
7352
2577
917
1374
4727
8911
6757
3311
7618
4047
2545
11048
819
4950
4536
7396
9455
1351
8112
7070
5876
11439
765
319
9443
3032
56
5814
5504
3855
11514
2327
2470
586
11596
6058
10072
4800
5118
5760
10248
1623
3776
832
3906
5954
9747
6570
4235
1779
2283
3524
7197
6305
2368
332
10177
404
2315
4455
9511
4905
4356
2997
5287
8908
5511
2404
9952
251
11852
4471
5800
7655
7824
8861
9914
5934
15
1235
2200
11731
3785
9981
11065
8930
1186
6308
2066
882
10568
7142
5983
646
1345
8396
9502
1050
4438
4841
3710
11613
3920
519
4379
7459
2314
177
2411
11610
313
7127
3713
10366
3059
4946
7766
8758
5422
2719
3271
5475
2286
10014
7542
7659
7456
7641
2126
2820
6228
6448
10549
4224
4871
7038
4927
7798
8285
5550
1586
7408
6514
1113
8433
5827
1860
1545
5813
3108
1776
2871
8787
3267
6146
11325
4245
7772
2413
6174
4169
2070
11621
7623
8228
7630
10914
3490
4394
10397
4351
2926
6138
5198
6858
11686
206
4827
10771
4859
9235
5419
3499
8347
4016
10202
11008
1570
8769
7781
1403
9058
5512
3878
3505
5530
4219
10936
1867
516
3263
5584
3053
1825
5943
1100
9977
9275
11826
5048
7254
4707
7661
10233
5094
3384
4419
9780
11477
3902
9012
4049
10147
6704
8567
3473
2536
4961
2020
2187
257
6708
8677
9872
10418
4430
3593
8124
8796
6606
9657
2109
8515
10765
1301
4735
1705
11192
11021
6349
8779
11321
9793
5011
10270
7919
2093
10122
4423
3964
10226
10027
8410
5109
27
5307
777
11423
6016
5110
3451
11437
5069
1743
8771
231
1768
6185
2149
9848
7252
7818
260
4087
6688
10731
471
5786
8045
7656
6717
1232
6812
7526
6471
2454
9484
2667
