5642
3102
2129
4137
3470
7025
7386
3695
6033
1243
3872
10987
5595
2513
11080
10964
8474
1710
3430
2885
2216
5337
10001
6704
10700
10073
3596
417
7799
3745
1377
4717
3320
9486
9295
10282
869
11187
8838
4365
7597
9078
2526
11372
9583
10218
9691
2421
3848
1337
4699
1624
7938
7562
1629
1926
7390
1501
2855
6739
5727
195
9383
4937
11609
7409
7276
1395
10954
2929
5579
11239
10946
5527
5938
2789
8367
897
4773
6632
4960
844
372
1777
5580
3858
6588
5314
6868
7069
6171
7736
10717
486
1623
2246
2175
8620
11465
3339
3401
796
4020
2679
2179
4822
7778
5494
11288
11498
9151
2447
2452
9435
149
11001
4531
3499
5509
2642
4977
10785
4314
3267
11686
2516
8649
8337
1106
4481
5841
10214
2970
8863
2958
474
1383
86
807
6825
2292
3145
5170
4284
10831
1561
136
1126
11641
11658
11752
3301
1467
11098
8890
2689
2123
2242
9411
553
788
921
10151
3928
1484
5919
6534
7182
8929
6620
7712
5660
4893
9826
322
3591
1158
10830
1012
11681
1769
4995
1149
3131
1749
5532
6716
4723
3437
7117
4503
9375
5130
9055
9010
11356
11442
8919
8726
11154
9902
1844
5024
7544
6383
1340
5182
6520
10259
9164
10907
2077
132
11083
4687
803
3237
5909
9072
3932
125
4335
2387
1559
4189
7251
7586
6939
9377
6286
1486
3327
6614
11028
9266
4224
10324
1505
4539
3606
7210
7543
1045
6528
2346
2003
937
3399
11624
10416
8404
5817
3562
5183
10940
8979
9139
10567
11392
1164
2457
6777
4923
2547
8353
11586
3979
3243
3405
4962
5061
6227
6848
5295
7501
7006
4916
8425
8836
11903
9178
2144
3489
10209
7397
8197
6447
5382
11382
6416
4919
4127
7484
4674
4569
1786
4056
1974
5485
10601
11506
10545
3926
3598
3597
8799
508
5491
7219
2881
9508
2902
2140
5474
7925
7829
2401
10448
3585
5998
5339
4566
5433
11064
2762
5528
8172
2530
6440
1391
2833
18
4437
4130
5001
27
10291
5687
8783
9500
11546
2565
3560
3730
11300
3014
4929
11060
4217
6849
4730
4312
4823
1085
10166
3840
9149
9899
3205
10407
1496
5844
9865
4521
9640
1029
1380
2705
9534
7936
5970
8300
7605
4317
7619
3533
7319
8925
5737
2681
10912
1188
515
255
7342
4432
10346
1209
4065
10436
2400
1058
3816
2176
5529
1628
9097
11716
3249
6755
9102
3955
11404
3569
4947
1162
3628
403
7880
3480
9350
1848
3121
11193
1585
4038
3721
8223
11437
6695
11712
9049
3160
1884
1050
8456
11760
4442
5512
9606
6597
2067
938
607
6328
11167
3916
5253
7624
3445
2856
10389
3287
2226
87
6405
862
9351
6161
2321
6600
6497
2956
98
8596
3586
5162
6685
5277
4753
7440
1211
6471
10694
3971
11800
7806
1488
8330
10631
3055
10777
1516
9649
2828
7109
10929
2047
2462
994
1507
5541
549
8009
11015
11443
5972
6795
10877
7877
9788
10177
8686
5724
4486
4748
520
5523
5581
2037
2004
588
1448
2759
0
10527
10270
3674
686
1995
2546
948
7826
10420
5904
9245
4113
9234
4193
4228
10595
8637
6389
10909
6111
2514
7307
3174
1685
2766
1975
7604
5278
11278
718
2026
9344
5613
9126
11364
10551
8067
4042
9128
8989
3308
4515
9800
4768
5539
8132
1272
2451
1147
987
3866
9497
2119
11872
5054
5898
6468
1598
9403
2815
10457
6452
2362
8816
10558
9834
10529
3324
1581
5044
7030
765
6059
10194
1811
1945
7306
11674
8920
671
7820
9545
6064
6940
10764
10578
3233
7770
6869
9926
4255
11366
2134
4179
2137
4068
6491
5186
7842
6930
5038
10616
3667
794
9541
1719
11694
1386
1894
603
6156
4295
9258
11079
10245
1896
11460
11262
9397
9710
11859
8803
6915
123
5407
4368
7959
1129
3477
7420
11451
5726
7407
6443
7720
219
1119
7424
6053
1213
9885
1487
7918
1748
5030
2356
4445
310
10311
10249
1473
157
8867
10469
10095
2116
1892
10756
2793
6208
8119
961
8115
4601
5685
8412
11268
1108
9631
8625
6979
1807
8082
2097
9966
10289
4163
2803
5492
6839
3917
5881
2578
7413
1853
4663
4447
7811
11119
1054
4313
4066
7885
6836
2548
976
1870
4994
8267
4955
1703
10432
9455
8040
11883
932
5193
2997
8184
5596
3018
1107
1968
4473
5452
9418
2088
6772
6298
1449
4733
8502
4394
2922
5000
8350
4489
9079
3337
10256
2911
9556
10009
2714
8249
6592
3468
6114
10168
10630
9029
307
10725
11076
5893
6736
9831
11799
2150
1281
5486
6311
3025
217
8105
481
85
4617
1100
1950
1088
10560
7670
4662
6744
6363
1610
11796
8370
1931
11007
11618
2225
6589
587
10253
3428
833
4707
3484
3059
4336
6519
657
4452
1001
8301
4263
2669
10957
8384
7473
3204
5501
889
5443
779
7776
11310
444
6964
7676
926
4634
4422
11106
5373
171
170
8056
1204
4745
6842
5352
5566
7236
8881
11435
10190
6881
11121
5999
759
7187
638
11846
8097
83
6583
10846
5252
3572
10443
4525
9945
7566
5915
7883
4722
6703
334
4409
2703
9171
7170
3579
11520
5411
11233
7911
11649
5205
9673
10948
3893
7906
2229
10366
11213
7133
3764
6811
4153
8011
10138
199
5674
3634
2864
5444
3441
10759
3728
7103
7647
694
3981
11787
652
10941
7625
2859
8614
10697
9778
1343
5889
7278
1216
8427
7902
5489
7869
9837
10811
10435
293
8775
5145
8005
7730
8797
6717
1347
11494
4472
3532
1332
5428
10533
158
3036
7961
660
8529
3537
7310
4202
3023
11250
8006
10808
2269
11587
1865
1512
5099
5860
9267
2259
2798
10572
11682
10139
10132
3521
9717
10089
1701
903
10612
1682
5381
4644
7362
9594
2027
942
2755
8729
3357
5664
9540
8076
11284
6104
7816
6726
11014
7645
5766
1987
6913
4049
7461
7792
3654
3512
6016
11447
497
2058
5255
1240
8166
11878
2947
11026
1224
8848
6120
6878
8648
2957
1741
450
4932
351
892
5802
8314
3144
3298
9607
1372
7304
7492
7505
3479
4311
6756
2622
728
1323
6906
10192
6074
328
1927
8643
11785
6540
11534
8895
2812
3375
8609
3310
10361
7982
4899
8256
11773
4027
2670
3194
1014
10851
4615
10812
4840
160
10774
10307
4749
1709
996
483
6937
3545
2484
7197
9906
3892
6063
6116
4031
5925
3922
522
6820
1832
2949
4114
4225
10312
4765
9274
4556
2196
10718
4974
3268
196
6799
11679
519
5846
8521
1738
6320
3741
7303
9468
2028
3671
7014
1367
2489
11739
5220
8933
697
10767
10208
9200
6929
1104
1806
11533
4200
8199
1965
10854
2749
11022
2666
4821
4117
3940
7570
4387
11757
11086
6351
169
8438
11670
11397
5769
6547
210
4364
517
11543
7746
11407
1256
10516
10659
4641
9163
5284
9707
3133
4788
7786
10576
6243
11628
10084
2659
10751
3004
3909
2830
10669
8480
11439
1725
7542
4706
8401
8035
1665
7640
7732
4017
4362
8459
229
8283
5849
1179
1303
10142
6380
6824
2566
9331
8779
8167
11501
10487
5502
8909
9093
9925
974
4190
7990
1745
1193
1943
5537
3490
8247
11575
265
8769
10945
3646
3318
7704
4490
6664
11294
4806
3084
3280
11922
4632
6425
2203
10173
3995
1413
11824
9875
3052
6300
2857
5612
7637
8697
6636
11918
5648
10743
3823
10473
11243
9384
3334
678
11088
9372
5682
666
11029
3992
11265
10396
7506
1299
2185
10107
380
2402
252
11843
4561
2373
4842
10391
10974
7947
4653
1462
4331
7700
10683
329
3124
1946
5430
3332
7309
11399
10442
10000
658
4272
2208
2066
7093
6604
566
9118
8373
7417
10340
223
5181
414
5020
3716
5981
2778
5693
6136
3724
4863
309
2313
2791
6656
6004
496
7997
30
4952
1626
6751
6011
379
5563
4248
10790
485
7267
3005
6327
11052
5994
689
8087
5807
1405
8312
5524
2115
4980
10712
7613
11627
10604
6992
611
2954
367
6698
1379
146
3723
10525
5954
10531
4227
6546
8659
10484
10441
11858
11457
4299
7328
6533
7780
4138
7672
7300
4716
9645
4544
9593
11597
1686
550
9797
10269
3768
9639
10511
2653
9407
5911
901
7714
4315
565
6783
9116
5336
5627
2326
1010
7592
5779
10653
7385
6259
4611
6470
2480
11153
11772
3577
10412
4869
857
9211
1986
11730
3031
5716
5315
10920
3779
2724
9708
7134
8019
10695
11018
11927
8426
4981
3527
2093
3685
3952
7432
6077
4100
8190
3732
7827
2500
8150
11542
2073
8865
536
10803
10061
10497
1167
777
8233
4567
2783
7327
5665
8078
6757
4744
7591
3009
4698
9621
7783
10992
4482
7437
6746
11557
7508
1673
1225
10934
2434
9747
11414
2399
8669
8949
917
11122
6392
7314
848
8322
11710
3172
1860
2729
10141
8386
10373
298
1552
220
11349
9048
4105
5843
6469
8568
6147
5867
7034
9841
222
9461
526
11723
9850
1718
10143
505
10290
7983
3012
2388
729
7171
10045
6058
10398
5720
7394
2211
11549
9448
4675
2353
10219
11184
8973
4798
10021
10944
11444
1721
7106
852
1770
6105
10104
1139
5076
177
6288
7336
7169
8644
7855
8923
9992
7822
2994
10376
11801
2416
7998
8211
2383
7709
8748
3289
11636
4203
2502
11044
1702
2921
8572
8839
6385
4681
5582
2473
4777
187
8854
11592
6360
783
4458
4621
3551
3668
473
8761
102
8677
7859
11779
2769
2389
7260
11778
5
3142
6050
1249
238
1306
9773
9201
7115
5479
8970
7494
1015
65
8932
4139
10406
3900
7989
11332
1005
4145
5857
2456
6070
1357
6174
933
3367
2876
106
4578
662
7135
7478
25
9393
10337
7705
4720
5810
1940
8326
6924
9104
725
1203
2591
6031
6812
5549
2018
6021
8066
5134
9260
9736
10769
9924
7631
6027
7358
7924
1060
10099
285
8313
984
5481
6625
7895
11127
7146
8385
908
9793
8178
1064
5421
6904
592
5446
3635
10044
843
1899
11305
2987
5728
9305
5267
10580
1915
7057
8468
6771
2154
7291
148
6952
11259
9823
9491
11552
3820
6046
10860
6366
7525
3556
4381
266
5122
6170
533
8627
5043
6387
10113
9827
6590
9250
3356
1754
4086
7393
1729
10363
6935
947
2984
5977
4346
923
3486
4000
9270
10068
11526
2471
895
8061
9129
6485
9670
5116
10034
4867
5842
3553
9062
931
2745
11196
4715
2323
260
9716
3109
8154
11097
10594
5115
613
5110
2136
7422
2497
3115
7456
4912
11210
4673
3794
8952
9969
2237
4168
8821
5423
8175
475
4328
1292
7207
3980
1350
10321
4602
6134
8876
9232
3175
4660
11236
4119
7761
8742
2623
5781
9296
3984
2322
5763
5292
9565
9227
10185
11431
5173
2757
4557
2924
2845
11514
5741
5192
5086
9889
4640
11140
3873
6674
11311
7939
814
5820
4273
1445
10478
5455
5940
1112
4853
4703
6521
977
6950
3943
1852
6653
8774
10472
7184
11295
8766
3448
4514
8106
9150
10425
10741
10768
9996
6400
5700
2733
10923
3263
11788
1427
1778
8305
7453
9868
1388
1328
7753
11434
2508
11171
10137
1464
10628
11075
3378
3206
10348
1232
8110
7324
8837
8800
3323
2717
6137
1994
8955
2644
6553
4110
11737
8254
995
809
9520
7339
1939
4998
11301
5015
2643
3261
1409
11034
2727
9495
4143
7340
10109
5161
9347
8694
10513
1376
2352
8417
3325
6995
9392
3402
1207
5308
3821
7657
3990
1885
8446
6847
9033
4527
400
939
2111
9575
8975
11296
4107
6758
3520
10124
9661
11011
11820
1252
5191
1897
3137
576
9315
3085
8964
6430
8321
3317
3453
7934
10499
8767
11146
10317
10806
5668
11308
2510
8112
9734
5658
11455
230
10736
10709
11825
10838
3080
3315
11563
11756
5256
4198
8206
1638
3972
4609
4325
7602
9489
9494
10285
10879
5447
9612
5732
10087
7423
9043
6155
1244
10423
800
6381
3077
10115
3675
5148
10696
11493
4046
11299
3089
147
4310
4983
5305
4927
9625
8855
8735
4023
5265
11488
9937
7744
71
124
2357
11274
10251
8262
4627
10639
2802
2105
10031
9679
1643
5962
3075
828
4141
10179
5213
1440
1270
6025
11009
7755
9563
11415
6709
7359
6697
3487
5521
6831
3959
5010
832
281
10618
1675
7017
753
9301
226
2348
10417
5435
5585
6224
3290
11410
9107
1025
10862
2631
3584
5317
1414
370
6296
8902
7818
6642
8462
3037
5871
4377
5805
11873
10875
8231
3672
247
11640
3491
3649
6575
3638
375
8699
3999
2422
7183
1498
2375
246
3503
4267
2723
1241
10623
4173
404
7577
11381
11325
10728
3801
1476
7825
2465
8636
438
7464
5670
6042
10076
8089
3200
7447
6301
10133
2618
3295
5683
11847
906
10057
709
5862
5814
3039
3806
7991
6768
1155
8537
4902
7949
1521
2025
2464
1423
10395
3355
4614
8450
7867
1617
3800
1016
4690
3602
10343
1511
2805
6345
183
567
5090
206
1344
1680
6569
1592
2191
7678
6252
10205
2463
4855
3146
9223
7043
11159
4537
5151
10989
4108
1245
7234
6721
2243
8500
5228
9385
5240
5787
4220
10731
2877
11545
1953
4201
11297
1567
8090
3135
6662
1549
3835
9498
8277
10359
3363
11850
421
2818
9651
10452
3697
5616
6088
2871
2023
2621
6263
11461
182
2024
5698
7084
5358
8368
11105
10795
10837
6571
9554
5681
10211
2560
4467
7020
7286
436
1352
4374
5602
2539
5342
327
8435
3790
9974
7028
68
1791
5453
3176
407
586
7953
7933
1639
5924
11209
3676
4021
8499
1788
3707
3571
864
8125
10384
3825
990
11644
4553
743
9148
6908
9312
873
504
10502
4081
4101
141
4187
2085
5171
5745
2332
2913
507
11856
1757
7886
11535
4804
5631
3288
8653
5543
4476
5087
11249
1697
7941
11302
7993
10086
9804
2008
3376
10968
4650
10982
2861
8582
5271
6762
3217
4859
11632
8520
4478
272
7225
5379
6365
96
1276
1790
10039
3814
5208
829
7206
5009
907
1282
9819
2662
11360
7569
1547
9551
7962
9676
1887
7218
11242
6527
11736
7431
11701
5439
9524
11921
10232
5147
8946
2278
9504
3400
511
8993
2255
6984
9930
6949
6283
11531
10711
8399
3250
4289
3108
5831
2396
3614
3925
6841
3143
8023
104
1310
11932
9669
10261
9643
9247
3498
5242
2485
9557
1295
11111
8773
394
1141
5550
8617
9666
11661
1766
6402
9423
9581
6504
5069
190
8716
2149
11688
1454
7497
7387
579
719
752
10103
609
10055
6165
3759
261
9529
9743
3743
2781
3264
3113
4719
6622
4270
3786
10540
7185
9871
9949
3422
9161
10093
2814
1196
7568
6019
2177
6223
3431
395
8978
7973
4801
2235
412
3737
837
782
11571
8224
5518
2554
458
601
3218
8400
3094
2854
9068
4283
967
1799
9025
2398
10840
10281
5764
2721
4873
420
3561
8390
6393
5792
9881
7690
4318
9578
1750
6670
8205
9183
9920
9604
250
10882
494
9082
10850
10592
9090
7888
5261
2410
7470
2419
10426
3988
2744
3878
9580
8241
7351
2012
11386
1840
11037
2807
8960
299
8069
561
3650
373
1067
7071
9022
7051
10916
383
6436
3364
8164
2751
7581
3945
9777
8310
192
8458
4096
3038
318
11155
7378
2532
4040
8516
9598
2131
7661
3183
6179
9287
9469
1169
4830
10640
9176
6943
4718
10356
6561
1545
10276
6882
6587
8003
5218
11375
9271
8794
143
11854
6890
9306
9056
6230
5133
5159
5332
5824
3818
1586
3681
5538
2435
9014
7896
1880
2752
7458
4408
10892
841
9452
3755
3483
11555
3692
4942
7217
3309
10028
6934
8287
1262
209
2909
7814
9783
4655
6127
10925
5735
4710
1441
4249
3539
7007
2615
9355
1489
4425
10202
2960
5425
2068
11357
8457
11568
6166
8834
443
2808
6175
2816
3154
4080
9499
10050
5033
673
5577
7534
693
11798
762
7241
9808
4370
3563
186
975
10704
813
6959
8702
7180
355
4495
6798
9087
3581
5461
2184
362
9333
3876
5465
2683
9840
884
11774
5625
9757
11046
3153
7489
1674
3968
9750
4659
4581
2391
8418
10889
10267
5840
2040
5202
4854
757
9528
43
9058
9952
3414
5689
3214
960
5671
4131
7942
6209
7882
5995
11527
4259
3475
1941
2786
7972
8525
7614
11642
4028
59
9459
10668
8720
1407
11362
3170
10734
5041
11000
2935
2393
8358
6955
823
5343
7364
11010
6564
11390
9475
2531
6784
8483
3097
9124
2479
7151
6735
3120
7633
7121
1336
4126
7686
11045
7250
304
9214
5408
688
4165
1195
8934
448
10075
11241
11849
8335
4783
11393
3791
10410
7416
9016
8405
7222
2834
11553
4275
9440
11885
5431
11195
3842
1958
11613
2726
11141
4688
2033
5419
4845
7593
6277
7960
3098
2368
5172
8841
4322
6854
3792
1902
2796
7481
2878
2113
2000
3679
5531
5025
9678
2404
5848
5154
2826
5129
9663
538
3890
11689
1601
10114
4918
10449
9300
9822
1138
4630
4580
10029
5210
8107
6865
7541
5878
10140
1504
10969
10354
435
6357
2164
9478
983
2898
5742
7269
3087
6631
9477
3849
11853
7766
9251
6119
7504
4034
1223
6767
2801
516
6205
4397
7752
4384
6337
10978
11008
5158
10451
3592
7312
6713
10723
1288
9939
6047
11089
5601
3809
8615
4762
8210
6676
8910
240
10801
9981
3536
1780
10818
11168
2777
3610
11199
10144
2436
655
10415
4917
6663
11338
4123
6100
4666
5618
924
3111
4226
3819
7399
1528
11638
275
4448
8098
3662
7905
9133
659
2518
5463
2976
6474
8445
11766
6341
4868
8555
2996
4890
893
2163
9007
5392
9744
1600
4941
2824
6040
5778
2568
463
4676
4043
10665
11337
8998
6677
9109
8657
1289
831
9794
8170
1920
138
10453
5353
9215
5951
4861
5866
815
2813
5319
8304
2302
1546
9932
7851
3277
5522
2692
3000
5675
11145
10924
11408
3882
6211
6372
2589
9427
145
2602
3525
7487
4725
758
11454
10783
5004
5883
8891
11500
1577
8060
1620
8885
7087
1345
3322
7079
4771
10163
4959
11203
5510
4211
2265
2394
9363
11218
2316
7052
6681
9381
10319
4483
9706
2917
8278
305
4301
10047
1637
4063
9172
76
424
5236
11595
6903
8074
495
7192
8488
2424
3678
11093
7650
5056
441
2291
8347
7531
3854
1712
3523
8924
5941
7078
10022
2682
8971
1479
11135
7681
10094
1419
5966
3103
6012
6299
3656
8793
9018
2454
1183
6616
2574
3229
4582
10382
11188
1879
9626
7721
2668
10328
956
11162
5956
7669
2324
1121
7632
8200
11728
11804
3946
2438
3244
3807
10333
8334
10739
8265
7529
10411
3048
11149
7401
5513
1123
7354
11578
883
853
4754
4677
3705
10742
11023
9543
6993
3255
1526
1187
7061
5125
1430
2829
675
3345
4925
9252
9076
9386
6018
3787
287
1324
7864
3994
6518
6141
4440
1157
2509
7743
10634
97
6080
1532
11185
9892
6494
11412
356
10134
3474
4683
7622
1776
5280
4079
5837
3333
7771
1910
1881
5206
2908
6338
667
2341
430
6289
8380
3165
3895
682
5707
6696
3884
2648
6157
7585
7687
7058
5093
4944
8987
7611
4827
8939
7174
9190
11466
10703
6792
7211
629
10796
6669
11175
11333
1830
11342
5903
4786
10258
1599
2127
965
1257
2933
2862
5169
7156
11096
7948
3409
6855
7168
5313
5244
6255
10070
2334
2459
5896
2330
3247
8366
9751
4271
4638
5578
4498
7430
5672
874
3578
5306
11721
8754
5057
5900
360
7429
263
6051
4029
11132
4436
11061
5804
6711
597
2104
2064
4702
1819
4188
302
9464
2953
9077
10322
8691
7026
2135
8986
330
8606
3007
11931
1859
9813
2959
9605
10870
5032
3321
7141
1307
4401
5785
1635
4132
10294
8861
9346
1856
7415
2517
4048
8472
3282
6068
8325
3505
5967
1142
9230
4586
555
8477
8381
993
7839
3857
5089
11016
10983
7748
8600
8187
4590
5974
2059
11814
1459
2910
1829
8740
115
7739
6649
1133
1693
6893
11396
7408
1553
4071
9570
570
9170
7742
1463
5454
7490
5628
11281
2507
4604
3377
2308
5894
6126
3828
6429
681
4886
11561
6481
10566
11436
1171
3613
6948
776
10213
6112
7796
9156
9488
6107
4625
173
950
3461
545
1160
6177
7861
11544
8349
4643
8402
8157
2664
6083
4865
8336
8714
1876
1210
500
6125
3056
1952
11666
8715
7214
8842
6766
2172
6148
8202
8647
6586
5451
5680
10928
9106
7331
8447
1921
9449
7101
5611
7220
7016
1713
3159
10836
2601
4053
6591
5869
2359
9053
10492
1571
4685
9904
8602
4646
9195
2981
4789
54
1871
7315
114
2294
2961
7662
2006
5570
1077
10101
1963
9229
10201
9238
8739
7438
1399
6888
5803
763
10649
10804
10023
1049
10413
10004
11275
6558
1715
3645
6895
7486
1418
11875
3424
7703
4076
5476
5838
5667
3735
1658
11224
3693
11116
5637
3906
8258
639
1
2363
11254
9659
5536
9074
498
5052
6988
9780
11419
4435
8229
9080
8996
10778
7100
4410
5388
9712
7392
1838
7564
4946
467
9261
8917
4755
602
1140
1311
10800
6570
221
698
10935
4134
10603
3974
244
10393
5390
4345
4761
8466
4949
9138
9039
8846
3413
5964
8749
7838
5082
5221
11749
10765
8416
6859
6340
4457
6791
11283
3425
1091
9467
9795
6658
6788
434
6278
1851
4887
11656
271
9505
11440
9490
8875
6067
5714
5796
9632
4243
8700
8084
4327
1630
1416
6061
3714
750
11352
5412
5229
5077
7751
6013
9226
3827
11430
2950
3360
9527
11731
11855
10318
1248
11920
11441
9360
10675
4191
2327
6237
109
6123
10568
8671
3875
3284
5190
8807
11481
11714
5282
5690
1069
6851
6914
7023
945
687
7363
7741
3837
1681
4816
10071
10967
5385
5971
1117
1044
8212
3224
1254
2776
2946
9774
7684
4739
7179
5985
8142
5239
1220
3444
1872
10843
11448
11087
6336
1606
2413
11550
6552
5434
1013
4269
3831
3076
969
8222
1596
5791
6008
5098
10524
2045
2980
11857
894
11334
9786
10483
1143
7958
7349
9209
4648
7498
11720
4443
5839
31
3617
6770
4329
8968
5610
205
29
707
11738
6894
7001
2711
405
4805
10481
3749
3167
8235
953
701
11812
6488
11017
11669
9962
6699
8007
6897
11693
10408
45
7137
3389
10661
732
9985
2286
3119
3912
9886
4162
7412
4215
645
1339
6133
10646
11048
5855
5199
4499
10644
8709
10186
7532
10984
595
2764
5039
7005
7048
150
3086
10514
11695
10788
11890
2274
5470
2753
5650
562
6017
7242
10238
8113
1428
6493
7226
7872
5177
6152
1200
9730
9473
10682
7112
11816
11648
8259
11471
9348
4793
5245
5684
10740
8903
2418
10355
3459
9457
6985
9721
7345
2188
11246
4874
2468
10827
5973
11049
5828
8511
416
8329
4371
985
213
8990
575
6225
11257
9613
9268
140
1124
128
5457
10315
4485
11865
724
10918
4958
8464
1813
4988
1261
9513
11490
2390
6069
6449
11559
10738
4450
1765
3511
10156
11091
2053
1961
4308
7940
7247
5075
6428
4505
342
9203
6701
5993
10815
4939
2365
8049
3435
6773
7733
11902
11449
61
10019
2831
113
10026
7554
5749
389
1125
8679
3148
131
10015
2449
163
11319
6932
1041
10056
2121
6220
5395
8931
7683
3739
7122
11003
8852
5468
2331
9379
8387
7118
6455
6055
4696
10872
1320
10397
9328
8306
9942
4339
10008
7946
11279
5363
10625
9390
11511
5673
4559
5027
9326
3433
10911
3371
6308
191
10152
6091
5012
4390
2193
1667
3696
3104
826
8489
2907
3548
7049
4383
6073
10715
2280
1493
4305
7774
5118
10720
4555
5747
9983
7155
8375
7964
9237
3766
6635
9388
4880
7979
8566
3319
7261
9526
4837
11450
3886
1825
11830
4256
11593
2474
5629
4526
7190
11777
1743
1116
1221
636
656
11840
388
9847
10819
336
1824
4558
3029
9614
4303
5906
8243
5066
8493
4724
6981
3541
3830
8762
1053
6973
6809
7040
6282
7646
5872
1605
2563
1038
9088
824
5794
2048
2143
6885
8410
7943
402
8561
9825
2580
11359
10490
2011
2704
5759
4419
6947
3245
7348
9935
2168
193
7740
7248
1424
11610
6441
4280
10570
5413
7728
5231
7475
6181
2409
6898
2277
11068
320
6901
283
7398
2128
5979
3538
9168
5347
11541
1432
749
9050
8612
1170
2382
2894
8833
4438
11258
2272
7381
1360
1410
1964
411
10960
865
7491
1954
9501
10500
6057
1021
6145
10746
6130
9408
6715
11690
3765
1928
11256
2109
6512
5341
3506
4414
3248
7579
7450
6482
4223
6456
2441
9733
7881
8896
11547
11207
11215
3493
358
11754
4668
8141
10422
5243
9722
711
793
9884
970
3970
9947
4628
1810
1983
3802
3093
4232
5376
1341
1260
4092
8080
10705
5274
8670
10521
11634
10501
9017
10975
3331
4731
4728
4603
1033
7296
4494
1798
8937
5198
6763
11719
4306
2431
2983
11663
4129
6543
7330
7459
11133
9471
4172
9596
6219
3918
10027
2989
1878
6834
7724
1760
11523
5847
4654
2360
11807
296
1431
8196
5914
557
3773
8776
3462
9382
10159
3991
2273
11652
2667
10763
6312
4920
8411
10844
11895
9380
7810
10371
3061
409
7828
3010
1756
3770
7854
133
9997
8693
3359
89
7795
8619
3270
10517
770
1422
3276
9259
541
11054
5986
10320
10342
3748
11458
3381
9454
181
6097
10839
9110
525
8174
2197
1551
9047
7128
9111
5784
6007
11417
11326
4876
7975
1510
10762
5622
3203
888
5540
898
7147
200
2407
2590
7515
4463
3531
756
1444
8905
663
3524
2007
4125
7419
2533
5783
10131
1402
10430
7694
4965
7644
5140
10331
6349
9167
10231
7126
6787
10273
2522
2557
8928
2637
1443
2858
10663
4954
4568
214
8213
11585
5333
1246
2087
821
10648
2974
981
2101
9916
8116
9986
6323
11380
8220
8676
5798
581
7418
8882
4358
2207
7768
6742
10157
964
7208
2869
429
7290
2148
10370
6619
9479
2930
6675
2851
10304
10053
144
2686
4560
9858
1006
5604
9934
4050
276
5176
2920
5480
10257
2719
4817
335
10942
10724
6880
6294
1166
2214
9
5187
3259
9842
2865
4004
6805
6260
6585
11683
6269
4018
6353
11110
3983
8357
4373
1217
3908
8050
1026
2788
1698
11606
4991
3717
10868
6671
6420
8690
5496
3211
11164
3241
3574
9041
4324
9311
8707
547
1086
8711
9265
3582
8603
9697
11073
5507
5104
7332
70
1330
2612
3306
9416
5711
2065
3042
1226
605
6782
3888
2964
10938
314
7368
9240
7095
5548
236
3191
6627
2597
5149
3064
7064
4245
10508
8382
9235
9446
90
10329
5350
10298
7830
10606
7680
3072
3236
9582
9763
3099
10550
3639
3008
2301
6538
8588
7294
1392
8467
10287
11307
4907
7375
5712
11637
654
1646
5165
9681
8734
454
10624
6863
7111
5921
9518
9064
6870
2691
6270
9314
1873
1128
11306
11815
2425
4388
7116
9208
11569
3651
3013
9307
1043
9453
10041
2654
4966
9859
3313
3351
2611
4075
887
7626
7285
11002
3618
8573
7246
1218
7516
5937
130
6466
5078
10776
6006
5063
4591
4956
4629
10867
2584
1560
4518
2874
2309
3975
5573
10419
8144
11870
9984
10547
1300
11373
6458
5801
10952
4669
8992
11548
5875
8242
284
2477
10809
1936
11150
10522
6044
8398
5833
1034
2145
10380
3416
6741
4007
9928
7125
100
3223
3272
1325
9294
2161
10876
6549
11573
6432
9836
2515
1595
8972
11355
5568
1522
11384
5367
5717
10583
1672
4984
7889
2604
9137
7803
3006
11172
11
3067
4084
1761
4607
7620
11217
3139
11082
2774
7053
117
604
949
2222
8547
3783
6786
3901
8599
1278
9115
8777
5564
7019
7984
8945
10108
700
6815
7032
3404
466
4072
720
9908
2499
7347
8553
8225
8592
9566
5272
3951
8497
8518
5905
2661
251
552
6386
5403
4441
7791
6109
7589
1096
11633
8440
2558
3862
5553
7723
5755
11059
311
7912
10427
2370
11219
3179
9682
7588
7772
6944
5289
10187
10149
840
4592
10581
1648
1062
10037
10754
2170
3510
11620
7691
7507
4605
8217
9213
10468
10773
8043
5908
4319
4361
7860
8186
4288
3446
2133
1804
10515
7194
5886
3805
3742
9897
8915
5088
9818
5288
5939
3552
11717
8158
8674
9503
9445
9525
3070
10049
8130
4286
9848
1327
137
9552
9782
11092
3149
11345
6082
3083
7846
9083
2069
8028
3648
6551
10146
542
11605
632
8778
10198
7059
10995
8441
1326
155
6833
349
422
3700
1366
10475
2016
6287
369
6191
2056
1558
7567
11513
10730
159
8369
5222
11374
2899
280
11335
10564
10446
4287
529
11198
5361
5293
2773
9910
8908
11463
2674
487
7808
9854
3016
11473
7080
6203
9117
1178
6793
3784
8433
348
11880
4097
5775
6688
8791
8227
1478
11230
3017
8577
8127
415
4910
4770
7779
6969
3718
4480
5456
2236
3041
9067
7129
10641
11331
5576
7162
6873
8543
10062
1997
9280
5686
7538
8552
9636
11212
332
1530
7145
479
11805
7138
6883
6316
5505
11104
10822
9955
3629
3096
8396
11292
11248
5316
9160
4509
4454
4841
110
8145
2760
8091
11923
10330
5598
3785
7875
1962
1442
10651
7706
11718
2765
11707
10654
5980
1542
5718
471
6832
8796
5355
4721
11376
4766
9767
10554
10248
5808
7074
4678
11802
5809
9466
9254
4740
1406
4538
6647
7055
4757
10437
10011
11765
3338
6202
1309
1903
3258
8911
5534
3644
5017
7
9618
10972
9530
425
7329
4266
4878
7299
211
10488
1823
8475
6178
6339
11647
4714
1802
8981
10956
2952
353
6118
7442
4727
2189
7326
9882
2042
1858
1758
1113
1131
6507
10020
3516
7572
5739
4619
4150
9816
3187
7130
6094
6246
1109
8984
8346
2836
9895
3385
7648
5586
4935
8519
7449
5365
9165
8805
9034
509
6180
10548
2687
4347
7660
3423
696
5599
11866
6624
9726
3559
374
9713
8419
7777
11120
10090
3666
2656
7929
5008
2232
3451
1466
6724
10771
172
8877
4701
4323
2586
2461
3544
79
6153
1906
5874
11828
5262
5910
5448
2937
849
10825
5307
1937
7457
8230
484
8302
7099
548
5219
6749
3863
6954
10672
7965
2658
10847
4656
9246
6789
7068
4265
9275
5405
10509
3725
107
9561
11852
8288
5068
4834
6945
9972
4170
10871
437
9755
10240
7606
628
2795
9758
8449
11424
3949
6092
312
2541
9460
6293
3411
2267
8576
5294
3853
1742
6408
6151
7189
7821
4780
1863
4182
10713
11601
1271
6216
2852
1959
8037
4938
9092
286
6846
3047
6290
1019
4785
4846
9413
3855
7272
7509
4940
7775
2138
856
9444
7897
3640
6364
7377
6874
11204
5299
4059
9595
8764
10091
9677
8208
1980
10464
5621
3580
10067
9204
702
10933
5614
4972
4608
3761
8892
10852
5387
9028
1190
3116
9113
9186
1857
642
3838
8514
9674
4363
10755
1568
7085
9100
1317
4679
2074
9367
11245
5324
10636
3434
1996
11378
489
5006
9244
1733
10906
381
10332
10766
7203
9950
2371
650
9964
1632
3420
4024
6774
1929
9120
6609
1111
10169
4091
6261
7010
2167
7900
8204
8530
3189
8101
11755
3535
5168
3392
4307
1991
6200
5987
10032
2367
2739
8646
239
6490
8940
3034
4810
5836
5811
3022
3467
6505
4183
11315
10895
2312
8448
253
7956
4594
1584
6460
7266
3069
3860
2117
6029
2587
10431
9741
1318
499
9588
10228
8871
10175
6548
8194
11156
6877
6963
7797
10207
7921
6417
6378
5466
5756
7131
3386
512
5705
795
4041
2204
1573
8372
3192
6190
5936
1236
2173
5729
5212
6309
10013
6611
10167
2336
8501
10953
1905
4847
11675
8155
11809
3534
915
11285
10242
7216
10823
8900
3958
8678
8364
7951
920
5634
623
7366
11518
11013
6942
6075
262
357
11861
8296
3798
3273
2542
1691
6694
8780
1762
9239
3207
11304
9236
5641
8406
9002
9635
8630
5238
10930
2182
1720
7607
3738
366
19
3789
674
8134
2171
6835
8063
9441
9634
6071
5462
3706
11025
9931
5943
1238
10035
502
3967
2728
11353
11874
2782
1363
827
1563
4316
257
1156
4399
7967
8226
9253
4333
2941
10853
9374
6099
197
8333
11058
168
2257
10038
9990
3996
8944
6806
1338
232
2252
9845
8621
10100
10130
7908
1199
6398
6199
9830
7986
1515
10491
5321
7639
2183
365
7812
1057
9655
3252
9396
9853
6475
7616
2694
8409
2939
11729
7758
10842
9994
4386
1874
7523
10504
10170
10305
9921
8897
11831
6461
419
9425
2406
3394
6307
11655
3528
8307
9456
6222
11192
8094
5034
7060
7224
2583
531
2230
9550
3471
4239
6794
5374
8633
7610
896
6682
3905
3365
8376
8012
3939
201
8216
2270
10708
10005
6332
7910
118
11881
7136
11590
4057
7514
5830
6638
2918
1752
1485
2022
535
7834
2698
10092
11344
10148
6577
11863
5310
3279
6427
4892
3573
8534
4564
6117
2239
3903
10744
9705
6334
2998
10710
806
1279
9241
860
10301
6626
11510
4356
3611
11882
8374
1472
6472
8342
2009
9308
9579
2748
10541
3481
9507
8859
2991
1917
2767
5232
7710
1817
9664
8751
3677
6483
6752
6738
3122
8021
7425
4774
7837
203
9998
2329
4857
8750
6523
2285
8122
9021
7621
1285
6643
6719
7281
11069
9081
4453
8728
11748
7873
11704
7144
10878
5593
10096
9891
4087
5268
9222
9071
10313
4671
7094
10191
8051
8604
10510
2582
8632
2817
2577
8869
3621
3388
10915
971
8801
7697
1404
6314
11456
1500
5562
8143
9277
8393
9695
7843
3408
11085
7745
368
7913
1351
3265
8542
6371
11179
432
5371
4953
4099
225
11251
9329
4234
4462
9284
5135
2763
5442
5678
6023
7204
3246
11914
6580
2863
11180
8517
10926
3380
11876
909
6775
4631
2638
3653
10931
10573
7682
3788
11930
161
6131
11282
7537
1695
1421
7894
6761
6976
2107
8901
6692
1009
7765
1161
6121
4848
2718
11462
5107
11643
4231
7343
2641
258
2380
5907
8108
2942
9334
10729
6531
3068
292
8658
6537
6997
2702
554
3921
8988
6347
905
9285
10392
6404
8479
7302
3871
4808
4464
9592
5424
7178
999
723
2932
1003
8260
2837
11158
890
1165
2896
11309
2345
3919
2405
510
8682
6450
3001
10060
8727
1198
8085
2325
2564
7634
9336
9542
1869
7466
7954
5331
78
341
9692
6463
9718
3440
9177
951
9225
1627
7050
5309
2337
5770
3771
2297
166
6503
2491
6907
3593
10266
1273
1661
10747
10828
6173
8189
10183
2458
11612
9339
10493
5926
6144
3040
408
9451
7462
4511
6421
10206
5859
6358
3977
4743
6394
8692
10775
1990
11894
7337
8123
8042
2076
442
10660
2977
4115
10726
410
10303
3795
11725
9354
2607
506
811
7717
5992
156
8912
1349
3173
4120
75
4987
8624
364
3850
8169
876
6399
101
2103
5114
7708
2787
10958
5184
9144
6731
4135
3870
5961
1900
8188
2279
5389
6374
2968
11502
11639
4866
11024
722
10626
3937
919
4233
5984
772
1538
7874
9919
6267
5703
11827
8756
6936
6652
3129
11838
2151
10647
1458
7167
2361
10118
10735
10586
2651
3546
6513
8152
5047
6989
1434
6403
11906
56
6214
1059
5180
10375
7140
10135
1690
3583
9585
10951
4238
7000
1099
1805
530
4975
8215
3447
4964
10247
8868
4776
2672
1655
1812
6258
5669
11508
4230
2036
1842
4221
4144
2741
2315
5657
9281
8359
9954
10335
1082
3202
1747
6573
5744
9760
1233
1475
11139
677
6217
6912
3608
1789
9191
3140
94
738
6089
9357
5241
8591
2254
6500
11314
11607
6668
4764
6508
10404
2925
6723
8257
3044
8806
6343
7369
2195
5079
8787
577
1150
9702
10666
8171
6876
9303
3497
11055
6275
10749
11924
2335
10306
11065
9365
5876
1519
9671
10835
11261
1438
3177
4735
2439
4242
5885
11768
1578
2096
9288
9629
6608
6233
11112
5761
3626
11350
7350
8967
4122
1736
2427
4997
9544
10543
11401
1796
8655
7698
886
4833
11677
5022
4664
10466
6003
3713
599
11770
5676
5721
8146
11743
7066
9913
10963
4001
1916
10058
3105
5016
8531
2978
4151
1543
4832
10122
5725
2889
4856
8991
8786
1375
5217
635
744
2886
11464
8281
4340
8565
5322
2494
4418
2412
11379
2152
2529
7280
2209
1732
5469
7618
4420
5007
7172
8860
4618
11422
2381
5997
3575
8831
8812
1389
11107
3251
7209
4779
5535
10278
10512
5046
8662
6655
11226
11383
9038
10891
11428
6426
7584
9590
855
4908
10459
2099
2905
11021
4008
3343
5189
7850
11255
10658
9373
8845
2061
7262
8338
10126
10128
3106
8421
11818
9431
9630
4013
8966
4758
3599
4554
4292
8432
7318
10677
4067
6438
242
6941
5594
10494
6900
5120
3767
3731
1235
3432
10503
539
11871
4782
6342
8024
9600
10223
3260
9395
1527
691
8361
7653
5329
9352
9146
1993
1529
116
6228
9175
9927
9154
4088
267
8013
11222
8704
1334
8745
2523
6108
4366
5028
5617
8884
10797
5708
6918
8631
7452
1481
10656
295
8810
4434
7966
7884
2680
2619
7254
5160
4906
8498
488
5356
4009
9103
5701
637
9356
8982
518
10433
9442
3868
2153
3147
3292
9657
6305
1535
5201
2731
4871
7460
8391
4062
10733
11160
7199
8422
4913
5432
7465
3686
11267
4184
4963
11703
2720
3216
4121
2943
9779
2180
2982
10602
5652
2125
3843
11904
9610
5209
1700
10991
2504
7738
9470
1688
4877
7455
5934
2298
4102
2572
5853
8443
1154
6410
6473
1650
7063
6499
4404
8926
2543
8858
2019
7173
2520
9694
5655
11715
3410
7150
6464
11603
8622
3373
4961
7104
1570
7031
10030
9398
9810
3897
9824
2967
3924
9343
10347
6765
5378
3609
708
10772
8817
1593
6856
11735
13
9516
3799
9753
3558
10299
5902
9999
2241
664
9157
5094
3051
3793
8823
8628
6304
3757
6576
9321
7845
2110
4736
3756
9765
1978
9194
7411
6999
10112
6759
3021
8953
5608
2199
6754
3898
11118
3398
7114
11043
9738
9264
10196
7102
8276
6056
9322
8927
3708
1898
6185
9031
8102
8016
8293
3071
6962
7530
4824
1239
4661
9012
11416
2519
6818
3938
32
10046
563
188
3600
1450
2581
4352
273
2205
5852
8580
5328
4875
7909
2244
5143
9654
1333
42
10300
10399
1103
5762
1670
617
1490
3024
11650
8490
3220
5364
3466
235
7479
9993
11706
1153
433
10024
11740
6844
9443
1176
4491
4407
2202
5544
99
5215
6605
4205
7527
2080
33
6139
2130
1312
4860
1090
6238
1850
2887
1575
6361
7036
10737
10780
11751
1020
2846
5503
40
3690
6038
6860
1439
1868
7762
8126
7831
9648
6143
2492
4543
10970
11351
1914
11691
10489
279
3232
1212
8522
6872
4025
8656
8512
2592
5571
882
401
6382
10620
8065
9006
5050
4742
7707
3157
8044
1781
5746
7493
2579
2743
4045
8681
1517
6690
3829
10662
7612
5730
8309
11912
4254
3163
10418
8298
2417
8819
4534
5947
10264
962
10908
1566
9291
7468
3750
982
2893
7258
774
2295
8104
3683
7853
9257
4351
5247
4118
715
10310
9863
6034
6506
10496
1175
600
5731
11742
2260
10685
9978
6079
9811
2276
8703
8680
6639
352
119
6822
6346
1814
3530
7196
7282
4257
11117
5821
6232
6406
1491
3350
11143
9389
11433
11536
10534
1201
3421
9434
3257
3526
7790
3303
3419
3314
10460
10017
4647
3391
4235
2021
2289
5266
3092
1574
2444
5897
6509
5460
9720
9538
9577
4274
8608
8977
2223
5285
9233
2443
8008
2883
5695
3513
9567
5100
245
7367
215
5623
10671
10476
4326
6971
1374
5142
7081
5320
5344
1503
7148
9419
6072
3772
5546
2944
11928
5854
8118
9754
5124
5834
6729
8320
676
3673
9465
6618
6596
3057
5754
5569
4058
5035
626
8095
6326
3118
3454
10781
5414
7904
706
7603
5572
7243
11517
10233
1925
748
4712
9907
2296
11395
8284
8437
11496
10539
11161
8290
7357
5953
10438
7630
392
10857
7583
7232
7175
8064
6146
6039
2020
5946
5499
5393
2194
7039
2160
5311
4398
8492
8965
9324
6623
8770
4775
6437
1523
8523
7976
7435
11901
8666
1707
1967
8641
9693
9084
2524
4684
8948
878
5091
3346
2249
574
5819
8880
7257
2083
10364
3283
1102
9660
6667
1362
11438
9032
7191
7215
7627
5055
2866
301
3815
5647
8815
10243
4894
1764
2317
11273
6974
916
8383
1290
4549
3540
8344
8943
10505
8348
6431
5437
4279
6957
5590
801
4344
7807
2503
10793
7725
8428
9704
9293
5799
8496
8665
2052
11794
8701
1298
5422
2218
6113
9037
8360
9272
4870
2979
11365
7153
8195
6567
413
8804
1839
2810
1656
7652
9650
7835
7798
4993
3680
3832
34
2567
7737
922
11101
5301
6980
2063
5554
11214
9878
854
9292
6160
6020
6613
4692
2972
5335
1890
3043
6633
4519
7781
11692
578
11699
344
11602
4185
8790
2258
6415
11147
3253
10275
5923
3209
6060
6285
8394
5818
7893
6595
1348
6439
10582
10577
773
4037
7750
7928
11205
3015
7675
4070
6257
8976
7090
9023
6241
9378
10650
6556
8906
6584
5931
5514
6566
3011
11562
8594
503
5500
10467
1641
112
2306
6617
1384
6925
8950
7426
8026
5051
7899
7483
9391
3502
714
6348
1947
10265
3647
3155
7062
1634
7513
9192
2912
11194
6522
7353
8916
2013
4550
4513
1618
3704
1371
7920
2585
1159
9890
10353
8538
5719
11653
6423
3213
20
3066
9729
10613
7916
4501
10947
142
10998
7235
5036
3826
9066
11336
6479
5179
2311
5493
1180
2102
594
5473
8251
943
11630
7361
10454
5101
24
10358
2742
10596
5557
4218
9946
3904
5398
2649
11631
944
6182
6049
4737
10066
6769
7952
11789
9675
4928
5600
3256
6492
11635
10033
3605
4802
2700
8570
3781
10365
6242
2081
4078
2472
7760
8068
6702
4459
67
8273
2914
3127
11700
4359
7679
7073
264
3941
7263
9766
9217
55
1247
9752
5526
11525
7978
9991
822
9775
4089
3604
10241
5753
5085
11574
1035
5706
2707
10556
699
4095
2041
8297
4039
10791
9140
627
3933
8605
7446
9912
7719
6659
361
9065
4588
11030
4133
1537
6036
4376
6560
3616
7229
4599
6465
10701
2290
7045
8618
2626
2891
4651
9971
2938
10381
761
6215
1023
1227
10591
6665
2005
6764
1197
1277
326
683
10450
4807
3326
2575
730
120
8285
7320
8866
10225
5429
9152
1508
6712
1633
3839
11819
5498
6535
10913
1855
7866
2784
8002
4729
8027
3507
11453
6313
3760
8672
198
6204
10642
8549
7056
8345
2174
7029
717
4244
256
1944
3734
5950
7317
11696
6529
1773
2100
9224
1704
9862
3751
1071
11898
384
9046
6030
9362
1539
2032
308
1000
4708
7042
105
5275
6281
23
2945
4334
5023
180
4171
6001
10286
4011
5357
6138
3962
791
1393
10555
8289
303
4204
4421
7788
4826
6654
6454
2206
11432
11178
11767
10681
5401
9768
8894
5281
4781
6810
11558
2442
5736
5750
11354
4213
8001
7832
7166
6412
2904
739
7305
3184
9762
10753
5733
8829
8413
7575
2571
10174
6434
9569
10537
8179
7539
3715
4933
3973
7356
10368
7252
1401
10645
3418
11341
7075
2386
8250
8873
4546
9399
834
8532
10059
7077
4194
8151
4196
4148
902
5887
3627
11781
8613
8870
7400
8272
4571
6902
6666
9304
1548
5060
3429
10981
1854
9332
8045
9523
11554
7608
7702
1520
3469
946
5366
2082
11134
73
11860
3496
5081
9961
10052
11316
11063
6002
10686
2780
10387
1368
5917
386
7123
11793
2247
2377
8830
7628
1042
5155
277
5958
8888
269
9188
8827
3833
4915
5260
5584
8994
9711
5952
9026
8883
455
7671
1740
5477
108
8079
8439
9051
7482
4246
5697
9298
11746
9772
207
8935
6048
2455
7154
6857
11183
7308
7907
8268
2415
4572
11346
4948
3555
5287
5251
11186
11081
7848
9944
11385
9458
6256
7288
2378
4831
8048
11138
9989
8645
5751
5402
685
9089
9340
5782
11406
10048
1660
5074
669
1907
2349
8551
6931
2344
9684
5508
868
2392
1524
153
3058
7333
4635
11783
810
3074
1355
7008
7857
1181
2318
6354
4562
5375
3670
4433
8015
8840
2906
2948
1604
9221
9646
9439
9948
6081
1795
4294
1999
8936
11844
6135
2215
10362
9960
9535
4268
672
7656
5777
10277
6369
7974
4497
3465
3427
11411
4250
7124
879
11220
1792
9652
5304
10296
532
8610
9199
7384
4044
2716
447
11551
5146
3986
2792
10813
8193
1480
2540
3948
3659
3226
7379
1004
4180
14
5487
6331
5235
6329
1602
10899
8650
4229
4589
914
10160
1365
6010
10832
2210
5827
7344
1960
521
8589
6875
2198
10246
3631
7239
670
5547
3114
9345
10221
6167
10216
8567
8510
8983
8311
10314
139
9548
9510
11747
11478
7284
6684
9914
3642
10585
4763
7689
10036
10691
3300
8954
1889
3275
10608
2730
10323
2975
10434
3297
8584
8533
9212
8460
6850
2303
5139
8689
3803
4636
621
2605
11038
9009
9957
9748
1258
8540
4686
2879
8453
10474
10820
6032
5789
10865
9979
8685
3112
8120
1759
4600
8133
6916
8148
7395
4455
1654
11126
2038
9665
8798
11654
7833
10845
9313
6194
6377
338
4797
8319
5795
2963
179
10589
9249
8041
4488
9216
1237
11163
9338
7871
1353
1683
7499
3152
459
8765
5771
9732
2521
6629
9189
3550
2350
8161
2319
10088
8947
3712
11208
11320
3335
4622
7406
7546
4181
616
7445
10016
11750
10863
2841
10904
9917
9481
10302
10236
9262
8331
7759
5153
872
10900
11615
4772
10260
6344
9976
9531
11711
8318
382
564
8328
11128
6028
9432
11039
11530
11050
9723
10293
10536
3861
1321
3834
3443
5014
11452
11136
11823
1976
9815
10898
5472
668
9404
5895
7802
8159
6245
4533
10455
2973
2608
2934
4321
2493
558
7255
6169
6448
6707
3720
2159
3026
1597
3752
5632
3851
8569
1951
6602
9967
7528
5323
6725
8635
4022
1346
6574
4563
9436
10532
4281
6195
319
11813
6395
4360
2162
4216
6555
10919
10229
9742
790
12
6102
7787
7668
2663
5765
2300
3612
5227
9756
6266
7932
1699
6966
9601
77
122
2747
11108
9839
10538
4052
5882
11617
194
1613
2490
5605
2446
7809
8240
9493
1594
4652
6279
986
1579
11905
766
1234
11915
5327
8029
1465
2366
10643
2549
3362
7599
10799
10959
1541
6986
4302
10327
7274
4177
10212
8176
5150
4477
3458
4155
9817
7898
202
11387
3485
11916
11070
6628
5303
8760
2178
2630
1772
5269
10910
816
9864
3296
1373
11589
8444
5128
5793
11425
3222
2860
5506
3328
8173
9941
3164
10081
8958
3852
237
2988
8844
5832
8886
9900
608
7879
7088
8365
1065
7065
3595
476
3455
5945
6778
10884
5362
6743
1862
5096
4400
11822
7692
11786
8560
6384
4536
294
1836
11727
5609
313
1676
1588
11277
9484
1828
1063
9883
8849
5587
10401
4746
6356
4033
2108
10939
3182
88
4357
10447
1922
11826
1146
2078
9506
8969
1394
2181
8515
9462
3915
1037
9207
5420
6310
8856
8706
8253
10664
8395
6660
2271
6184
465
10065
1269
6607
1497
11402
5773
3929
9609
11556
6318
10973
8494
6396
6994
8185
2079
7641
3753
2629
9514
1797
9119
5113
7699
1092
2919
6796
5497
10297
11668
8053
6489
2139
2842
11371
10040
11191
8667
2614
8850
6154
11169
1751
5861
1815
7271
10523
7181
1136
11131
1095
11324
1662
1030
346
8131
9638
297
9943
2844
11470
7582
11893
10043
6645
6728
1397
9806
10896
5845
799
452
9898
2633
10999
1266
1251
9870
2754
9602
6043
11358
2552
5935
6516
8893
9835
1679
10456
5409
10869
8688
5640
4417
7561
7815
789
9628
60
7477
9791
52
2699
3450
10230
3698
7957
11771
8574
6413
1771
1403
10295
6612
6967
11166
10479
2758
1302
8062
5003
2853
2867
5679
9735
9101
7617
10518
5080
4809
3274
7027
9849
11560
11515
10544
4251
8088
1649
7587
6730
4968
9496
10162
4207
10881
4055
1977
7817
10520
11240
10237
904
8397
2358
9790
11115
5916
11190
288
5117
1763
8487
2094
11051
7200
7749
7448
10117
9662
9519
3576
4885
6324
10584
10893
8744
4253
1603
1616
7598
7264
8163
11394
3762
8629
1901
5815
10600
5519
11200
469
3107
7195
7463
3395
4989
2043
337
53
3123
5561
5300
4413
8526
10810
5384
1072
2256
3285
9591
4090
8436
1849
11764
10414
2460
6035
9688
1482
9547
9402
7688
7552
7841
3196
9121
11487
6886
5996
11276
630
2379
1148
9297
1364
10421
1506
8938
48
6212
3780
8017
7573
6606
6445
5704
5624
9013
4665
4348
6864
6829
9801
7510
4922
4697
1499
4012
3944
9564
4350
2062
4613
2870
7715
2469
2046
7496
37
6946
2261
6297
8
1696
11225
5019
4431
3101
3379
2219
8651
3891
2414
9125
7756
9533
7727
8539
8099
10638
2466
1177
2192
8654
10864
406
1436
978
9057
10147
10890
8564
2411
1982
3495
7590
7287
7024
11625
11409
2709
2926
4178
10588
1152
9105
8431
39
1296
11713
4524
2141
8317
10458
6720
1084
3238
11733
3881
4900
5710
2555
8578
6823
780
4791
2761
8942
4479
8640
5633
174
9975
649
1723
2054
2995
842
6451
4633
8485
4843
8128
5636
10526
839
7512
692
9728
3874
4375
9182
4796
6218
6892
9141
5515
7927
2075
5246
4380
4471
8209
6226
3620
4337
4709
742
8181
2251
8032
9953
4542
10684
1779
5644
3090
10402
775
6814
8136
10833
11094
154
8280
8264
4391
952
11339
10080
572
7070
8111
6526
2288
6572
4493
7228
6388
4943
9805
7334
979
3978
2035
6124
5377
3117
3688
4637
5084
764
6539
4976
8638
1895
10807
4760
1821
493
7237
4430
1105
3307
11929
2090
4986
3150
8607
792
2556
10779
8177
6568
4136
6249
6938
871
4030
278
4921
6991
880
7054
3960
7917
4813
4403
2240
3899
11072
5918
4597
3804
7346
7950
3349
4747
10439
6827
1966
7240
4077
6651
22
3126
2725
5348
8461
2562
5383
5234
797
6198
7405
936
10861
5354
4694
2706
9210
95
10345
4896
1935
2395
10506
6128
2936
5912
3652
8070
6779
11170
4517
6106
6250
4583
5325
10235
4112
8579
6096
10549
4914
5913
6045
5318
3607
7009
5471
2095
9364
1417
6244
10154
1202
4815
7571
6593
1122
7862
2875
2057
8022
6129
10674
10897
679
11676
6544
4695
6321
6968
2307
2126
1687
7847
4658
248
9279
2486
769
4574
4623
3547
5296
5592
2636
1988
3522
9617
11910
2505
9450
4522
9641
8809
2595
6536
747
8556
10903
1775
2428
4429
11247
4565
11933
4293
7033
6563
10888
5291
9438
5449
4382
4970
11269
8781
6087
10841
2086
1144
7903
4829
6132
3369
1495
7253
8000
7735
9330
3311
5445
2310
6291
3166
11833
8014
9546
2734
2809
446
8491
152
11596
8244
10955
11839
10635
2450
2559
3190
7849
11708
5643
4973
8121
4957
2354
1846
5441
428
8717
11583
456
3504
1415
2476
4282
1774
9820
9196
5467
9422
4047
2534
3397
3100
8639
9075
7177
6424
11900
10007
5989
1689
7524
7623
875
5504
11619
4705
6554
5699
870
11598
6804
218
1322
10360
2872
11685
3658
690
755
9406
4979
7161
877
1135
5960
9098
1008
6239
9269
3813
8139
5662
9273
7201
3797
10507
591
784
6965
6801
4667
6807
6446
5615
705
6496
393
4691
11012
11758
9690
2804
6210
3567
1114
8274
1174
1768
8315
10210
5565
5138
10470
8785
7944
10552
9879
9061
9206
2678
9437
7389
2498
8238
10129
1400
10559
8557
468
6524
5195
8731
6264
8203
10069
10673
1073
8732
8228
1070
4372
2001
5290
10486
9574
3587
7335
8124
5059
9487
2384
3193
2217
8219
1280
6672
1755
7980
1214
9911
2840
11759
7233
9539
6272
3228
3810
6368
787
3151
10403
8563
7376
7371
8473
9317
3841
5330
9761
11576
6700
4389
899
4508
10200
6961
4803
1930
4142
9536
306
1079
1283
11071
11917
9560
3348
7097
966
2385
2839
10632
9231
8183
3366
11698
2015
8303
1589
9218
8771
4624
8020
8371
10670
9327
9323
11791
7396
5963
2693
3733
3754
10127
339
3368
8282
478
10732
11528
126
1250
1644
8137
7794
6274
11238
4468
846
6927
5048
633
1219
8295
624
3406
7526
1822
1051
5464
5062
5394
4950
6634
10792
4507
7325
4620
1657
11377
2550
2253
7576
11908
610
2287
3763
4240
11445
6911
4174
2002
8237
10226
745
9623
5822
3740
6644
2098
10598
9855
3997
10204
9371
9838
490
3927
3341
771
5237
614
4424
1737
7754
4411
6542
4149
5788
7556
1787
10182
11484
805
4528
3403
4093
8789
1731
5458
2594
4858
9316
9482
1587
4616
9619
9872
733
6162
63
6843
927
9555
9341
11884
11266
10637
5279
1047
2650
10220
4277
5427
3776
3
4304
4700
5873
1457
6740
5786
2374
1205
9696
9798
8455
1835
10574
10098
249
9700
4884
5556
4147
6559
1074
2333
9656
9644
6284
449
7987
10690
5899
3822
7594
10610
11280
9699
7076
5109
6480
3566
11176
2624
10745
4367
11835
5450
6732
3278
3234
6054
929
10480
5659
2986
3201
7701
3002
10965
7293
2275
254
4175
9415
1335
10922
2231
11469
612
11665
1513
2506
4416
6477
8864
7434
9951
818
4320
6302
3778
8524
741
1783
4577
10757
7852
727
6115
7018
7519
11521
10886
6821
2849
11177
9134
5630
6052
8341
2039
9368
3501
9745
10883
4082
10619
9366
2158
5049
1453
387
7433
7205
4689
1608
11540
3643
431
9597
44
2951
10188
11705
17
7695
10341
4395
5144
4192
1172
4844
4354
7427
4510
2283
7004
959
8889
7601
2166
8974
10680
737
11509
2070
560
7488
930
9283
6760
1705
3710
11485
8465
2735
1923
460
6414
6172
7870
423
1525
2620
6706
11056
10885
3836
7067
5692
6149
10976
4296
6189
7919
3472
1908
9896
5748
6221
5734
5302
2132
350
11581
7729
9302
11913
7083
3727
6078
4741
10482
10334
2695
8768
3557
9586
11837
8182
11100
4799
2044
5163
8162
4236
7230
2600
2835
1800
3219
2965
3965
7119
9781
3387
11413
3907
3162
216
11151
6776
4210
4035
3180
8168
5126
6750
11566
10288
1663
2768
1483
5639
2495
4098
3227
7580
10495
2544
6315
2738
7557
4465
11130
3134
9060
3549
6909
7615
10274
10471
11317
3281
7560
8252
703
7985
10120
6579
8478
6235
9724
934
6484
4219
8746
6970
2576
9299
4818
527
1097
9162
1471
290
7520
1032
1864
10627
1007
16
4835
5072
2091
9887
11512
11291
6433
5663
7012
2850
9796
9289
8527
4206
7563
7887
9740
1002
8004
2897
9517
4466
4074
8586
5360
3661
3636
7046
4010
11389
3344
1182
7158
4579
9376
8559
398
6891
5396
1861
11879
9799
5638
3887
10824
5780
2106
2690
6960
162
5058
103
10914
736
2364
10678
5552
4911
3393
7535
812
4693
6705
9803
2536
376
5645
7685
5864
5132
4064
4330
3161
1048
3911
5865
6352
8601
746
11697
7127
2355
9228
9414
6562
6871
46
4475
8930
11123
5214
3699
2819
4778
7321
289
8922
2426
1286
7549
851
6037
9197
9769
3987
2799
8389
4446
7764
10932
7800
1078
10338
8117
9143
8737
4195
5391
9627
9256
6830
5957
5558
10349
5760
3286
1075
233
5370
8719
3235
3340
10786
6975
3065
7472
2610
7221
3262
1785
8722
3473
11489
2146
11621
2993
2250
1222
11152
7988
6637
958
1590
9342
8294
439
5901
228
11370
11189
7227
6367
11229
11472
9873
11102
4484
6673
4026
9015
11795
9290
11504
7270
589
1151
11263
1265
9180
1989
9568
2625
8451
9030
10042
49
3178
10367
2157
1919
3719
10814
11446
4606
5768
2262
544
6103
8234
1361
10855
6867
8507
4895
1390
1387
5185
2112
5959
11474
4439
9680
11499
4575
7451
6095
2010
957
1744
6014
10936
2722
4839
11260
8271
8826
9153
10054
4423
11503
2304
10405
1184
1734
4787
9008
11579
850
9369
7380
1909
9633
7757
8626
847
2440
8545
2437
7970
1268
3053
462
10758
10894
2820
9409
10993
859
9746
2228
3758
1611
5204
1847
10714
9737
3989
7716
2284
4054
785
8941
11202
2029
513
8476
5767
1359
5250
7047
3869
5483
5276
911
10
2794
8503
4094
4672
1514
10079
8083
8828
1173
3777
9122
1189
830
6183
5933
440
7323
6808
6785
7663
11084
427
6253
7414
2992
3188
8114
1882
9809
9759
712
9095
6780
371
234
10164
7089
861
7718
10702
9703
2200
4523
9866
4901
9558
10787
9112
11687
2609
9485
11745
6229
82
6896
8463
8583
3125
10344
3570
992
5254
6467
6987
716
8442
2190
6150
9553
8853
11524
885
9169
4169
7769
8698
58
4838
6917
10557
9198
1460
2423
7495
3383
9131
3847
1955
2890
7522
3032
7322
4882
9429
6953
8269
7238
8356
5380
9624
1385
754
185
8683
2031
1820
3492
1714
3664
11427
9255
9173
7011
8708
582
11174
10519
2688
3964
1308
1913
1185
8741
1408
11109
1582
5932
11784
4005
4167
10760
4971
2156
4639
4584
4157
1556
5002
1398
2030
11702
5137
5835
2376
8036
4849
7283
8354
3883
2014
5298
973
1331
9667
2868
5588
11129
492
5216
918
11567
69
3630
4402
10429
10937
9512
2916
7963
5438
4516
6457
7666
2092
2320
4905
7037
9428
1893
1381
8377
4996
11776
9420
2660
1315
5603
11897
1040
10072
7511
4338
3845
2338
9335
11253
9687
9142
164
3969
2750
4502
3195
7352
3934
4576
7935
4836
10667
4069
10239
11157
6578
10609
3488
7388
3880
1883
3396
6802
9412
6525
10905
1533
9852
3942
300
7915
1562
11862
10171
7316
5868
10010
2671
1886
4926
7410
8581
1293
528
4990
3266
11726
7551
4548
11114
9622
10782
377
5988
7003
4241
825
1625
3210
8138
1924
5346
2305
6599
8352
11888
2593
5597
8879
9714
10377
1875
4474
2221
5156
9263
9185
8535
6142
4461
4036
10176
6648
7824
8513
3304
8470
4598
8077
11741
5166
2264
3138
5856
8825
11808
4487
3824
7517
10271
2120
11797
9851
3619
6495
8414
4298
988
2800
7578
8407
10699
4060
2647
3775
7819
537
3669
6733
9521
9802
10880
8218
573
10181
5607
11622
5459
4532
867
10816
11848
5713
3415
4258
5368
3407
9474
6502
9480
2770
1841
10971
11099
5978
3515
5475
8452
9615
1294
9821
6797
10424
2696
6101
11497
1554
4504
2900
9784
8266
11053
4297
3902
8763
11646
9589
5065
2797
11769
7636
3128
8851
11403
3514
9011
6231
7548
11580
331
3689
464
354
2613
9040
10352
11662
10199
9282
6710
1433
10078
6862
35
363
2055
2089
9846
10106
9430
2453
6532
7152
4392
3796
11841
5264
11477
641
3701
7785
6251
1168
3687
1782
4992
10400
6498
10136
175
11582
1843
8736
2147
9611
227
7659
10180
6510
8872
6790
10064
1061
4850
2880
3565
9572
11851
8160
6322
9310
5694
9286
8536
3436
8299
9647
7268
9923
5983
5484
8055
10051
3913
6621
5123
8663
11467
619
3312
7044
4530
7404
10611
3691
167
9814
11036
5812
5927
274
1228
3449
1264
9361
4003
10351
4811
8030
11361
6550
2220
9532
4260
11423
7132
26
8802
11684
7273
2501
10727
6708
11318
6922
8857
1536
10217
5649
3844
10706
2940
10018
8093
596
11673
8327
5259
11516
333
3935
1746
10339
997
1938
820
5404
1948
3655
3230
4852
1708
3171
7914
9719
8308
1356
6813
8675
208
2736
6462
2616
2084
8642
10485
1973
8034
6866
9004
5530
1793
9359
10794
6745
4426
7360
7275
6996
1426
10692
9132
3130
6920
1446
11763
928
6265
5589
1981
9764
5877
7188
9242
9000
6817
8788
3657
3665
11790
10279
3417
11298
10676
3663
8907
551
6845
3633
10308
8343
282
8818
8038
9956
9807
740
3354
6
6359
9135
8180
5197
3509
11495
8332
11303
8710
4406
2017
477
3033
1803
9587
2710
10150
7441
10980
9069
7865
10562
8575
10379
10546
10652
8324
4790
2525
5990
556
5654
8033
9905
7995
5338
2034
6800
7403
10386
5740
2478
8587
8221
6295
3003
4985
781
8096
1036
3482
5105
5758
2882
5551
5702
5567
8664
8482
3456
1739
1055
11148
2673
1492
1192
5397
4197
11722
7789
7341
1093
2603
4642
15
1891
7693
5136
3543
2245
8059
9715
644
2892
7383
7072
11032
7713
6478
5164
6879
10189
5011
4073
6026
4262
1640
10085
1692
7550
4378
7454
8595
3622
6317
6411
9027
8031
11468
5416
534
5127
8755
10679
7474
3508
6487
6840
7374
11869
6910
721
10748
9918
1615
5257
6207
5806
10184
9894
8509
5157
5175
11588
580
6630
7858
11886
6919
6236
9668
11327
10561
7555
11040
9405
11529
3747
6158
9003
3299
1452
7139
11732
4551
10110
10165
665
6826
9909
10802
808
8593
1242
8874
3062
5495
8820
4610
6379
7338
3867
9091
2122
9789
10535
11368
3049
1992
6476
7202
1809
11591
5283
11911
11657
4186
129
1447
11480
6370
768
11896
2487
10617
9880
6926
9276
10025
11584
9421
1609
4897
1275
21
385
881
7444
8712
6581
7945
7673
1163
9576
10145
8824
270
6375
10590
5656
4889
7256
1089
684
8963
2599
1612
2712
91
11244
10197
7521
11842
178
1724
2771
8054
4936
5073
7198
5270
1468
5574
1970
2895
7223
2545
7667
4982
6333
8047
3372
1455
3095
11660
8392
4585
6853
11651
7082
8904
9476
3390
5273
2551
10369
10575
11572
2299
2169
6355
5982
10428
7149
9812
2372
2314
5037
8420
7035
10063
8378
5666
7968
2823
7279
1461
399
968
2732
472
47
10553
2528
11113
5026
10689
8611
5188
10927
2475
2740
7553
2050
1867
2351
1866
6234
11877
9086
4819
3564
11834
9024
7844
10605
11845
5369
3568
9584
11124
2060
11223
3316
1370
8562
3930
4820
11078
7901
2971
480
5620
6819
4412
8246
4682
3623
2281
1068
3426
4904
9353
3709
3641
4704
4891
11181
6168
8140
5661
3242
3885
1833
4794
3954
11426
2928
4506
10901
585
2488
11780
3774
634
9709
10123
817
5196
2433
10244
72
9220
1229
10002
8835
11476
10102
2397
6247
2445
1580
2282
6640
2821
3957
7971
9833
11744
2923
3221
11629
3590
259
10563
10119
4713
6303
9933
3240
3336
10224
10615
9867
8808
8486
10255
268
786
10172
8454
7931
5226
10587
523
7370
325
7213
4626
4285
1130
189
212
3812
1816
5178
11235
4109
3254
7595
6418
7108
9309
7863
9959
9358
6419
11659
1607
6889
8109
9893
8899
6838
316
5418
11753
7086
6748
9727
5070
1056
9059
2343
2369
1949
11330
1435
10565
2806
11287
2785
10848
10985
1420
5870
5533
3746
5103
11532
5948
704
11270
7471
2598
606
4470
5386
7311
8713
9400
121
6041
5312
11832
3554
5426
10326
10325
2617
5053
11095
10158
10761
1642
6641
6093
11507
9096
9973
8985
991
4208
2496
9562
5174
4750
10887
10462
7485
10921
9938
7164
165
7642
11623
50
11343
3682
3186
8822
2347
7120
7428
9320
8153
10272
4547
10834
6192
4732
4353
7977
1956
9417
11264
8339
8784
9537
4570
4512
11539
9020
6517
8072
7107
963
11762
8018
8207
2596
2340
4769
1957
10986
3452
3877
5102
9447
11811
1716
3185
1550
10961
84
7038
8323
4767
2537
1411
1671
10721
8757
8092
8261
7443
735
10902
5230
4460
4146
8616
1304
4160
640
1206
1934
7186
9515
10621
3046
51
4332
9243
10014
9929
9472
3744
1477
8634
4924
9035
11035
2684
6022
9888
3027
8724
3342
9511
622
1722
6459
4593
7635
8687
648
4116
2903
5879
9433
3231
7677
5677
5525
8558
4645
1942
8753
11803
6753
11864
176
1509
5969
11405
8270
3950
8291
11522
359
1425
10693
3081
2268
7355
457
1631
11836
9045
3361
4945
3865
11057
7533
1653
9278
7926
6781
2635
1253
1474
7892
5776
1801
5488
713
9502
726
6206
5211
7249
151
11047
5013
3439
7277
4784
680
8585
1979
8508
11565
9698
5891
9099
1711
1767
1194
5207
9599
10722
7734
7091
9915
7545
5005
2429
8997
10463
8058
3660
7638
1231
6262
10856
3110
4104
5372
2832
6098
11491
7891
4261
5083
4006
4237
10966
1305
3078
9725
1354
6140
2847
11216
2553
501
9130
8684
1024
2201
10155
1382
3035
3329
8255
4680
9792
3722
3082
2652
6680
6978
11505
8103
3603
6273
3879
6376
8156
5108
2838
4166
7994
6319
8201
6163
5696
3494
291
3726
7784
9739
2430
10943
2772
93
3684
8887
4343
1094
3370
2790
10917
8469
1313
7696
8052
7658
9608
1728
5203
2628
5892
453
9685
1557
7823
184
760
9940
5800
4385
7382
1735
8149
4159
10336
8921
2962
10193
2481
6718
5334
6213
2238
11577
838
3589
6661
5345
618
11667
3976
11709
3601
8792
5813
5095
4252
4540
390
9155
9426
3168
5884
9828
2675
9603
3412
6197
661
11887
321
989
955
7773
3632
3132
9977
11066
11347
2775
8623
9857
7793
11005
1583
10599
9844
11211
1076
397
1502
651
8471
6679
4967
11271
11227
5826
11027
7801
10962
6683
9349
7176
2985
5410
9127
1018
11821
8956
5646
9181
2527
11144
4587
6646
5478
8548
6276
11125
