9777
10420
5165
6710
11408
8223
1743
5916
9885
9720
2150
8051
6819
5619
6712
3494
1884
7683
5063
8105
9635
1062
10729
1639
6611
9184
4991
2720
2816
109
7439
211
11510
10375
5332
4133
7039
7614
3773
5964
10361
7494
1650
1219
10135
8302
980
5050
2379
10177
3476
8776
4181
8242
3242
957
9747
6380
9569
2125
7763
1076
1731
9371
1626
3437
8929
8744
11802
8239
3170
3339
5483
148
432
1060
10240
9042
5005
10353
2789
7893
1727
2727
4844
5277
7276
9964
1712
10894
10019
2162
160
4721
2311
7892
11369
8875
7595
7532
6828
4555
6083
7478
6119
10653
5426
2409
1236
11818
4941
11284
1991
2469
9633
11125
7411
2029
10212
3279
1012
8436
11485
11772
9403
2548
9142
11761
2565
3224
840
5129
6135
10554
2277
4415
10288
9291
10074
6431
1349
3712
200
5915
1417
8240
381
8881
10206
9385
11150
8578
5155
2592
8498
10144
6121
3511
7038
9525
568
8225
4548
1405
2018
9541
76
7838
1488
3431
6457
3949
5514
10674
794
7534
5018
8329
8328
10589
1453
5778
3692
8368
8502
748
4855
7610
588
7970
10122
2746
5443
1022
1
586
5411
4005
916
5087
11823
2278
5661
8349
10654
6657
3514
11210
12
9095
9039
9625
7843
9980
2223
3811
10855
7693
290
6395
3665
1704
6446
7245
11495
10888
2960
3835
8352
11162
2981
2183
10161
3710
11045
11287
7897
1661
11836
6877
7410
5652
5182
1222
5312
6185
3186
1125
4945
5918
7855
2622
4715
3086
1556
5507
4370
11337
5141
1218
4344
2146
1474
2949
7104
9854
2010
1129
6219
9802
1645
4170
11778
509
5542
7643
9961
8351
3006
1064
377
5103
8304
11461
4607
11717
8451
3484
11354
7122
7528
5231
8086
1762
2711
2858
5120
5448
8441
10153
11118
97
11840
6129
7639
35
3660
5517
1660
4568
3445
10087
7617
2272
5287
3879
4547
5675
4274
8427
2377
2828
398
4442
6391
3975
9660
4792
3018
5045
7181
803
166
2291
8048
7444
1421
8165
3539
11414
897
8749
11059
248
8573
6911
4799
4116
1042
2192
1308
9444
7267
4057
8020
8925
8027
9463
8360
5721
10367
5584
9853
11663
11694
192
7108
7454
10685
11826
1142
6826
9050
11800
4180
7628
5742
2030
519
94
2583
7400
4330
7778
7993
5882
10752
6588
3011
6413
7625
8026
738
1225
1579
7117
4984
2443
2333
7052
11319
4710
1841
11054
8019
1314
341
4410
3961
74
6344
30
292
1231
4451
3584
5462
10806
1940
8954
604
11643
9023
10835
11649
6507
5387
1120
8081
8779
2185
9246
7753
4484
7505
3689
10598
9017
6592
10952
4796
3921
2739
3988
3338
6114
9809
4097
8454
6714
2497
11894
6381
10775
5558
8832
3924
11677
8668
3163
7615
770
11746
255
9139
10271
7005
1860
5254
1851
8214
2475
8964
10405
1891
6521
11395
3482
11266
4288
5075
1999
11829
6968
9521
6157
4918
8711
1821
8461
4064
7318
123
4360
5473
1924
11251
5236
8180
2226
891
6854
2940
8611
9896
4136
3818
3134
4408
7531
4517
653
1549
2782
5295
10150
6971
6977
3963
8791
10816
11781
2695
11200
3841
5392
1061
8333
9772
4476
5556
2756
1696
600
3812
6062
6965
11140
6048
9315
1434
9908
10644
11254
9894
10102
4593
3187
6495
213
2108
1089
7930
5679
9736
10825
9130
10727
7003
1649
8477
387
10799
696
3118
3169
11049
11376
7648
6652
2976
5736
7511
5967
6649
186
6960
10552
4831
204
8197
8116
10546
10100
8715
445
378
11619
8618
11155
5209
7932
2069
6262
9504
3425
5586
2270
10167
2620
1439
10833
3208
6790
4149
2216
4500
4737
1217
7429
4256
6267
9856
11862
10948
5589
4936
852
1252
2601
7554
6364
3959
7789
4303
11839
4260
7326
11854
9529
2464
1108
41
7142
36
751
5572
8600
11756
7794
5971
1926
7313
8388
993
5739
1526
8053
3747
11344
10881
8320
11483
1087
1467
1034
2760
3780
9488
7246
10953
7564
1065
7705
7537
8375
1827
5302
7518
11177
7146
9275
9509
241
10778
11933
1094
7709
5331
6303
3328
4252
9771
10557
9085
7440
3004
5733
10372
2634
1512
10820
6909
225
697
5030
10563
5367
793
3475
5583
318
1698
1313
6688
2759
3218
1058
3648
10018
952
2573
9767
8570
3996
6668
9639
11867
8144
8429
9608
8297
11647
3330
11157
7749
6802
8435
9396
1262
7969
8965
7904
5579
1261
4156
6765
2258
6742
2978
4592
9213
11252
376
8877
867
2368
210
5965
5038
10839
6740
11466
2211
9801
4261
1360
11785
9035
10687
2519
7854
3833
1882
252
2280
6671
9995
79
8158
9077
3359
3737
106
3090
9080
3050
5543
9405
4942
1522
6348
8628
7999
6274
8587
6501
5642
469
1615
9234
7523
1794
11095
7992
5049
2763
1705
9487
8732
10267
943
3932
2626
3219
8539
5501
11929
11924
3627
1110
3663
11751
10262
8886
2887
1371
6369
258
10282
3290
827
1344
10728
3036
2392
11920
10656
3124
2649
9049
9207
2672
6153
4446
1134
7391
7285
10692
8203
5458
8385
790
4652
5160
3617
2980
6088
5845
3312
10695
3415
10846
4056
11764
9704
4561
5974
9977
8357
1848
6130
6280
1014
1862
8557
11101
9543
10594
4055
6536
5987
5131
11562
8150
856
5820
10308
9588
7162
6426
3904
998
8603
1657
9166
6890
11655
8642
4440
10219
3276
8741
10523
3612
61
7544
6955
10300
11201
2689
3405
9911
3065
1096
8460
830
9581
8389
11763
7127
3136
8280
10428
4810
3507
11623
892
4897
1156
4871
7265
10951
2979
3728
3457
1454
4589
1289
3891
4727
10790
7965
2545
1550
4912
8123
1380
2220
10901
449
10754
3159
7465
5090
6617
6194
531
8724
8383
836
2111
5405
3283
9301
1306
2569
730
8480
9473
7055
8856
3926
508
5220
1984
4896
8690
1487
7823
4025
9877
7964
5996
4353
5105
11288
7632
1285
7912
7015
5428
11040
4860
6562
9121
9476
7563
6598
8993
11622
3032
7299
4986
8308
2662
10363
8719
4184
4234
9367
2023
11248
8500
2506
5361
9357
6258
4995
4041
773
11492
9577
5986
3857
6606
9203
2124
5859
5112
1372
11563
10663
7386
2103
5342
4797
5529
6992
10393
4783
9826
3785
11365
11897
9928
10672
3931
2088
2363
7069
3814
7818
2853
6332
11870
2909
1872
853
5594
2155
5328
5724
1577
276
563
6184
6385
1278
3182
9927
7456
425
9338
11298
5810
5522
8208
1656
9975
3604
5460
10156
4650
5446
11236
5212
8784
9152
9178
11012
1276
7222
2724
5166
6108
2572
3189
7981
6779
4240
1701
6327
1443
9524
11620
2318
3783
7247
5538
6607
3121
11137
1181
3659
2293
3039
7995
5782
11845
10570
10020
6632
9423
5384
3147
7269
5021
10590
5219
7427
10853
4976
2553
4716
5198
11307
4930
1486
5714
7080
11310
5948
9526
7084
6401
4934
8669
4295
4113
3767
5047
8693
9607
10935
8222
4101
8919
9766
1673
7298
10508
4034
8821
11755
11343
10231
9601
8261
501
7331
10449
10970
10116
6204
9335
7044
7801
8777
6735
6238
10084
6685
2344
7064
6913
1490
1495
5
2478
6215
5647
8786
4107
7819
6438
6585
1893
2552
689
2496
4628
11253
4724
2524
1180
8567
4567
7358
9544
1540
6801
1201
9999
11498
11869
8805
2007
986
9112
8576
5905
3332
7008
11181
732
10254
6858
10889
6831
2230
3581
2932
5194
11217
9286
2462
10531
8133
2616
3306
3784
551
8275
7735
1409
5555
2053
10050
4475
4178
5854
10366
4036
6402
4512
3458
1881
6396
2241
370
283
1241
2073
711
1806
7472
2810
9598
10636
10330
1451
9893
2871
5440
3947
8643
4445
5751
2913
10349
11765
4084
11852
8363
9483
11834
4554
2342
6780
649
10241
2999
4309
7105
6642
9737
2965
7649
103
161
8014
3056
5552
6643
8276
3943
11907
4264
11903
9917
9467
7031
3688
3641
11211
8720
11513
11500
3427
2196
2714
9288
8314
3468
2881
4385
2777
5644
4959
527
1933
11179
7129
11197
6529
3464
8707
5623
11009
4876
7336
11027
927
4835
1546
2064
4733
6399
6042
11886
10681
2995
8752
2597
6178
7842
2338
1337
3493
10998
121
10995
5241
4300
9096
6155
10828
9987
9162
3531
2355
8814
1447
2292
8508
10645
9205
6736
2843
3151
11738
1529
6597
3258
22
9947
6520
10261
2906
5713
10189
10467
9119
6990
589
5386
10485
2985
8406
6202
2198
10341
4700
4438
3997
3123
10487
6644
9810
2035
1511
47
6073
4706
7037
6658
9458
11906
6090
525
702
2425
2110
4259
222
7962
11237
8447
575
10877
5727
10211
3762
10647
9043
6676
2036
10465
11660
4679
6522
9233
6191
9532
11131
2115
4383
3480
5064
7014
902
5745
7635
11005
6025
8229
6841
2039
4525
2149
4653
10142
5966
2973
2383
11299
11363
4291
63
1057
1778
7392
596
7527
4989
2164
2459
483
10716
558
3007
2205
304
9620
8800
9866
7175
1004
4176
5813
10210
3272
5347
11594
5620
9552
8241
906
324
7019
8200
2507
5487
6043
6008
3486
4307
1428
1095
1427
1858
4471
4703
6277
7680
11786
11833
5656
9425
3729
3407
2718
2358
7921
9943
5493
5528
7489
4740
8694
3636
11612
1688
2177
212
5439
833
10399
10854
7215
3176
2072
3375
7370
10909
5125
10592
8102
3342
8191
8274
1776
266
7495
2404
9726
10884
8885
3804
3654
1274
6038
7443
835
9770
2770
197
5516
9212
1400
11570
2328
705
5465
10138
11702
11593
2915
2335
2745
4247
6425
3284
8930
8878
1838
9962
3682
7824
95
2975
5468
6367
2330
1802
10690
2218
6737
8540
8264
10001
8824
11119
3668
6634
8189
4725
4123
1239
10976
1521
4973
10064
9867
11111
2025
10080
1853
4111
1989
11841
4546
1917
6028
2827
9122
11
7458
8431
6232
456
2171
7481
3554
4598
2728
8156
8734
10036
6213
7685
8292
1608
6188
4730
9215
8067
6087
4447
9149
4993
10482
2652
1106
2560
9595
8273
11083
10769
4938
2874
5897
7923
9712
7548
9299
10933
11794
5729
10002
5602
2664
7873
10680
1873
7711
9851
1429
6021
2977
11851
7128
7382
2830
8482
9555
1840
4388
9198
2889
7545
8493
4043
7839
10007
5352
2098
6146
7049
11576
706
11420
557
9001
1410
8142
3298
6045
7745
11606
7771
2801
5704
8596
11459
9477
6286
812
6279
6648
6816
3054
6793
11314
10275
4315
218
5385
1381
10293
2819
10335
9115
10706
4530
2076
10608
1431
8582
639
9369
9165
8422
2129
6137
8330
7347
5247
694
306
9924
2420
5784
10542
7780
8538
8949
3377
5670
7435
269
1100
6567
2128
1671
1890
3821
7584
8145
1625
10214
8270
8278
3870
865
1901
313
6931
5924
52
5017
1030
2678
10714
6160
5710
322
11460
2353
10614
5238
11884
3640
6409
9428
10713
8443
9181
2310
9290
1804
11371
1684
7938
485
10318
3545
11534
7366
5025
1666
3888
11582
2645
9870
1810
8927
2042
6246
911
7101
4466
9672
8395
5419
3446
5413
10826
3971
9740
3348
6848
476
26
7190
7425
7428
8167
8285
7048
1913
4128
4333
3619
1932
5061
4655
3854
3735
10265
10648
3438
5643
3441
7394
11103
5581
3791
10017
9528
10711
352
362
7066
8733
1362
229
7777
4680
7812
5451
2992
5396
807
8864
11524
3313
5011
10931
5632
9648
791
8463
4859
9024
5371
11905
5790
10927
9197
446
11695
9970
8773
9440
4014
785
118
3044
7417
4125
7547
545
5092
1103
10320
3856
8652
11855
8213
11025
11385
6265
8342
6142
3905
10733
9217
8155
3894
8844
1960
7373
5639
11651
6164
9545
2891
900
1159
11657
10652
781
5008
4221
6834
2571
9415
8319
2794
9656
926
4665
8735
4756
6289
8887
2835
3702
4461
8036
7601
1787
4319
7909
9548
9531
3152
9910
1176
1745
11043
2841
6300
923
11811
6744
4998
8624
6056
11061
1714
1854
757
6107
2920
4179
7091
4649
8872
8680
6734
9988
10784
11569
8561
8572
3882
6075
7434
9248
9262
8341
8793
10911
6853
3285
140
2043
5981
9698
9510
5230
4242
9973
541
10859
8890
10532
518
8457
11865
1476
1906
10081
1101
3908
2643
5660
584
8402
9325
3408
7259
6180
8234
5723
6484
249
4029
9161
11106
5907
6341
2600
5653
4704
10417
8651
9128
5994
6630
6883
7896
4719
6805
4472
1005
7371
8755
8479
7913
1489
8667
8534
1491
2144
8673
4825
759
7948
6758
6715
7985
8056
6080
746
9835
11010
5950
4255
11331
7125
7351
10346
6339
4878
857
3608
261
10334
7290
6309
9146
2259
5151
7249
427
9741
1553
9151
8837
8598
6582
3615
8157
10548
5110
7292
4051
11784
10440
4160
5934
11630
7691
8046
1716
11401
4614
10536
5495
11493
8371
420
232
5253
1735
2758
9663
8678
648
2407
878
6340
1414
2314
11436
8708
1269
6875
7790
9614
9135
1246
1691
4577
3223
1404
1766
6542
8892
10229
4977
2408
11904
9605
622
5665
5720
1010
593
877
7110
5390
8522
7671
1416
85
1641
10498
9124
9430
8634
1279
2611
4496
11259
3267
5523
9846
3048
978
7723
1090
6230
9391
3667
8543
6939
1263
11843
194
4211
9226
250
7451
6227
8660
7606
11564
638
9892
6991
8521
5550
2632
7856
5437
1859
7879
8968
10005
3287
898
1212
3478
10026
8895
11346
10239
3071
9127
9363
8259
4
961
10328
11102
2389
9632
7036
8106
4454
5651
8331
7585
7484
4311
11164
267
9133
5641
6355
6203
11262
9038
11503
3900
2050
4340
7747
6024
2897
2221
11667
5114
7379
9129
9037
8674
2412
10120
10591
11446
10702
1823
4404
274
3369
5071
11280
11512
5135
2184
5179
2716
5069
1886
5359
6049
10721
10774
11658
10093
11256
11163
8414
10418
7934
221
2685
7947
10991
4600
5259
4858
9091
10234
6526
1083
4171
11160
10463
1420
3734
3529
1956
8568
9979
613
7140
10595
2793
1297
8866
10046
11831
3576
11474
5494
108
11338
4833
7309
10992
3506
1450
8859
7878
1463
1469
7521
8983
3883
9634
11797
8381
9117
6472
7859
9345
10319
5886
3881
7952
6282
4864
9393
4921
6158
6193
11244
9240
10501
5688
6435
918
6208
7188
11080
971
4504
4892
11732
6111
958
280
7567
7720
7621
11170
6003
9439
2490
11744
5692
7609
4495
9359
8973
7050
6910
4585
1457
4150
1777
9448
5887
443
515
6179
1150
4286
9232
11126
7071
10326
4397
9922
8939
9437
3404
10742
10923
10985
9163
3756
8536
8350
8867
9984
5912
726
8455
1329
11916
2012
10283
5612
7516
3974
9628
10309
3133
10466
7582
8448
11762
9985
6072
4283
11600
488
4422
1864
11368
5884
5117
11599
11297
7830
1128
4429
4638
11792
514
5800
3803
10291
11301
1240
9412
2298
2868
9655
4747
6214
2296
3280
5699
3749
576
947
11087
484
644
3691
7807
369
9644
1388
5940
2154
6055
4140
6838
8516
6304
10600
709
5693
4606
5318
11051
3061
780
4905
6470
8415
3639
7647
11683
8644
8533
6591
3513
5320
1350
6733
5591
1214
1227
2455
4974
9462
2750
6014
11743
7613
3633
4838
6333
1682
2772
9969
3244
7726
1136
10433
10918
5042
6846
1368
5102
372
6940
10551
1905
10289
7864
4604
11389
3844
6764
10490
7460
3906
9863
9002
1609
2668
10795
7288
5872
9881
2356
11267
9195
1939
1535
5891
7922
3067
11664
9047
3368
9765
3191
2738
4317
5400
2109
3104
3395
3331
8903
11209
6375
4350
11148
6641
2579
10764
5402
7218
9790
1554
9948
7650
400
6337
7344
10621
6590
2327
6260
8795
6549
10146
9750
1051
10380
10476
9678
3387
1459
7942
6480
11866
7931
511
721
1140
1505
4629
9690
9026
10720
11255
4688
6897
10197
3969
7738
1238
9312
8799
246
9422
83
3993
3361
6756
2550
9453
11078
2567
843
8047
11602
2269
9419
3864
4857
7248
3944
11091
4785
3933
2852
8456
6212
6530
11812
10619
6512
8437
936
1584
9668
4996
6296
4048
741
6125
11212
9751
2203
9398
1232
953
4639
11387
9431
5722
2112
3215
1979
6559
3235
8210
2477
11329
6346
9057
5690
2233
3847
307
9739
11931
2250
9210
1780
4597
4987
4584
360
9126
6336
5725
7332
6885
7457
5445
1460
1573
3790
1250
10475
8528
2525
521
4666
737
1348
1703
10666
7535
5738
7107
1699
4439
10259
11478
6039
1504
8661
2994
8202
9746
8118
303
8486
7744
9702
5841
11807
10110
6557
1842
10163
4622
6489
11001
11441
5562
3162
317
9664
6044
7558
7945
11490
4990
348
3060
4928
7594
9071
1113
208
8217
10136
4514
8768
5754
247
3275
5299
1694
7134
10462
4809
7312
3397
10922
10227
8861
463
4560
11108
2675
6199
3686
876
4199
620
375
2439
11330
561
733
10499
6034
10057
2253
4109
8228
3929
719
1758
9069
1366
6269
10547
8727
7490
8589
4617
1303
6827
10560
11704
9566
7714
9991
5454
11018
4017
3357
4749
1849
7422
4412
2604
1993
3568
11454
10114
504
11109
1353
5990
8544
5894
10097
4744
9102
3973
10383
8289
3580
10902
8967
10067
11685
4884
3685
4524
3850
5336
3839
8769
10109
7171
2479
8031
11789
8265
8855
11723
5311
460
1865
8917
6783
9619
6095
7409
965
6594
2290
8717
2480
8657
9599
11543
2883
4314
8753
7690
10725
6323
4760
6018
8933
5969
5264
4092
8747
8645
4882
4417
2808
11416
8055
809
10571
11028
5747
5425
5863
1331
8972
7661
3532
5388
3175
8947
11471
2387
9377
3738
2034
10094
1188
2119
5750
5979
5879
8112
4711
7919
1355
6886
11172
1016
6163
11366
10561
10471
7715
9395
6750
4929
7955
7664
2946
1711
4932
2141
333
9466
2362
2130
11293
366
11138
11048
2026
11766
4594
3537
8474
7270
10389
9780
10203
10779
4395
5013
4394
1870
7500
9616
9008
5130
5464
10400
7734
5596
10924
6595
4044
9567
4511
9333
5608
4718
10688
9328
1770
10771
5803
10325
7586
2002
6905
10113
1575
312
6709
7975
11110
5074
3911
426
4674
4126
10682
6534
268
9745
2179
5759
9640
9302
4821
9819
7477
4922
4575
7788
11145
3456
5513
9554
5900
1038
9478
10827
11120
3000
206
8551
6690
9322
4907
2
2228
3212
3934
3429
2210
3698
5942
3672
3131
9054
7284
3994
725
8607
6
316
9011
8809
10354
2723
9400
7232
11153
4351
5767
9120
4951
1915
7160
9825
7173
11386
4646
6374
3992
10306
236
10385
5650
9220
4641
7603
3105
6752
4456
7026
6702
9101
9474
7098
11007
5663
5043
4103
945
2837
10021
3607
5243
9351
4877
8959
11019
3119
8099
7580
3764
1752
7566
5812
571
5181
4138
9841
5595
4066
1677
8340
8750
4062
10597
3072
235
8332
1359
9840
1921
6363
7023
80
5235
1009
8943
2066
11496
763
10585
11914
5095
1988
5223
3972
201
10908
6753
183
8091
9343
8505
11143
578
1707
3956
10362
44
1026
4676
645
9411
5276
9691
9082
9284
4893
2482
10016
11206
11832
6545
11895
5640
4421
32
8743
4266
1938
10659
4054
6307
8580
336
10990
6105
2845
2690
4201
11090
3184
9617
972
722
8312
1904
11753
7556
3435
1052
4975
1539
6849
2673
10870
6837
7304
8024
10159
11442
9820
8159
10861
96
3724
1324
438
10584
3518
6882
8804
8490
7040
6636
1011
7654
10757
3950
6946
6523
7340
1483
3233
1518
2708
4900
4926
6566
4065
7211
5857
4675
5952
5416
11079
1987
128
3787
4106
4889
10882
685
546
2009
1631
10683
4027
650
1424
7432
11439
6650
5321
5475
6988
8772
2848
4566
20
8492
8050
7814
9464
11165
6503
7899
5490
6788
4312
9013
9624
10698
4536
8658
3813
1725
3243
5036
4392
1543
7658
6953
10538
5680
1178
2656
6921
6732
6012
5496
707
4467
5949
24
6440
3082
9123
2575
9216
1643
4298
1367
7731
1892
5363
844
3164
1749
6891
6803
403
3356
2815
3858
6706
3957
3424
11918
1857
4526
136
5412
11506
8775
9174
10310
9310
4396
10338
9326
6942
2802
4250
9523
3403
10439
9797
3896
8593
5104
7352
8731
10008
4031
10963
8307
2006
3605
7718
7721
8149
6654
1237
9787
5578
2863
10404
3107
919
4310
6061
870
5293
9003
4735
8028
11156
5953
5382
10556
3183
3496
2463
4363
1497
1398
9694
7324
11015
9817
687
7666
9254
8835
5540
5567
6383
10514
10139
7949
611
6254
10738
9494
8995
1318
2426
1909
6209
6683
9661
10459
5883
2663
8348
1779
2190
595
5098
792
4304
6249
5576
9940
3779
800
4582
10194
4824
2437
8802
2431
6243
6984
5630
2862
7550
11188
11419
7306
10496
8771
1973
134
10521
3473
8466
3755
7239
6619
7681
3732
8656
8765
2170
9493
3024
5780
6615
8369
7739
6551
2243
6306
7659
11837
8016
3380
10940
10867
4516
9886
2876
9696
2811
10121
10199
6386
7367
11554
4119
2161
4752
2489
8766
3005
8691
11240
4265
6448
2419
1205
9697
6528
6231
2308
92
6423
5228
2008
7130
1977
5263
3015
9424
4368
3871
10448
243
6707
5158
2781
9923
663
10904
7924
2706
10340
7998
6329
4188
7079
9141
8410
4414
11518
39
1855
1309
49
9053
3757
1275
172
8979
11231
10252
11646
8904
2743
3719
1319
6857
331
10866
3320
5868
5190
7717
7732
7971
3442
11795
104
9670
7062
2229
287
7706
11324
7234
3869
9592
7653
10941
7570
4435
5051
4233
2703
3583
5397
3559
8135
11070
7880
11290
3286
6870
8291
3980
9111
8782
4328
6305
7688
5741
3962
6299
6064
8648
4030
7905
9083
1301
10785
1943
6537
6930
9530
4572
87
1112
3968
6525
676
1347
7937
9792
9638
11114
10453
10849
2785
6236
9145
6768
1144
5521
7123
4847
2432
4543
6836
1908
3770
10788
2304
2046
8128
2442
938
1902
10000
5310
3479
6563
9618
6558
4953
10023
3201
2402
5603
7526
2747
4619
7176
6937
6278
11052
2166
11637
10187
5559
4925
10573
1184
5764
3831
11115
4086
7241
9875
8373
873
6667
8161
11242
11541
5039
5084
1024
492
9716
5459
1741
10915
3533
9386
7221
8974
5539
819
3278
5192
4642
8478
940
7479
8982
5362
2655
7212
9317
3033
7419
4293
10434
2302
11411
3178
7736
7185
6855
5726
5217
1592
8468
2481
864
4950
4337
7268
70
11673
5127
10377
6263
10003
7063
10745
5629
1611
4588
9744
6823
10667
3288
6741
7583
3596
4681
4453
2894
3586
1224
9048
7724
3302
5874
8994
5607
4361
3978
3160
3488
10470
5546
4557
11429
2970
5282
6197
4384
11715
5657
11745
335
6166
5138
7369
1135
8238
6318
769
4497
1412
8737
5801
5525
7112
5256
5461
4448
8575
9932
4759
7203
4508
4273
10290
8134
9728
10526
2284
797
6509
6379
8042
5773
686
9442
10457
9221
3967
9699
11196
8411
553
4078
10660
10424
1898
8590
10639
9025
1448
4196
9572
6253
11505
5315
2983
2982
273
9573
9983
11722
4378
5633
4738
3736
10014
3214
6895
7294
4818
1364
716
9106
5686
5329
4800
10342
6027
6847
8826
8920
9887
8052
9265
10837
5624
5171
10620
5774
8975
6478
4634
783
616
6349
10920
11859
5324
2605
5597
2411
7328
185
11638
775
2947
2514
10675
11328
2212
2197
2520
4663
11819
5614
2172
9016
1015
3038
1342
5823
2717
464
7906
3081
223
2086
11804
11598
6046
4087
1866
9533
10599
9683
2930
4839
2667
8033
7538
11816
4186
9654
5646
111
8378
10128
673
8788
4699
11396
1121
9629
9872
7676
6255
6864
4671
8910
845
6468
6407
8407
2809
949
1852
441
386
5569
353
7090
4389
8004
7033
6830
10804
4285
9799
1163
11817
3884
6824
5957
7446
3046
5816
10646
9336
820
6589
10327
6637
5938
5032
10783
3815
1734
6479
5499
11494
10887
3551
2060
8038
7353
7783
5481
8729
4278
767
4708
5503
9755
1585
7464
10369
4879
10960
9222
6600
10118
7660
4381
3726
11219
570
9934
4491
9642
5547
10792
9539
7877
3335
6181
2447
7283
3168
9348
4155
3094
1265
3273
8850
8266
5188
2405
5698
4787
479
8412
4129
7796
1652
349
7951
7462
8585
9717
8977
4751
6763
9769
5730
359
11788
9297
1077
11889
10982
4226
9311
550
9314
7939
3820
7871
7781
9058
10165
3788
6405
8449
5937
10350
6317
9583
10761
2671
8111
9443
5960
3091
9966
205
10568
7398
11296
2013
5373
1430
4416
1534
11257
6459
11021
2016
4369
6587
6410
4409
2944
8834
10406
612
231
18
7437
3346
526
4050
271
4556
3696
6190
1582
1990
3903
3760
8985
8160
8063
10858
9399
11825
1078
491
3740
9287
9158
10143
524
11458
7053
10447
4632
10376
9889
2702
1333
5447
11353
2638
7787
5234
8183
2288
6980
6686
11509
7214
1570
6743
7974
6081
2570
10031
6943
6033
7191
2554
10873
5330
10934
548
6004
3394
6497
7385
8931
5524
3002
4542
4581
1209
10516
1194
8012
10257
6500
7657
10588
7795
11193
11399
1654
5504
5485
325
10041
7496
6554
239
1690
7634
11062
534
3524
4742
11538
2541
4251
3101
10840
7943
2306
5718
2131
1647
8783
7708
7402
10564
7929
3644
7195
8638
2934
3703
2323
11887
5053
8322
7333
6739
1633
7216
8366
5246
8168
10158
2005
2238
6148
7684
1045
2294
10371
2049
9603
9674
9189
9344
3232
10798
4024
7364
11716
11364
3577
2063
11689
7297
1883
3521
5715
9752
10106
5065
3621
8404
7016
380
2047
2654
1401
147
5973
9760
101
7968
1152
3
28
8311
3037
3954
2032
112
9645
10977
3193
9815
8497
9834
9734
10959
1964
199
11767
7337
1784
3174
3146
6408
6342
8966
831
7302
1717
7574
8171
1116
1935
2399
7933
10247
1832
3919
9469
5449
6748
8604
4433
1952
8810
4698
6115
9986
8174
2488
9169
4596
7549
7832
3461
5880
8848
5687
1955
4365
8367
466
132
4067
9981
6240
29
11361
8816
2421
3893
1029
11557
4803
6132
7890
11318
3578
9044
2527
7368
7514
3573
1761
3122
1937
9641
11099
854
1484
8015
11484
1785
1982
690
2805
323
7261
3661
6651
4204
1971
8194
10993
8293
1715
2661
6400
3595
994
7696
908
6766
8778
6010
7310
11517
6316
11017
4324
6192
6550
5865
7028
11243
6427
11858
5817
3763
5853
11679
9147
8
1109
8277
9199
11696
8928
2857
3384
3386
1966
662
9743
1048
8955
11176
1517
8301
10967
9718
2319
7800
6436
11274
1256
10242
5409
4507
9847
11595
8546
3916
8420
7655
642
2058
2699
10737
863
5297
4081
10763
7891
8039
9584
457
6207
8780
9356
6981
2591
11144
5410
3561
1630
281
11166
10972
10912
10811
3217
7356
2757
3125
6101
9905
3829
960
5625
6216
4488
5377
68
5837
7701
7509
7374
4615
6221
6131
9965
9803
9651
10171
10099
3562
750
6906
3743
5833
6099
9088
8969
7405
2549
4643
8594
8559
2366
9899
2774
10414
10890
9571
3793
5926
5995
939
7047
1361
489
9501
5007
6556
7755
9280
6084
11739
11449
11605
4717
11130
11413
10483
57
8115
522
1925
9700
5849
5195
6498
8817
11777
233
1970
4506
10115
6972
2648
3766
9327
2696
5208
7303
6602
11029
10160
4919
1084
2414
321
8610
771
4910
7346
69
2624
8095
6813
9305
154
5040
8233
10454
4367
1871
7075
9738
3723
11066
3014
1179
10251
9686
5554
623
5014
3165
2385
6687
6356
7282
10655
11901
3984
4683
67
7782
4322
8721
9836
11173
7833
7766
415
1195
7776
7682
651
5255
3345
11077
2126
11586
4891
7289
5111
7510
263
10079
3430
7111
7059
10609
10040
1040
555
2586
8072
4758
7281
9191
699
11426
10517
7722
8605
5216
7756
3428
5808
6141
478
7979
2964
4571
7508
10472
10966
5766
2487
8195
5703
4729
8299
5852
2735
5085
4284
905
3031
8423
2312
1928
10304
1189
6692
145
11113
10374
3173
1415
193
1462
11607
9401
9461
7797
2213
10207
3925
925
6113
10095
10885
327
7686
11633
5337
2991
10760
3777
10929
7448
2687
6449
1033
5988
11186
10750
4272
4376
788
11258
1791
8362
406
7316
8897
3520
842
1377
9918
6076
11669
4009
11276
9107
872
10025
2495
10277
11277
7704
7986
9522
9706
6609
4080
7363
10311
2585
10313
5921
11803
8148
7350
3465
2767
6443
5606
6508
9508
6069
10937
7357
1080
8907
8374
9188
4194
9832
5563
11362
65
8035
178
8499
11909
6053
7305
7159
10925
1616
11578
6661
1302
8472
5060
4591
4072
3325
5709
608
3802
11405
11286
1182
7365
7327
11515
4782
10042
6066
1402
4494
4967
7430
5737
6458
3680
6019
11377
5004
9527
3582
8797
4657
7605
3982
9341
10174
6729
388
2153
10182
6477
2188
8712
11022
1335
10348
2842
2505
2027
4212
3374
11194
5564
6862
8689
10186
9313
5613
6109
4985
1107
2452
4143
10824
5682
7378
8630
7255
9068
7668
6496
5533
4563
5631
9279
3570
3637
3742
5086
177
1667
10540
1663
10708
9933
6776
1765
8863
10232
5658
10749
6697
2516
8243
1215
1317
9173
766
8397
2686
5505
934
10315
5635
10567
2116
10184
6328
10339
9033
11565
9076
5088
4411
9489
9249
3310
4564
10515
1492
3355
885
11552
6997
11690
581
1591
9535
11846
1197
11064
7698
297
671
10815
7507
6224
1422
5520
11591
428
5152
2483
5628
868
9296
9882
4019
6527
633
1470
436
8787
9416
11675
3074
6152
6852
7846
8346
5189
10148
11154
3362
3695
4001
2191
7106
8361
10055
11544
395
9272
538
8003
2798
2274
6156
4332
3350
11082
3158
2722
8841
11089
1808
3402
2075
6770
2133
4648
4771
3075
141
9874
1186
4068
2457
10649
500
7381
3687
8207
5717
9150
11269
282
7334
7918
1193
8032
437
8489
5020
5749
9014
1235
10331
9982
11618
7423
2102
1502
7395
3410
2011
7163
8326
1604
3296
11672
11264
11850
11847
9498
7740
10566
5765
10744
2152
11289
4006
9713
10460
2898
481
8599
8416
8512
2289
11799
4587
6994
681
8085
1183
2132
4214
4230
6577
11883
7164
7849
8041
7646
453
2609
8075
5779
6902
364
6995
5258
3181
459
5278
6139
6555
2987
4093
8002
5649
9027
6060
9731
1192
4872
2206
8853
3786
9063
8021
10944
9281
3372
774
7172
6920
2677
11727
319
6016
2990
2529
11893
3129
1899
8676
8759
5881
1287
3834
11863
433
804
4486
2089
1603
2428
7100
11653
1270
4400
7607
151
6580
1123
11480
5206
3049
7204
1310
408
9081
6433
1202
10705
1370
3566
7702
7972
2618
4777
10272
5474
6799
11339
8999
3852
4478
2369
6390
1102
912
300
1737
5379
536
4834
6447
2466
10673
813
1387
5469
3611
9868
9239
2222
5307
4060
50
3466
4696
1949
7578
8549
6970
8876
11641
196
10502
7307
2245
5290
2859
4316
5372
10793
8358
3145
6842
1155
10807
6835
11787
3706
9806
2424
3400
882
286
602
4702
590
4290
734
564
3021
6308
10172
6639
3505
9160
728
10033
6603
7067
10198
3824
2751
6424
480
3498
1759
11476
11000
6673
3527
3199
10409
11880
7525
8408
4239
10226
10974
1678
8044
4732
6625
6210
7258
8288
5985
11304
7210
11588
8440
2263
2045
7251
10316
10572
3264
9251
11876
3085
6351
3649
2709
3930
8569
9376
4770
2087
11874
1834
11856
11814
5913
2078
7376
11315
7029
8231
11433
3120
9883
1875
11577
4406
10616
6578
4937
3474
3444
11452
9372
3752
6612
1670
5626
9308
3674
1600
640
577
8894
4127
11283
9138
8948
9307
5349
4705
11835
2071
11268
6011
10803
2168
5350
11758
1081
9366
8250
11275
10108
9679
5560
9939
2371
883
295
5187
2187
3671
10831
5178
2265
2361
8713
5575
7420
4386
10809
2322
3185
3448
6624
2048
10137
634
10004
7153
9361
1208
11724
6893
6738
4117
2784
5274
4223
1868
7751
2658
5694
11406
9228
1597
2795
7447
9339
1942
6455
8321
3195
5574
8874
444
2022
3865
9989
6954
7383
5174
3126
2804
10530
5530
9967
8997
5245
7
9559
3863
9814
10356
4580
5052
10111
7004
3291
10842
291
5398
5354
5814
3322
8830
2305
6301
7540
5444
7094
8976
130
9976
2135
10740
10651
7335
10126
6616
2145
11821
4686
8355
5491
1098
8244
6804
25
4811
8846
10195
11239
10574
8588
2169
1718
1054
3772
1273
6370
7426
4583
9708
1172
3116
6029
10638
6452
184
10495
6880
3522
6564
2732
11261
1588
7046
1895
2921
8062
8622
11583
10996
10669
4483
3393
8945
7710
7041
5648
11681
10192
5252
6366
11332
11628
8049
8692
2636
1352
10270
4185
3079
996
5777
10543
855
6335
4028
11053
10077
3470
5935
646
10491
6079
5519
2823
10562
7805
4032
9675
3588
2700
7852
9891
9562
3179
6628
8093
8458
9649
641
4697
9406
7626
3887
3203
3917
3965
2813
9537
11448
5610
2568
7186
169
10897
3512
7486
11621
11455
5266
4318
8001
3087
7103
7764
10060
4535
8006
529
764
347
5843
9901
10368
11136
5453
8880
5196
2598
8018
8577
9486
5184
6951
11357
2080
881
9754
6631
9294
5659
6217
9646
10407
3585
6762
91
8335
6894
9105
8201
7616
9031
4114
64
1389
8279
6186
7940
2316
2299
7315
1233
754
3843
6450
5157
3382
4660
11712
9953
5479
5172
9864
3016
1304
60
3549
7054
4071
8022
448
9597
3625
6136
10773
5191
4812
4132
4432
6576
3999
9804
5056
3252
2943
10276
7113
717
2997
10043
4911
9164
9871
8386
8391
1332
9097
4762
1131
10009
2055
5394
9942
4434
2721
7485
4033
5284
10398
7468
3231
5809
2199
6404
9137
2201
5406
1254
2107
11096
8996
6504
486
1384
8623
7689
9183
7553
10429
7638
494
396
1764
9568
1509
10185
5430
4814
5316
6899
10696
7043
11230
10035
167
7199
5566
11733
10479
928
9671
11711
5875
970
2878
6517
10237
2448
8679
10273
2942
5070
163
8318
7651
4231
6330
155
7640
5121
7262
2297
4450
988
5037
9093
7217
8347
2105
10
1063
11465
7559
6829
168
8560
11507
1672
4939
11639
4502
7208
8488
9622
4063
7253
9719
7588
5272
979
3137
1444
3647
10936
2916
10623
1598
4968
7894
174
2937
9990
2715
11208
5346
890
995
4146
3890
9456
5116
10629
8579
8915
9920
1629
8450
2697
1833
2535
901
2370
6175
8762
10930
10848
4630
11444
10601
9768
9997
8485
6786
11691
7280
8089
1485
5262
2748
8699
8398
1514
8354
4964
3344
11011
10950
1255
10436
3769
2415
9895
9005
7806
10697
7020
3423
10939
7469
10011
4177
3567
9052
10800
7415
4553
11226
2683
3722
9636
3838
3628
2674
3679
3556
8064
2454
6660
8471
512
8601
382
5153
1327
10176
9374
11249
587
1223
157
8338
5000
10357
11519
11308
2875
3422
7242
11047
8941
11323
10928
6353
2151
5799
643
7027
4308
8664
4510
8503
11381
10606
679
3823
5489
8121
3416
6414
7180
2551
7867
8998
7678
8405
6932
10700
11060
10344
11798
2831
1523
2279
4244
1018
1520
4539
3433
3758
2435
9445
1258
9153
86
6546
6415
6772
3681
7928
9773
4174
4236
6461
1173
4795
6901
9330
566
9414
7529
7533
10864
11925
7431
6350
4393
6047
1171
8926
1336
3167
4971
3598
10065
4533
5175
9791
7387
10127
1681
2775
10474
8636
7837
893
4398
4769
368
8452
9321
2969
6082
5604
10768
11295
4267
8677
6009
9021
10668
2255
7475
5904
7568
2231
3413
4158
5203
3109
11097
3499
7257
228
823
7741
1963
4886
5477
10844
5261
8439
7848
1338
2364
8137
6397
10949
6881
7602
10123
4139
6678
4191
2839
723
9580
10070
9938
10285
7148
11185
6704
5432
11076
8871
3171
1527
8718
7279
3923
6483
3558
8685
8836
6444
9749
1117
9813
982
9968
272
3501
10427
9944
285
216
8586
11092
941
3701
7555
3028
11031
8870
1571
328
1719
7501
2838
8812
9179
664
9784
5434
10140
5421
11225
6294
2476
2998
11404
4805
1068
284
6638
5244
10269
10916
6102
8882
8110
3360
6321
11167
5787
4748
8653
9563
796
11579
3569
10119
195
8526
8221
9382
2954
3221
9515
7815
5609
3746
11232
11853
2666
11306
8952
8430
5701
7441
405
946
1023
6059
1563
8364
2935
7389
207
9381
10635
777
1399
40
5873
7679
8249
3970
8542
9849
11271
7275
11730
2122
3008
2340
5334
1249
4982
9066
7081
4166
4490
5804
2365
11065
3909
6785
7209
1406
5527
4570
8013
10045
4549
6662
580
5944
2484
5585
5599
10736
4867
5828
9041
1697
8860
3462
1411
11100
2509
7445
10789
11913
5333
10805
11216
308
2962
3103
2628
517
7355
4906
506
8334
2504
11872
5072
9449
2684
11782
6091
351
1983
9479
8094
9805
2416
338
4608
7182
713
6774
7384
5600
887
5286
11555
10819
11159
10528
384
3616
11273
9271
9392
2576
2850
3810
8325
3194
7941
787
5908
8434
440
1187
4148
8394
11790
4452
7737
7784
11123
1503
7470
7633
3150
10072
1435
11501
1835
2657
6434
10891
10410
2619
5211
7024
6384
9793
8838
5364
6182
3716
3392
11128
4828
5214
4359
7513
6856
626
3324
8317
2752
4200
11888
4371
6513
10402
3300
6242
11627
5486
5289
3830
7675
4037
1396
7416
3321
9833
7557
6338
4931
7011
8520
6198
4159
10943
1773
7120
10743
4695
191
4224
6256
2236
10641
1856
9963
11581
2232
8417
6030
3632
4830
5381
10408
2762
6610
11547
4173
5901
2766
5134
9812
11472
7021
5775
8655
10741
5279
5470
636
6878
7612
9505
6288
9260
450
7139
1050
3876
5769
2538
3907
10787
10051
10684
2532
407
4501
1393
3417
11088
3303
6264
10625
8462
10872
9407
4219
11348
1284
8316
7977
10522
9334
1548
5370
6627
2113
2544
10896
10955
2528
3754
5301
7491
4569
6112
11152
3842
1805
3463
977
5678
11147
2867
1869
3130
11260
1191
7459
2354
10751
5627
966
5968
2345
10220
1640
5351
1658
6068
187
4289
4875
9175
3677
3565
4935
159
10627
9596
1819
7225
932
8723
107
4147
11313
4167
4527
9318
776
10772
4788
11549
956
6620
4197
8065
10979
10801
326
7561
5456
11769
1508
7677
11877
2473
10456
5731
1290
8108
8828
3935
7074
3316
6769
8906
8446
3381
11378
8464
4746
240
9876
8934
562
991
7946
8169
3012
1742
10975
9951
11390
758
114
5422
9243
5744
2285
5541
4379
6653
1818
3017
762
8113
8303
5185
8574
6541
11336
11842
1114
669
3301
10034
6868
7760
1206
3664
4992
3077
1613
10478
2502
176
11403
3714
6362
11098
1295
10403
3730
9087
8646
5634
11650
8097
2242
410
10296
14
2434
3383
9204
7473
9465
9094
1680
9972
5233
5408
8071
10808
10578
8120
10577
3589
990
9565
6482
11760
11879
2262
9303
11341
2052
7132
1744
1747
10013
4709
5322
11844
2024
6561
6871
7167
502
5930
2907
2286
605
2336
9064
7201
6223
4459
8465
2705
10360
1897
1247
2562
8706
8216
11720
8670
5537
4131
11391
3190
7773
7515
4576
4405
2986
997
9278
9623
3794
6110
9916
7407
10978
4537
11291
5492
1958
3247
8686
9319
7244
0
4302
4090
3297
7137
7413
5161
11680
487
1552
2639
3808
10865
2256
2373
2629
825
3073
9941
10170
3966
7339
8345
2925
7844
7012
11796
9993
6373
8154
1738
2474
461
3940
9789
3792
8626
8132
9666
594
2659
9103
2854
7622
9379
9857
4823
5732
10814
9099
8822
543
1655
4565
1019
7868
6417
6989
4253
1750
10689
5305
6773
11780
1056
3817
10612
8815
9807
8218
7652
2737
4885
2712
133
10610
6721
8701
9036
8898
4042
2139
5357
9270
6094
635
10971
9108
6510
3010
9748
8684
9855
2923
10630
5781
5294
3795
296
11645
7189
5096
5383
7406
5920
11813
93
2919
11224
2200
9954
1880
5832
7850
11036
6345
4469
10511
2564
5452
1358
6599
4305
340
498
5706
5034
1199
8558
11522
10154
5309
1850
3314
8992
11542
1170
11440
8496
628
2470
5164
110
3798
8924
7488
5109
4620
434
8940
1813
7779
9421
698
4420
1426
6956
10416
4755
10091
3895
1154
5834
987
4053
275
1216
9347
6392
422
735
1500
1959
7703
5058
3106
5376
9457
1354
3866
708
4822
9725
3390
4485
7611
1281
3597
2814
10089
10841
4246
8535
10117
2451
4626
7862
4015
4189
2160
9306
7908
5308
2248
7170
4209
10765
7136
4849
4609
9582
1847
7143
4590
1118
2062
7573
5128
7898
7656
6128
4228
11359
11281
10678
7642
270
2215
3550
7759
7552
10083
8263
6760
9283
6499
4162
7345
6430
10299
4372
1343
3937
752
6041
8272
3069
2851
7147
3953
374
10218
6491
6791
10015
8571
9497
7092
2391
2320
3329
7308
435
3899
8130
1437
10863
4678
2101
6833
10513
6290
5167
10874
7300
245
6505
11779
3508
11058
6723
471
5441
1226
2186
846
8537
10525
7260
5239
5728
3650
8641
8205
1723
9829
5457
11625
8066
7845
8162
9237
8104
10857
9903
9778
2959
4503
3492
7118
592
5306
4940
4668
10759
10507
8761
695
6900
2879
2691
6031
5240
73
4075
3379
4403
9647
11192
10298
5162
4121
9404
127
9192
5200
3088
9621
3699
11773
6287
150
9763
6719
2951
5669
10323
7497
2095
5786
8147
5571
138
7093
8811
1167
2846
2001
8258
11908
6518
11105
9542
2104
6647
7455
5877
8889
1071
11074
8615
11528
9079
5664
9937
5829
9292
1732
11805
10984
3587
8524
10905
4969
10583
9460
8935
1445
1383
1395
9775
5676
10435
1299
973
2621
431
1799
5285
5156
2993
6394
3334
6581
7983
3867
5899
11026
219
6026
6935
617
2287
10626
2224
8344
8883
8283
3274
3128
3678
8295
801
7272
3826
4540
7746
10388
3020
11678
5590
10893
1472
11529
3711
2465
10832
3536
2791
6851
6700
1612
361
2051
2817
1936
11759
4902
8908
11205
8143
1175
9594
8556
5067
9677
824
6252
5145
9643
4870
8862
7397
4458
11037
7674
3600
851
9194
9438
8043
1867
7321
3827
8602
4534
5250
9800
3552
2908
7001
10505
2647
692
3001
4552
2869
9060
1789
6808
5910
6272
1111
1702
11523
6698
7982
9455
8176
3862
8100
3196
11161
9340
4898
1748
5201
609
6126
4070
439
8530
4627
647
9244
10125
7224
10324
5645
7483
257
6926
8029
7620
4713
6693
2558
7761
11073
9084
1957
6411
2884
5980
9012
6167
117
3741
8794
582
8896
7205
4431
9171
9045
10534
7325
2134
10028
9020
10224
6684
5136
9919
1918
503
3626
7286
11246
1073
2749
661
9078
6170
1693
3534
3317
1043
10238
4287
2004
2902
1513
9861
5159
6322
383
8324
8738
9653
1028
8806
2882
6889
9907
4720
3265
8956
3797
9433
3343
3210
6947
4793
4366
11676
9482
5850
3259
3436
2589
11596
11203
1392
3489
9295
9499
3855
2209
181
5674
3319
1583
10954
9782
2175
343
5667
10958
11360
11034
6795
3733
7412
8514
3487
6506
11013
2688
5107
11656
6104
4673
1620
7141
6259
3538
8181
11263
624
9946
4806
6966
182
3516
1559
9519
11615
8380
9018
5638
4349
5389
4499
4765
2630
11340
8212
4845
2427
4436
11356
1213
7994
3481
4531
8763
4970
1668
4321
5878
8764
7861
1946
5746
6809
9264
4082
9100
48
10396
4813
4373
6670
3548
10200
10670
7672
8114
5998
6626
10988
4208
2123
2820
152
3601
8703
10565
9028
6699
9223
11473
652
5048
6052
2660
11580
11151
6533
7323
6919
6633
9958
8257
2922
9615
9218
7886
7116
11228
346
3084
5824
11427
5822
8857
2574
220
3281
5885
10169
11520
2156
6571
8754
9915
914
417
8665
3401
11270
2307
11488
11383
6096
11525
2771
11041
173
7018
749
4573
6067
11424
6601
8399
11775
2360
10587
9109
350
896
8247
7645
1907
1651
11631
1774
1465
5339
8442
2138
1602
9517
5838
10946
9547
567
10703
10104
5340
3542
5319
2633
2729
11585
2957
4038
1471
1322
7502
11335
4854
8565
4306
1726
10767
11215
6964
3873
7124
1547
399
7565
10611
8125
4000
1914
11926
784
5427
615
3269
2625
1334
2637
7769
5515
497
4574
5870
2380
7097
4232
3443
3455
6097
10802
4801
8833
7319
6974
5132
9480
1091
8139
7944
11415
3938
10446
4399
10382
1746
4357
7482
1578
1419
9022
2832
401
9952
1533
1115
9116
9413
10355
6781
3117
1545
6694
9259
6017
5689
6261
6516
9006
7831
5193
9252
4190
6806
5001
2423
1375
4779
8309
2753
3727
2167
907
10264
3515
632
4856
278
1825
1049
6324
4754
1137
6486
6818
2054
9684
2194
1863
3099
9208
8206
198
8513
4888
10048
6560
618
1830
710
1185
3918
1477
3495
5570
2844
6812
9848
9075
1229
5296
3216
2792
7121
904
475
6077
4085
10739
2880
7168
5982
3928
10732
8704
11810
3003
8517
8339
8271
11055
3958
6751
11791
4523
11624
5636
21
3543
9730
11351
11303
10880
11127
11292
7767
9454
4480
9263
3289
6403
3250
8306
1099
10078
1234
983
37
8745
3062
5433
10836
678
6552
9878
4477
5695
5343
9034
2779
4528
4819
2315
7354
2334
180
11375
6233
544
10066
10280
7599
10710
6730
6896
6161
11634
1160
672
1644
1461
4817
1561
6078
2000
468
6432
11352
142
10173
11616
3373
4229
5498
4946
6023
11561
4661
2515
10175
2963
11911
9721
4237
10090
8740
9925
6867
5972
11312
6015
1954
7013
5360
8921
11139
10096
9873
6159
4115
579
6821
7987
10539
10305
10205
2143
9055
4277
8909
6884
11333
2581
603
7542
10412
8988
4419
11629
9332
1507
8290
1790
4100
6235
9575
6168
9365
9289
3599
1755
499
10722
8377
8284
9481
8045
9324
9776
8506
8140
237
5186
5407
1339
3782
3389
1532
9929
6248
10628
10391
452
4157
7467
8681
442
4004
4202
6281
10994
9261
7158
8245
11692
1634
9242
9693
7320
11801
2847
1753
11400
4647
6120
7967
560
2059
11666
10747
1493
9185
8119
10082
6982
1845
277
4401
6535
5500
9998
10843
10586
4880
729
3510
9268
7593
7503
4206
9880
1662
2929
1133
4262
8901
1300
1260
11539
1323
7000
3618
9304
6313
357
3526
367
3154
9796
2933
7619
802
10301
4963
11443
2193
8401
2227
894
5616
3202
6975
9540
8829
5029
1621
3504
10847
7271
8163
7793
10292
10426
8938
7519
8613
3490
3945
6934
10166
71
6716
6569
9550
8953
4355
9090
7135
10152
8990
8058
5142
8287
5760
1245
701
520
5561
1093
10694
10607
6898
3927
3922
1816
4137
1169
6850
4380
1930
5776
6621
4269
8356
10850
10258
4949
5815
2953
11325
6565
2517
2121
4152
765
11608
9858
1438
10395
3832
3299
8991
8107
11004
1590
6442
2217
5326
9560
3519
8365
4195
937
3363
9475
530
3161
3112
583
11725
10640
5611
6312
7597
2926
11056
8204
4605
7032
7669
11431
8007
8790
6543
5914
2204
6222
2240
4972
5933
10615
5794
3114
1105
11207
2840
1037
358
8192
6357
11235
7579
10576
7817
747
963
2834
2701
9056
2472
10755
8873
8400
7813
10168
2214
9630
1164
4734
1817
4509
1210
2836
7713
2460
9155
9285
9231
1669
1879
5242
2136
5840
2276
3571
4691
8847
1887
6959
294
3662
6220
3166
9949
4339
5835
7775
2872
10898
10458
7034
5122
9906
4297
5118
6292
447
9971
7200
5404
7733
6488
1525
1148
394
10914
9355
1700
10419
10617
8298
11703
11394
7314
5335
1581
3837
3579
10582
11046
75
6360
6789
1876
11864
5057
10373
6398
992
9167
834
1861
9032
8958
10180
11134
9417
1425
2910
7424
5368
2893
10101
1267
7396
2118
9709
6861
607
8825
9520
1646
4118
8595
10553
227
816
6544
10164
3453
4595
11434
5012
6276
8950
11575
2378
8714
1795
5089
4040
5414
8185
5917
1127
3353
8893
6013
11491
5482
7231
1243
1945
1968
1000
7604
2914
4331
4981
11604
1771
3411
4741
11294
9074
1207
5355
72
2603
1820
1760
1580
7278
4218
6311
7342
4323
10223
1436
10892
5654
7716
2596
6655
11822
789
1251
6696
2234
2147
1291
2503
4766
1320
10876
10423
9200
11393
7541
10938
2176
1456
3135
4960
11721
7065
5257
10489
3238
1413
3502
964
10038
6754
7155
10131
829
1557
8173
8494
7641
8632
10256
11601
10748
9072
51
9273
4541
2904
826
7233
9388
7758
9452
2614
2450
799
6787
6002
8963
3058
5273
8511
7727
11684
6645
1293
11422
9662
315
5545
9507
11345
9354
3336
889
4474
3253
8282
6933
7291
4280
1165
3420
5068
2892
363
4763
10500
11697
10868
2523
10431
9945
6936
3700
3889
5395
1036
9591
11069
5802
11682
8820
1211
2418
11367
2877
2157
7730
3023
2321
7841
8944
10486
5455
5821
373
3560
3282
9113
4687
1452
2283
10488
2531
4602
10973
8552
10464
5818
880
9557
11247
2313
11430
4677
1599
10624
209
9098
4890
9692
3230
1687
7393
8372
5893
4947
4636
1768
7875
3655
3440
4348
5683
10147
1541
7725
4701
6811
11093
3206
837
11857
9574
162
2083
7220
10278
7903
9238
4952
62
7984
8392
7883
11587
5380
234
2436
5420
2796
3305
6456
4518
5549
5551
11713
6665
8315
10230
7002
6393
1515
1432
7926
2818
5622
6361
8840
8484
7099
3651
33
4979
7083
10549
11806
4826
4961
3040
10260
9059
3989
171
4550
11116
6949
11589
3658
5435
9974
3213
3553
8819
888
2382
5205
3624
10782
3294
5568
1006
9360
4786
11132
5976
10162
11729
8635
9180
7719
11881
5249
4296
11063
1017
1072
4837
3421
122
7956
6872
1373
3776
9019
10027
7493
1174
3271
2498
1264
126
9685
7627
4088
4908
9397
7480
9224
6211
7177
1542
4058
10307
1378
4623
9564
5861
4094
11398
4712
4670
8697
2941
11347
11708
391
3535
6755
10469
6613
4601
7388
2754
6266
9159
4016
5298
7847
9394
9250
9214
879
3825
11693
11654
8614
10980
1950
8101
6583
6922
4966
3898
1679
9472
3606
9177
8193
3656
10351
8803
4108
2768
3041
3872
9410
9459
424
1751
8390
3592
5466
3849
3096
9004
10777
7587
8553
7757
5684
4481
10735
910
10294
8888
7863
6320
4798
3439
3092
7512
3254
2015
4901
7865
3892
3897
9125
8153
1985
1998
3027
11567
3765
10969
7785
3308
8845
3860
3990
1325
2931
3240
55
11453
3452
11321
8096
2202
7997
8068
11726
1919
4382
4326
4463
5450
3761
11502
11437
1286
7834
3781
6007
8808
6020
11392
10780
2903
8281
3609
11848
11187
4846
3880
11175
6297
7150
3406
6679
7088
9959
1221
5844
10130
922
8481
2773
6524
3080
2707
4728
9427
238
8060
4761
2650
11023
2566
8970
8227
4863
11827
849
2376
10333
5280
8792
43
1815
10537
6695
3144
7421
11752
3068
1280
8251
2608
2182
1292
742
2797
11609
9570
11039
11571
7630
6354
7950
4235
9086
7009
9323
10314
6331
7349
2430
8591
4958
5671
4873
670
627
5260
822
8495
817
3631
11659
10664
9491
5222
8305
753
6573
11432
9257
6460
862
5081
4464
6574
1920
3828
421
11592
9827
8789
31
5106
3153
8951
11204
9723
113
10438
4418
10766
11195
3845
7600
2534
8758
6817
3192
2386
2085
6291
11546
8387
5932
3614
6915
7636
2693
5288
5146
3263
9844
1997
7227
10723
8267
1812
1032
2788
6165
8054
9794
11896
4658
11326
8649
3657
704
6908
3683
7362
5534
4904
10092
10712
9852
5691
1797
1025
11135
342
6745
6103
2159
5735
886
6945
4611
7311
8396
9869
9626
6952
5154
10965
4920
1896
8813
2219
1312
8179
9757
7569
9611
9293
11374
9897
6250
9994
9957
917
1772
4899
11923
5079
10134
3076
7917
6887
4341
8742
11305
10524
6365
11417
3960
5059
8798
2641
10401
1610
11688
8696
11072
10618
2384
5992
7296
935
7390
9380
5168
3471
8728
8563
474
11456
7901
1756
11731
1829
9879
10661
5199
10124
6879
1468
3376
2401
3053
8989
2704
6122
10519
59
2195
11372
4142
4047
2275
10903
2861
5066
5876
2056
4578
3347
11075
5919
3483
8074
8702
7750
1916
4346
4292
11481
11674
215
3365
5366
3268
3564
11067
6475
657
10107
6006
11141
1119
4010
2127
944
2417
7712
1151
8597
6441
4270
10704
11642
718
3986
4843
10506
10544
591
66
9759
4479
11776
1586
6640
409
1642
2267
9761
11750
3673
1145
1911
8129
9534
3591
9154
731
10829
179
10381
11071
3370
10386
7663
1433
7126
4203
3451
3261
1423
9600
3434
7884
1351
2508
11757
5697
1839
10753
5862
11373
1330
4726
11223
4807
6054
314
3019
3449
4120
7822
3721
6944
6727
4829
2021
3859
1596
2905
2237
6876
6646
1587
11423
969
4089
7792
11016
7543
5536
6451
6757
3426
1177
5565
6319
5856
11032
1253
11213
1708
2966
9921
7042
9441
8625
3200
6229
6677
1385
4216
1041
10302
688
6873
7161
1046
11487
2971
5984
4352
4018
8453
8541
2764
6502
10791
5271
8359
9342
11107
3156
11370
3138
5237
10255
2587
10039
10149
10719
2799
3491
8475
7240
1403
516
4141
656
10332
3806
2536
2512
4275
2901
9256
962
3912
9762
9383
10337
10217
11379
11735
9732
3574
3822
10726
1572
3509
7889
10425
808
2680
11734
3412
806
1268
11278
7976
5338
755
4599
3042
9362
1888
4767
7206
4586
565
3646
10718
1440
9695
10215
7840
4172
10105
3630
10657
5484
6177
11272
9267
3205
2955
9795
875
6584
1636
4778
8070
7581
462
10699
3796
5480
10717
2309
2741
4722
677
3055
9352
144
10734
8592
539
4012
11104
2989
10910
7536
7073
2403
11084
6540
11899
9140
1981
4020
4407
976
11572
5762
7762
6747
6226
2833
2606
5275
951
6118
9496
7273
4021
2329
6273
9715
6347
412
5535
5716
10422
2896
11020
311
637
6961
3629
8196
5031
3634
2092
10921
1781
1390
8936
3149
10679
10830
9384
9375
5148
985
11421
5325
5476
3337
3987
1031
8918
414
10818
1374
7154
11900
4334
7338
8198
1524
11671
9936
8726
5268
4039
2956
8849
10221
2397
9859
1648
5207
619
1536
4610
1975
9687
2900
5119
740
5827
2510
6674
5341
6476
6969
3807
10756
7953
3078
3127
8376
11511
9168
6368
11700
743
6421
7816
3222
9909
8010
10860
10821
6334
11428
5348
10677
10312
10430
9682
6888
7631
11527
9309
11355
1418
4690
832
11922
2067
4377
5771
6237
2511
264
10006
5170
10762
4083
11873
1569
2100
3432
1257
5176
8178
8083
10145
9258
8469
5015
3371
214
5956
11878
2670
356
7499
660
1282
1480
6904
7820
2610
8858
3229
10906
9926
2635
6987
8961
11121
815
1965
3450
9495
6918
768
5229
3333
9956
861
5831
9955
8519
5931
4441
2165
2271
9426
10503
116
9408
7798
7060
1967
4772
4327
795
3717
6547
895
11380
9373
10201
2936
4624
1632
5509
2967
10637
365
7562
242
4175
8550
4426
10295
7380
5512
8914
6493
6923
954
3409
4154
10926
8136
5027
4532
5946
3853
3868
7237
5896
9182
6859
7169
2061
10451
4768
9549
6999
1962
10058
6298
10558
7498
7858
5016
11610
3846
8432
5978
2140
11830
1763
4513
5963
5770
8682
10329
4667
6725
2522
7811
8621
4437
10445
505
330
3315
10477
6268
4848
6663
3800
11234
10907
667
9902
4894
1203
11180
2886
5677
5763
9134
9073
1283
11409
6445
1496
4281
10037
1607
7115
6106
6659
4694
6245
3364
6941
5143
6917
7927
2044
6154
9514
2731
7827
10731
7591
9114
4790
1002
6978
2486
4745
6117
2181
10193
5902
4538
950
224
6275
8981
4493
11469
7963
5248
4473
2281
1722
8005
4391
2501
7895
2895
9890
3653
528
9602
11662
7989
6487
119
11808
3447
700
10957
4245
850
621
8236
7277
2090
9500
7401
1369
5923
4413
5314
3157
8827
10527
1161
4077
3399
2776
11479
5889
2539
8547
4707
629
9831
7254
3349
4853
2726
1530
3198
3544
7774
2114
4618
11882
11661
6454
1020
9409
4257
1941
5954
7700
11214
7301
9843
8902
5836
11146
7085
6874
4425
4220
8916
1158
9935
1272
11838
4684
3454
7980
6085
7183
2822
5958
8818
6485
11635
3472
1198
305
1085
9579
5719
2500
5006
9676
4613
3209
11558
4254
4558
1566
10044
1767
2301
5221
2563
98
921
4460
6656
5792
1793
4861
1889
3070
7589
9434
537
10997
4662
2068
143
371
6929
3708
9576
2350
9010
11932
2040
8608
8978
7436
659
3725
2888
8562
4358
942
6124
11740
11626
8009
1894
11573
11171
1345
2359
5798
1754
2393
5755
9898
2651
6869
3022
5685
4169
540
6464
6928
4294
6352
4165
339
4035
4851
6622
11189
8688
8336
9546
7133
1200
11533
77
2410
9518
115
5429
6315
4098
1455
2682
10103
4764
3245
11220
6376
2094
2106
2485
1356
9230
5598
974
2742
7872
3500
7138
4347
2730
8619
523
9650
4965
10593
8700
1783
4505
9764
7853
11168
3034
1220
5436
3485
10504
6439
2343
11388
6825
3110
9733
874
3946
10983
9346
8781
10345
6187
8082
10068
7399
8545
11921
9558
5855
2825
8483
4635
1298
1782
8584
5218
5149
6675
6814
1978
8444
8187
4374
4217
3693
2273
6359
3256
2561
9627
6225
2996
3748
9402
869
4427
6845
1001
3774
3142
4520
2593
9470
10665
5947
8900
720
6343
4325
7179
744
454
1601
7087
11451
7236
6065
2396
5839
6005
7885
8226
6406
11860
10707
8709
1801
10555
27
10053
3939
5269
8507
6832
5888
4124
2456
7070
3902
10397
11504
9536
2542
5848
430
3690
6247
5358
2244
4881
1974
8433
2235
10856
7194
2790
5062
4390
3354
6071
760
5073
6150
9300
1724
299
4612
10461
11241
158
53
10691
2580
5825
1407
1055
8654
3861
2260
5708
9681
7802
7102
778
3528
984
5975
2547
6036
1305
1674
10602
89
1446
165
6387
9930
2300
5080
9798
6463
3750
3955
3977
2537
4074
6531
1828
10243
1230
3684
1878
7517
10945
10518
4916
6914
2441
3311
397
11783
4957
1271
11149
9818
6810
3228
11174
5601
10879
3753
4522
1408
9659
5531
6239
9436
2518
2918
3645
1683
8722
5748
10746
11467
7114
2787
3914
9065
8122
6000
6093
1069
6133
1695
7637
9904
4656
6538
674
2471
6285
8504
11871
11489
2557
8662
9062
10535
5805
4640
11540
1844
4462
547
9015
5662
2374
3172
3652
7803
9912
6839
3257
1798
7829
2225
6998
1494
8262
5789
2065
7914
6844
11828
7235
5637
8647
8476
2612
955
2559
5082
11142
7450
4832
9492
5518
9092
2491
8525
8633
6579
5999
4616
1104
9236
1824
7295
4161
5150
8843
7144
11574
11719
10069
6820
4840
5621
11300
11668
2972
46
11183
8253
9225
6050
6614
3718
2988
9688
1228
10633
6605
6469
11486
10962
7618
120
3751
202
11042
9000
6422
10365
17
1775
772
1969
9067
8220
3098
10520
4868
3378
4222
7881
6086
10076
11124
5806
6938
416
5313
11435
5281
6792
9269
7575
3885
3816
6325
4335
2623
7151
5283
1464
5323
259
1947
9190
1843
10246
10452
10178
9298
7742
3530
3323
390
8739
507
7077
4621
4562
2208
2681
11768
3307
10468
2646
9051
6257
10724
3998
8286
8839
11285
924
5711
8393
11468
78
7707
1605
5772
7174
11514
9578
2351
10455
8078
1003
230
8079
6767
11245
2096
2031
6672
3388
2251
10054
10999
9658
5163
5183
10317
11892
4980
8650
10932
10352
3391
9604
11191
11820
8209
5003
10347
6986
2317
8182
2077
10086
7361
5672
6494
6759
1994
11279
11550
10253
1729
6134
9450
8138
9884
1623
1340
7911
1980
5374
11640
7869
4402
2719
5929
7786
217
838
3602
4007
2698
7571
10883
9860
3262
10480
2948
8767
9277
1736
6731
2617
6553
10202
7022
11410
11238
1730
2734
2348
7920
5026
2388
8581
9862
7166
6189
3225
11742
11233
6796
4917
6807
4776
226
1531
10421
1538
1143
10715
11548
10781
4243
3352
3497
1190
5093
2873
10986
4276
4013
3064
6713
7936
10303
4815
5548
8184
4428
5557
9556
2453
4731
10098
3327
7007
4011
345
2178
7196
2952
10188
8640
10852
8671
1903
3467
3981
5100
11117
2984
968
1665
7096
7900
10336
4551
2303
10075
8059
3541
2885
9337
4301
6907
3239
7086
4073
9429
5977
6295
3277
4104
337
2740
4774
9703
8957
9931
11793
2800
3666
10181
8672
11311
7810
11316
736
3396
3694
920
2357
3563
7372
2755
4045
153
6720
1769
2445
3613
6511
11222
9593
9838
7408
3102
6794
7438
9705
9758
8017
7957
5970
3097
3503
8675
2860
5502
6302
2003
2613
5415
3759
8531
13
10250
1564
5983
10088
4444
4780
11407
2807
2974
11475
23
6151
11382
1720
5847
3593
5197
1837
559
1138
6778
6771
4168
11450
7119
11632
10281
8554
7165
10151
8327
8851
11158
8117
7821
188
7808
5226
5928
4545
7010
10919
805
6983
7991
1075
1346
10343
2014
9589
473
1473
418
839
11771
2347
7857
7592
5909
9418
3877
967
6784
9512
4279
385
11477
915
532
3351
3197
675
4443
10413
5251
5587
8084
4579
10770
2406
6022
5344
10895
2413
11706
2950
8912
6950
3051
1516
4354
533
11770
2584
3620
3920
5869
2493
11402
6570
7916
4983
9030
860
1544
5472
5471
8170
7665
8609
4827
5391
10899
4669
8467
625
10964
10473
714
10233
2856
5592
5094
10917
7826
601
9513
8774
3063
6967
5215
10249
8403
301
6035
354
6865
10024
1836
8025
4465
10112
8188
7461
11590
7791
2266
5173
6924
866
4144
6490
948
1157
9206
959
10394
3367
4915
9370
8932
11462
7809
3523
2468
5588
10378
2588
6162
7958
7551
8515
82
11710
11652
355
8884
8705
1733
3246
11198
1357
11129
4962
8663
9255
6680
4757
2890
10245
11497
5180
4345
9196
6705
9950
7673
11705
11584
10358
1574
139
10071
1996
7030
4023
8428
7608
11687
2174
10662
2394
2440
2268
9506
8077
4862
913
4210
6860
8564
5403
4343
10183
6419
309
6171
2627
2207
5961
4836
6586
9824
4544
5424
2786
6623
6925
3590
8177
5712
786
8509
8606
8409
1721
10129
7433
4102
6532
5700
3155
6058
6691
11754
131
2037
7694
8801
3100
4061
10493
10871
4095
4145
1391
1927
8659
1803
11898
680
9865
8146
2642
4775
7954
1499
10432
5399
3546
1676
1692
4739
3697
7860
265
6979
5365
8473
6032
6205
10604
9753
2631
7925
7198
11815
146
10364
8639
3226
11714
5997
9118
4933
7329
2968
556
9502
7466
9282
1567
3418
6234
3093
4112
3979
3875
8073
6063
6037
5169
9652
2117
3676
3913
11613
7250
8127
310
7072
10379
9389
3848
6572
859
11556
4193
3066
1376
11915
3180
9358
1931
11349
8445
1044
9665
6218
6718
2765
858
2615
4182
11464
8459
3525
10658
8937
1757
9722
4489
7184
1519
1788
3188
9089
1328
125
5054
3720
5508
244
5867
6726
3059
2458
7729
8922
5795
3836
3622
10073
10225
871
3419
8337
2467
2082
10022
9680
5707
11482
10222
5791
1593
189
2928
7915
2555
5375
4271
2599
6358
4430
9148
3249
10321
10529
8034
727
3045
9742
11516
4682
4135
11068
54
7403
9387
7988
19
8164
5356
3572
9136
1728
5945
9209
6761
6127
7572
8730
1479
5906
4883
5108
5991
4794
3948
6371
5055
4631
8246
9553
11508
10370
1059
10579
5655
10730
411
8710
10533
6927
2821
3132
84
9349
2331
5076
5842
11057
4022
11718
8980
10851
684
10693
2912
6465
10671
7058
467
1363
9266
2257
1814
7418
7874
7017
4263
5028
4099
5962
8109
7560
11397
6782
5511
9202
5895
11265
6514
6149
11617
2246
6040
3964
2461
11912
11342
9390
5605
6912
2710
10287
4487
4130
572
1910
6708
1923
7520
6843
3095
10141
4789
1800
262
9156
1638
6815
1204
4163
7317
4903
9320
5866
7506
5378
6173
3469
3292
8617
9669
1441
1082
8230
3575
3809
5846
423
11910
389
8831
2736
3775
7662
8254
5417
5099
99
2594
7192
7866
7359
3326
149
9
9104
3366
598
8971
8256
11221
1922
2395
320
9193
8090
11358
2607
11532
5858
8260
6416
9172
3030
5797
4633
7961
1394
6593
1132
828
8905
4773
2733
2137
814
5925
8296
6800
4342
3744
6089
9816
6241
11282
7870
1126
1149
1294
8172
4866
10989
3013
3555
10384
9631
7213
599
11644
4887
2400
1635
5177
11178
1379
9511
10575
10056
451
4997
8683
455
6471
2911
11030
6618
3995
6057
2533
11553
5758
4645
8923
2855
4784
5526
8343
11182
8942
9420
1021
9170
3385
10063
11384
3148
2282
4944
6183
5544
2264
5860
10709
9735
1627
7825
2924
7743
2261
4046
1628
10030
6711
6092
6428
3547
9839
7109
11891
1948
5830
3951
1382
404
9914
9978
1482
2254
9276
8088
8425
2084
10913
1027
5115
6798
9201
6724
4842
5580
6293
5785
6466
6098
10047
11457
5705
8269
552
10794
4105
1153
251
7061
7471
10437
1807
11169
11809
9144
5668
4999
10179
11184
10776
9110
6051
5202
4225
1365
2826
11327
8426
8518
9157
7287
10062
3610
7474
8069
10297
7452
5756
7765
10387
10559
9538
6271
3266
9808
7230
11749
2692
5553
9701
5317
5035
11890
2390
5757
7045
9247
5083
2252
1288
1953
2372
10862
11425
2543
4122
11597
7243
5401
6462
9040
8527
4714
10196
8419
2761
