295
2129
3091
4915
8472
6377
2426
10807
7398
4639
597
9953
1214
8165
8338
10206
2624
6142
9859
10199
9384
291
1903
5728
7121
6091
1129
7471
4646
10501
10534
1241
5527
2122
5500
11105
95
9001
9829
6370
8946
2402
6505
4863
1777
1439
7558
2646
2423
6439
7499
1330
10216
10637
464
10222
10577
8843
8640
11381
7736
11091
3495
7534
5658
8082
1792
7618
9979
6528
4850
2654
11054
10277
3738
6503
5483
7408
3344
6953
3877
6496
4364
285
6079
6608
3991
7150
5002
33
9195
3762
2211
8511
7664
2360
11779
9864
3913
2870
505
4257
10022
5116
4248
6726
9012
9390
4955
3114
1748
204
1691
11417
2857
880
4733
7684
6265
463
978
7064
3713
2996
7058
240
9432
4388
5770
10785
10386
11298
10130
2048
2228
9687
6374
11615
7863
2653
7259
9402
2453
860
11630
6211
3262
11318
9484
4931
6627
3379
5903
11551
7271
8411
2725
3816
5062
7350
10575
7662
6282
4019
9301
1949
7973
5161
1724
9661
5389
7656
10079
7225
4954
5544
6893
8415
6100
10426
5202
6678
4573
6969
11153
7497
8741
3241
881
5549
4325
8622
2239
4126
9307
7556
9628
82
8449
7337
832
10138
3699
127
8704
7951
1386
974
5825
5767
1608
2468
4417
5028
3489
9758
2089
7961
873
4683
7445
7700
2506
1912
9748
8863
6228
1183
375
1042
6464
7750
5363
10821
4062
9206
11389
10745
9328
7614
1575
152
10646
9221
9320
11383
2305
64
10380
4159
6196
3408
8216
3744
8372
8207
4139
9227
6096
5501
5764
4008
5571
511
10865
3614
9920
1062
7316
688
7908
8005
1352
3540
6015
11388
2291
8849
645
7886
4293
10852
4695
2343
2789
9703
6933
9781
53
4045
10420
11372
9506
8558
9899
6722
2406
6619
5740
11751
6173
4844
9951
4484
6432
10543
9285
2163
9858
11335
9194
3085
8290
669
695
7258
6661
2244
2286
10562
5304
6410
3367
10168
445
8973
8104
973
10546
2576
8156
7436
7907
7781
1970
3158
6539
3492
2985
7390
409
2094
8795
1965
7507
11542
660
7595
4073
446
4497
8623
1154
9893
5565
3826
8088
10217
3912
3303
6675
4148
6971
470
6545
5731
934
10121
3968
11830
3574
7522
1930
5835
5568
3223
8872
6424
5933
4610
1694
708
1413
4067
8897
5928
10693
4472
1835
2265
7484
1092
6386
2213
6779
9538
4829
7846
3750
6535
9738
10609
2108
7246
2463
2118
8556
10401
6293
5735
3291
6314
10709
3065
4562
490
4526
2970
3550
820
1956
9389
6175
7096
2690
948
7447
1951
10813
6801
9665
4883
8931
7927
747
11062
3811
4881
7688
8855
2794
2524
380
6471
4920
8554
3086
11775
1086
8439
1152
1198
9030
11408
7008
153
2269
9753
11258
10241
6955
9663
8125
8712
8610
4064
4648
885
3486
10667
4197
4463
2148
11480
4016
3270
8367
6794
2112
2400
886
10269
11793
10139
9892
1697
10505
1376
177
1989
1069
9911
8543
8945
1289
11205
10398
8149
7860
742
3257
8170
4012
4900
7164
6176
559
7591
9996
2820
11280
5865
1864
9767
158
3949
1619
1492
2496
10416
920
6585
7457
7030
10322
7378
7787
1486
6975
5190
6925
1558
4650
9348
7054
8864
7232
1678
10916
8998
1081
2765
394
4665
11812
7194
5346
1645
890
8257
2917
10567
3245
10968
6731
10250
10247
9408
11365
4202
7706
3610
8266
1116
10898
10771
9947
8403
6309
2255
5423
11479
11732
2035
1878
9667
5916
4930
9379
7644
9051
2952
5385
2379
2573
916
8815
10643
3647
7357
9536
8427
9735
8008
11540
5595
2373
5561
1812
11743
5249
6787
5270
8567
1478
4763
3582
9764
789
11545
4714
2728
8300
11182
8147
10263
7607
11698
7734
897
257
360
954
4340
8107
11652
6839
4626
5488
10931
4204
593
8942
867
1237
10648
1996
8178
5879
8111
793
10134
925
9022
10252
6321
1176
11491
8325
2958
6996
3299
8490
7136
11176
1407
9722
8669
8989
3293
5183
877
10513
3937
7342
5994
1749
318
2178
11594
9936
1444
4144
342
5478
9567
5701
11869
9106
11070
10772
2577
8351
623
5157
11292
3396
8513
7589
3078
347
1915
3350
1371
8199
6682
10689
3944
3096
11030
202
1399
5591
11139
7260
4315
1829
4157
6111
8019
731
2967
4304
7199
3337
5146
2685
9375
2686
10956
8389
2878
5499
8957
1324
5965
813
4092
311
1655
3264
487
8468
4711
3045
11873
5633
3319
1060
8186
2413
213
11894
922
3545
3945
9694
11573
4328
1271
5139
4740
200
2643
2201
3878
10319
1797
9473
9287
9819
8722
11119
6878
3321
1667
7850
7809
1296
7261
6436
6269
4837
1800
2586
3523
10275
970
7584
10883
7182
4495
9675
1933
8719
2922
2241
9705
6689
201
8421
5506
8947
5749
7203
3278
4272
10989
1046
4110
2535
6846
6255
6696
8545
6717
891
11216
4690
4375
10834
3386
5209
9552
9658
5601
2988
7240
436
4316
38
8822
5995
8934
2668
4662
4352
9118
1660
11188
8225
4440
7996
6090
7375
2532
9986
3052
7063
5697
6752
10628
3449
10847
2341
9247
2716
11501
1550
3406
1993
2522
7642
6658
7303
1688
11059
1596
520
8422
11828
7756
11201
8565
9619
5124
6784
5147
9344
2430
7242
1033
7617
7037
9793
3432
10302
9670
288
1652
7710
7643
3718
1705
11555
3890
9145
1322
9350
11022
8879
3976
11151
3862
1186
9906
6431
7536
8047
6709
1408
6382
1148
11471
6484
3183
10423
8167
2347
5069
8797
4928
1960
8571
8747
754
4326
7817
11166
8632
2758
11014
2077
8850
8637
9787
9804
4475
6664
10734
6372
4678
7483
2827
8034
6145
845
2969
9140
44
1272
4586
4117
2312
8696
10947
6135
8962
3621
5298
9776
9361
10399
5277
905
8397
3875
1052
3653
7975
10356
8209
10980
9054
6060
5406
9692
5208
10539
1438
2073
746
7943
10382
6487
4868
1479
6009
8505
7075
11181
11702
663
866
3141
755
4613
7006
1166
2717
461
9109
2975
10167
2356
8025
5623
9741
11543
4014
9614
4890
5976
8157
1074
10712
3000
3154
9200
5653
8230
9826
4363
1827
7581
5780
10292
2072
4510
236
1287
4906
2655
3190
8512
8893
610
1349
5943
225
5444
10036
6478
839
6466
3149
574
11229
8067
10781
9603
11320
8007
6826
5374
9636
9381
378
4590
4851
7762
156
7072
2594
6273
3018
3094
11090
230
11746
431
3863
8015
11195
8491
10695
10880
5103
9701
7016
1807
4775
9846
1658
6630
11448
7140
2257
702
7349
7404
6817
2640
1526
434
7699
9306
10362
6463
9159
7038
10040
10964
405
5705
2449
5834
4457
11117
6821
7600
8702
10913
5160
3484
10691
5559
9577
1024
9120
2806
6078
9723
1857
1112
9718
591
1976
7936
4505
4007
3640
1355
404
5956
4597
11118
2682
4409
3357
7717
4130
3867
1668
9742
6543
6218
4980
4529
10129
3725
11628
7361
10467
10357
7761
10195
1808
10106
6480
8256
11162
7707
9551
3435
9922
8895
4081
7373
11808
9952
10025
2062
100
605
2386
8313
5149
8151
8198
10053
1247
4048
9994
9998
7533
6301
11503
11296
11074
4250
2915
4408
1968
10593
8742
2498
5396
6495
10690
7450
1704
6287
10617
9997
3803
8520
3767
2464
11634
9003
11447
11460
1391
114
7035
10523
11892
6414
5882
7168
5664
8498
957
8131
1917
9731
1472
9006
8892
10049
1114
2205
4065
2523
216
1395
11362
11763
5801
1373
5040
3576
10921
7129
9895
726
7334
7388
3421
11627
9646
4318
1056
609
6288
1821
6947
935
2495
3336
6522
11522
7115
10551
5990
6341
3955
5577
493
4875
10057
3033
10704
5920
11916
11586
3004
11032
2982
2472
387
2398
10797
6710
5131
8537
2660
3159
2609
617
2404
6998
8241
9405
3331
6573
10066
11050
5194
1427
5076
8759
6697
10201
1538
6973
9158
9103
9647
6146
11133
5523
10108
4341
8603
9024
10833
5502
8095
6510
9837
677
10141
10737
11553
3347
10598
9724
11437
9760
7865
7574
10715
8611
3884
9011
2309
744
5855
11865
7901
887
7247
10764
5094
135
2512
11092
4523
933
4200
7954
3973
3771
2382
7679
10194
10999
9112
3752
621
1772
2103
9137
4385
1720
7654
7745
4134
6164
4283
8074
9824
13
3839
3194
4660
6965
5678
3394
11015
7721
1246
601
2414
9573
7368
454
10722
3229
4001
2848
8534
4721
11833
6738
2959
8808
2417
439
10148
6657
9765
3828
11427
2991
2618
6824
11384
5974
8997
9082
11405
345
6537
10509
7059
9385
6012
9202
4963
4925
6514
4223
10839
3445
11398
5475
5492
6187
4140
2327
5975
10881
932
10904
5091
11715
2838
11438
3857
5113
841
4810
989
9197
7837
9286
8326
7087
8190
2899
5144
2480
11760
6276
4392
9422
8360
4406
7485
10835
5185
5336
7725
334
4124
5325
11202
6453
9430
5761
2283
9805
7861
2759
10729
7636
4609
1730
9211
9149
6891
3646
5138
5388
229
8955
4507
5180
1664
1072
7565
4680
8842
11321
2349
8474
5145
11736
6498
968
2389
6131
3827
5518
7118
546
9927
9696
8618
10069
10196
8250
9726
7553
3170
1935
2412
10156
5555
5655
11402
11597
4717
7452
7362
9166
10107
9835
4481
6224
2110
5205
4022
7149
2831
10103
4217
9975
11717
15
5726
11309
3634
5132
2825
11804
1872
11730
6053
2183
3212
2174
7658
11790
8551
8247
388
167
4499
1780
217
6531
1059
8435
7572
8970
5463
5193
872
10007
6033
3077
3118
7329
8861
1446
6449
7480
4413
1342
11313
9028
7171
8456
6781
5629
773
4428
10677
10805
2662
5170
22
3916
5353
580
815
11116
4674
7144
639
8106
5395
5663
9378
5326
1802
8516
3411
3399
6873
4571
2912
2053
10470
3994
10623
1471
7389
3397
1236
9225
3808
3675
10424
762
7872
8756
2210
5383
155
27
6161
5357
108
10464
5982
3380
9797
2111
4737
2184
779
3358
10024
8594
3612
6549
5061
9209
8923
797
6190
892
10086
6883
8701
5178
10046
990
1326
11513
2931
6035
11375
8553
11616
7351
5991
4189
2676
3657
4565
971
1008
7773
4530
11219
821
10344
9418
2823
4098
5452
6906
5059
895
99
5710
11413
9074
4300
3704
5888
7616
7748
1504
4080
10429
3459
9720
10736
4437
3650
4242
5738
5772
2186
4621
11464
2756
4979
81
5914
7479
3283
9092
8145
2408
7094
7122
3741
5121
1735
4339
1036
943
10314
5806
5784
1670
995
10348
9383
11299
9023
1187
2742
5294
8329
6832
6121
4761
8307
532
5942
2337
4150
9780
10605
3081
8629
6894
11290
1351
5984
1518
4876
3370
11169
4122
9654
11512
8143
1275
5466
4664
1393
7364
5329
3551
5507
3415
5578
5637
467
558
428
7720
6621
10553
2550
6913
2173
10845
7344
1124
6813
6346
7311
4416
862
8187
4284
5365
3222
2175
3836
11753
598
10977
10117
7346
7541
11484
10828
10819
3557
7949
3349
2346
11748
8066
296
4076
2380
1080
10615
9727
9832
10060
3804
9332
3788
11617
5219
1909
8725
10349
8578
3119
7737
3682
10857
9077
1695
9242
1851
9486
9509
3681
10286
10860
3717
6220
5490
7211
7317
683
11124
3258
11174
3936
3711
4998
7343
1938
7269
10297
11086
894
70
944
9777
2674
2381
2871
9847
2435
10443
7506
10343
9205
3690
614
8448
1706
11494
8760
9508
1551
9772
7123
5416
11390
909
8856
2796
11838
10112
9367
7609
10795
3070
4473
3532
11237
4116
9088
2176
8959
1123
6633
4885
3822
2268
3745
4050
10517
8638
8776
9070
3934
9201
3104
9203
10153
9607
1853
8375
6829
9488
9794
4434
10634
8636
6067
8379
619
1029
1763
6828
6743
7465
4216
3466
7134
4047
519
2657
7555
7293
1131
2821
1381
4686
11433
1899
5511
4658
5218
9128
2745
7339
8585
7300
2497
10490
7994
1177
266
3584
11120
483
10625
2515
10732
7130
166
7769
5355
11199
4028
6110
377
1425
4764
1659
5128
4741
367
3737
3734
11768
1726
4841
34
613
11637
10313
479
369
5881
9393
9181
10588
6006
2424
5187
3497
4758
6618
724
9180
8807
10778
9131
10332
5251
11783
3666
8079
1217
11465
10856
1701
9409
9470
9795
11444
8447
7868
3338
8883
9702
11440
8138
10837
681
2574
8851
9896
4075
9029
6943
159
2445
7771
3003
10210
8381
7847
379
384
339
1563
10549
10328
2588
2829
3423
975
11895
10227
6475
6482
6755
3891
3501
5696
7671
5543
5296
9219
7358
8698
11692
8065
10197
7187
10844
10882
6951
6544
8901
11103
9160
4422
5866
3905
7065
5934
10166
5846
4696
8352
355
3570
4347
6715
1235
11407
8484
7397
5447
5652
6167
7215
78
5509
1434
2776
6076
6706
11332
6547
11385
11572
8677
7796
5226
2645
8561
6108
10741
8830
2525
4827
4940
2886
9946
10917
10504
1544
679
8899
11106
4455
9668
6291
5252
11569
7576
5930
5927
325
8939
6680
6332
1508
8874
10287
6803
5309
5334
382
10775
271
1197
10621
1318
10791
5288
7858
7077
8541
6320
11907
249
1315
6701
9676
1138
10978
316
3810
5938
9117
1404
8202
6979
462
11650
376
1270
90
4226
8518
4888
2134
444
4196
2729
1111
840
10888
9682
6808
10466
7345
10806
7502
6769
4870
10672
9342
1512
8021
7372
9097
2700
2621
10258
10014
4879
8924
1958
3035
9707
5191
3404
8040
221
9433
8755
10244
5698
3289
6430
9292
5332
4561
9582
706
4149
10535
7777
11354
2300
403
10126
2595
2342
734
2575
5508
6037
5548
11467
3310
6227
8133
11642
7978
7399
11238
4858
1283
9034
10779
10359
5324
2564
10758
7230
4977
10727
8344
2250
5771
1644
1363
6191
11483
7320
9842
8137
4453
6170
5036
10770
4789
1540
3054
7137
1723
4066
7208
5013
1301
4023
4
5117
514
6047
11567
4902
5909
11140
2206
1284
8834
4999
3536
502
1010
5386
782
4228
3922
4652
5841
2348
10329
7882
5843
6513
9579
8647
9291
5343
9182
7396
4509
5110
7672
2811
5410
8061
9165
10836
3123
5621
5719
10034
9380
11072
1312
2277
5300
8557
9371
937
3780
6018
5089
11339
4215
4017
9094
11741
5287
3093
10246
6823
673
7990
8315
3301
3969
317
705
11055
1728
10687
7898
10309
8141
5657
4393
8732
6292
272
11629
5228
473
1983
8016
10670
5532
1231
1766
3225
11387
5442
5153
10762
6363
8450
10827
10653
10829
1692
2315
8600
10926
489
9078
4882
3366
6297
11414
2552
1285
8365
9335
7646
10840
6699
6181
8871
729
7902
10155
11436
1053
8920
5875
8695
4255
5842
6677
2585
1750
722
5836
7354
8700
3043
6609
7440
4194
3129
2456
1364
1238
6982
8244
7674
6095
5552
2602
1897
8237
1171
7175
9039
3087
9284
7157
4720
11910
9625
8099
7738
58
8398
8835
854
5904
3996
6774
7155
4618
4713
5564
11580
1840
5743
7914
11275
8268
7494
8406
6509
9570
1249
6404
3680
11832
1360
2949
4168
6373
2842
1604
6914
6209
4657
4617
9235
1962
3376
5344
6435
5158
996
5588
5493
4206
883
1474
3038
7715
571
10068
11269
6836
11906
5489
8865
2427
5963
7832
4611
10035
7039
5907
3961
5303
10924
6195
9322
3720
7913
5979
8703
8936
7904
7403
491
11224
450
2639
9161
4817
11579
2352
10747
4796
8592
1842
2329
8226
4836
5140
1891
8911
11843
1509
8743
6450
10871
4981
7395
5531
10419
6864
11490
8887
3629
720
9890
7216
5469
2751
2092
2704
6448
4642
6082
3929
9912
11908
8048
4091
2150
7323
7328
8908
10185
4086
8880
8452
2633
2513
117
214
8210
11596
3552
6180
6788
5480
6595
3754
7441
8748
7251
398
2675
2290
10911
7084
4756
5944
2617
1591
1739
8853
8532
535
10411
4604
11264
5718
480
232
2708
7785
798
7481
11159
4699
518
6797
5438
11786
5290
8056
11541
3779
5159
10590
6782
3954
792
10702
2964
6358
7079
3491
5080
6249
11813
6295
2166
11816
6713
9813
5566
7331
10031
2115
2365
2308
6214
258
6174
2405
1954
7017
5755
10133
4501
7529
5730
5275
4745
7649
8158
2084
4632
8018
7255
11455
9143
6563
4567
9539
3468
9404
7120
3294
2689
503
3990
5929
10097
11898
3369
10340
3963
10969
8090
7948
569
3009
2370
1634
4056
1063
8816
7381
10010
2330
5874
5673
9956
1076
7024
9415
11262
7640
4384
11752
9102
11214
11374
10409
8211
11486
2194
1215
1098
3219
4373
5968
5408
666
4950
10177
3894
7100
5785
4852
8200
4528
2055
5393
8530
11826
4653
3443
6366
4190
1222
4444
8382
1447
1170
6848
5857
1057
6688
4265
4949
7692
9423
1979
238
9812
11853
644
465
7042
11359
2443
10270
6294
549
2440
9976
2245
2047
3479
9465
9252
3082
9609
8678
11884
9513
9084
6559
7151
8575
636
811
10178
6773
1078
10327
4801
5337
4919
4433
6648
8905
3548
3330
7958
1523
4353
1841
1886
5035
1204
8930
7195
11598
4681
8000
8504
7884
5019
2392
3381
9236
919
1317
3874
9586
2354
5449
7800
8339
11247
8684
9485
3928
7783
1277
2966
1799
7108
8259
9399
4929
5281
8052
10607
9913
1887
7088
11922
10516
8428
1049
5400
10008
5247
11223
6757
5530
10507
4365
2494
9987
3921
9934
8539
6336
7347
1245
5616
1048
3387
4936
4294
233
10039
2608
6066
7341
165
2933
9778
5427
10938
10498
10603
6890
11797
11488
11310
1689
7363
3960
6383
10276
1522
9493
4071
2467
1945
280
7724
10831
5050
4619
2561
6889
3860
8023
3117
7965
7789
8775
1423
8085
7223
4791
4807
3309
5859
11108
9803
1971
5848
4380
6242
10390
11013
9147
1021
5514
10417
11200
6039
7296
2684
6570
5112
6966
11888
2357
6670
3743
4021
8277
11734
10631
1985
7815
8806
2981
4704
7085
2743
2849
5446
5650
9069
11242
6519
6698
5382
32
9645
1220
5978
10080
11882
9820
3058
687
10544
10848
624
4296
7192
8999
207
10284
6457
9067
2064
2722
5625
11528
2583
29
6599
10910
6857
2697
145
4207
6303
1858
5712
4274
2560
4193
11254
10402
11285
10963
10093
1719
9604
8915
11663
3858
6011
5683
7970
2238
763
1261
10804
7458
160
264
4719
3213
4849
900
7982
10743
1253
5306
11534
10387
1731
10094
11122
1383
4839
101
2263
10941
8174
5264
10405
4072
829
8548
9064
8401
4747
5912
4587
176
4063
1005
6732
2884
10820
8841
11084
1707
4317
11236
7676
6707
9798
2845
11308
3760
9445
2834
6041
5619
11810
8676
11690
1487
7327
3697
6134
5788
8333
11578
7098
2489
5592
5378
3503
9882
7276
5993
5679
4730
10330
716
3436
1463
7933
9420
10122
5273
9681
3246
7686
11112
5936
2023
5921
1460
3975
7147
4161
5188
11912
5849
986
10410
2971
500
10594
11504
11376
7377
178
3984
8140
4013
3840
4348
10450
10212
1374
10243
10512
8595
6612
9104
4374
5415
1405
5331
1863
2803
4574
10585
11094
11666
4165
5883
9431
196
4923
10238
4895
1394
5472
2302
7419
11064
9234
4036
7425
9231
10116
3910
965
9058
4167
8431
10647
6780
7551
8846
8547
2994
9958
11351
8913
927
8446
2504
287
3830
4766
10320
10253
10484
938
494
6954
7380
4482
10312
3487
11575
5462
3175
9690
6112
7417
1952
1332
10918
5751
7801
6997
3919
3596
3062
3151
8781
8002
6669
10234
321
8497
10943
5925
961
8845
950
11772
1801
2847
6319
2001
11506
11836
11131
1020
1452
8118
8086
7727
3541
1648
7254
3797
9275
1286
3049
786
9629
5151
7133
6912
2242
7116
4603
3637
8660
7878
358
8974
6558
10817
2740
831
8051
7726
4464
4946
3587
7545
9657
3507
9850
4606
7356
6714
3287
8451
3617
4896
7989
1639
2282
8641
3318
3312
11621
11114
6411
2153
9971
1654
703
9635
4757
1414
2375
3427
1153
11695
9799
7833
4041
10143
10487
1783
2542
2605
5105
10810
1980
6980
3226
4873
11328
11004
4859
10271
2797
8536
6900
8443
6113
10895
2131
10510
163
4654
6551
4235
4329
1128
2559
11697
5133
5973
9262
1244
10236
11517
3416
7718
10696
1937
8254
10074
3373
3107
3360
1636
4376
7274
3296
7462
9521
8438
1609
286
7811
10365
10012
5224
1663
2883
3527
5066
4569
4211
5638
2334
4798
5407
6957
9774
484
5167
7577
2102
1142
1642
141
10531
10482
4629
1758
8195
3988
8482
5797
3473
10355
97
4446
11348
1531
9492
4957
8674
8898
343
6362
6072
9863
11850
5768
7633
8076
10679
6881
2771
1672
4466
8488
7735
9836
5301
10843
3388
11924
4753
628
6459
1974
406
11855
7243
11879
4877
356
11227
10903
1485
10465
5695
3729
7482
2852
4439
1626
9122
3177
1348
9782
4479
11700
2943
8370
6962
9790
3216
3464
10157
5394
7681
9337
6789
4700
7313
109
9848
3543
7295
3131
7117
1325
5895
3206
1810
7080
10979
5522
4051
4264
739
4538
7032
67
9784
4254
5376
10875
2961
3735
7603
1016
893
1470
5634
414
3345
1145
11844
5254
6024
8971
5308
2519
6497
719
3400
11240
2548
3132
608
9373
8208
10203
2764
5777
9817
2584
7302
10471
3203
11393
9386
5168
7962
11063
8811
8390
6834
2109
11704
1931
2533
7563
7172
8720
9248
1216
3785
11845
803
3784
11077
2809
6438
1367
6456
3424
354
10172
3719
5521
9769
6315
1117
11706
2600
5101
83
89
1043
4105
289
11424
5366
11443
5581
9
10684
2702
2980
11439
5769
7713
4937
8718
2691
11842
9533
8020
1040
4673
8658
2695
11651
10457
3480
7648
4608
11295
3335
10306
7041
5985
10651
1590
5243
9316
10914
8122
1674
10962
7070
11719
10115
4552
7057
9872
2890
4636
7862
8336
707
790
7245
10489
8477
9549
4990
6109
228
7091
180
4808
2877
5971
5373
10408
9267
9173
9557
3815
5551
10224
6264
9559
3972
10683
9931
6926
3964
9642
11831
802
1321
9397
997
9447
1375
5354
1767
10618
9479
419
10265
604
2127
10004
6607
2945
9005
9304
5520
6970
8166
869
9754
2154
4010
7288
2488
7921
7571
5787
11478
2894
8790
164
4633
8977
6796
2836
3686
3147
2471
4544
4288
3012
9458
3565
10650
1203
4152
8121
3218
7952
4684
5850
11802
10218
3499
2083
4515
7492
1136
6708
8549
10476
9650
700
5919
2005
8273
5458
4324
10864
9606
1094
5276
10393
3195
8734
11371
6712
7210
11500
11699
6271
5972
9943
4792
6989
11027
7814
9684
11019
1269
9228
9593
911
6280
5811
7205
4342
9265
5148
6949
2222
5814
1457
5119
6348
11157
11040
1456
4822
3011
4974
6840
5203
7407
4759
8110
3253
1583
1661
6616
3032
6862
6051
7044
9907
3586
3450
9982
5802
818
6087
6790
3455
5519
7
11316
2322
7924
9498
9587
5776
7601
9543
192
7509
7158
2444
3935
8751
1443
7675
10887
2937
871
7109
2295
1991
9027
10361
11709
5537
8562
6768
9950
5317
530
1454
9086
8713
4171
3508
187
11377
4015
3322
8777
10652
4327
1722
6179
6183
1846
2040
501
7185
1501
6562
5622
6073
5967
5819
9263
8616
2088
2457
45
7034
3112
9545
10020
7428
8599
11185
858
1871
5669
1836
5660
1943
11423
11366
2631
4176
10044
10389
8819
6089
7442
2902
1400
2935
5071
5460
4401
2746
8150
11231
3896
9091
11880
8765
810
6257
10635
6395
10554
11624
254
6593
5686
6114
2613
4208
9417
5765
1224
6094
3542
8337
8661
5232
8740
7826
5512
4856
7864
9360
8728
7530
509
2367
4102
18
10533
9733
6310
9032
3014
5067
6212
2947
9157
1201
1276
4229
11671
3064
6267
3980
7905
9935
74
5210
8043
6917
5015
7234
9317
2571
9134
6440
4031
366
3374
10125
11073
4147
6128
3392
4032
3277
2436
7275
3636
2476
10814
1451
1873
3371
6445
10971
5030
5884
9860
5398
9442
235
3671
313
9040
3870
6364
10454
8193
8177
10351
11747
7145
8692
8813
5910
11646
2142
7167
9745
9548
10524
10042
2590
7580
11661
8574
1308
5430
455
1847
1401
940
6811
3664
7201
1656
6500
5598
1794
4219
2641
3712
8248
1762
3571
10385
10289
10756
1870
2875
11682
11246
368
10939
9751
3796
7866
2694
6508
6876
3425
2359
7128
9356
7628
4692
718
9169
3846
9923
10114
1868
4866
10339
7689
7007
11020
547
721
1180
1826
3522
7857
9212
851
5746
7625
4195
3866
1572
2799
5757
6205
410
6941
2015
3140
7895
5162
3941
5056
5141
174
6705
7685
2612
10163
4860
5999
11780
7981
8197
10694
3739
5025
11644
7433
8780
1009
3256
2049
3845
4667
8507
2976
1713
7938
4350
10990
2190
6350
9395
2566
3201
4589
194
5722
2287
2763
8050
8812
4221
6252
6994
10109
1310
5516
2644
8097
5217
6842
11601
4330
10015
6877
11610
5114
9808
10251
807
9590
449
10255
9457
11648
7683
3269
5236
2340
6741
5793
6380
371
3881
2117
6624
3702
6048
10707
10363
6615
7979
5900
11394
5515
7410
1519
2030
11241
787
6640
7301
589
11121
8694
7427
9059
6734
10364
8412
10965
2887
357
9374
2783
1440
3886
80
3982
6289
7400
7176
2843
4404
2328
9045
349
903
9883
2582
9239
10922
8758
4465
6967
7062
2220
10777
7560
1764
7651
9244
8985
6277
1629
9347
1669
11570
9542
11874
4749
8286
7594
5596
7693
8635
8659
6631
4765
10334
11250
37
11756
9689
10905
4370
10556
3818
8723
2132
6798
1228
3641
2202
10161
9199
7974
4224
1947
4558
8773
11526
4361
2113
8332
7421
3184
7348
8524
8878
2481
7163
5085
1191
11301
5628
8276
7653
8366
7279
9483
416
8570
8031
93
3906
4210
3537
10497
10366
1514
11896
1610
8114
2930
9905
2310
865
3460
19
10599
7074
2151
9133
2136
10064
2415
9555
2378
4677
3820
7011
6872
11315
4904
10803
8432
11765
3079
8258
6590
3753
1771
7189
68
6644
5604
3801
278
4131
11824
2362
5587
151
9828
10232
10063
11925
4935
3006
2998
3434
3134
9495
7976
1093
11723
3474
5004
139
6602
3786
11914
2670
3685
1555
5018
5675
770
11416
10576
1160
5951
9865
11643
7972
1643
10809
5305
7413
9768
8809
3505
753
10142
1477
5033
11253
7623
9217
9041
9171
1640
5649
186
6486
1774
6940
10885
2734
5589
10136
2545
8185
856
3340
10708
9608
4779
8972
2919
8374
3907
1677
8112
8102
801
7791
5980
7004
8952
4531
10757
11680
5223
10
10866
11266
3989
4773
7524
8646
9213
11571
8132
924
9664
7730
1436
2303
1095
11710
7659
11731
8128
852
314
7682
10705
11679
9015
5689
11184
3512
326
11881
11605
417
6080
1041
8417
4174
11549
10301
4402
6874
6159
11807
1293
6719
8334
3632
3127
8653
8215
5486
9207
4914
11346
1000
10147
550
1208
3794
481
7025
3821
9739
2407
5411
8394
9192
1529
8483
11691
2705
4934
2739
4774
5256
6144
2135
10506
7852
7105
6851
11288
8163
9752
3618
5000
7638
5742
1431
4975
7248
5886
5279
3346
6959
4986
4281
10105
7512
749
657
5221
3656
353
1990
8544
30
701
6879
11822
3056
277
8392
9879
8072
2568
6070
1811
4493
10321
7928
4971
7912
8519
8903
1747
2036
5047
9747
1079
6849
11209
10435
222
7092
10595
3027
5923
4119
8481
2473
3465
7942
7831
9196
10726
8867
11420
11367
7437
17
11061
5372
73
4033
1219
6541
2249
7759
9439
9756
9800
5775
2960
5269
8730
11284
11817
5605
517
8127
4965
4615
5063
4978
4418
5733
6193
7012
7046
2853
11515
10686
5709
486
6668
4952
4985
4057
2755
2085
10894
4372
6422
2979
5229
6724
10051
7873
548
8402
282
4337
6230
11152
1213
1815
1018
7224
4641
113
7611
1453
4059
4516
2311
3300
1925
2882
10333
8322
8347
3555
5075
6884
8331
819
243
8399
4559
8395
11347
1445
6290
7719
4702
5630
3274
8885
2096
4319
10208
7708
9364
5983
1109
1882
11297
5538
11115
11406
8958
7353
2502
1366
9198
9487
10296
5643
9429
2865
3292
9981
4735
10072
5450
6274
5960
11294
2487
7824
3838
4488
1175
3766
10529
3981
823
3164
3470
11600
3161
7931
9714
7047
261
7322
8910
10304
6960
10532
4253
3853
5358
5239
9500
11861
8771
5014
5319
4320
5022
648
7454
7920
6441
329
2324
7870
3334
7051
2711
4627
51
10183
10793
8083
1944
6993
5088
6748
9563
11866
9644
10753
2596
3559
11548
1714
3363
9580
5377
1083
4926
8654
10186
8801
10352
6016
4002
8832
555
4939
6827
8503
4816
10460
675
696
10714
11113
11918
9855
6751
587
10972
8794
451
2216
9155
10150
4306
2706
9857
5662
6221
4645
1768
2043
1108
10940
8709
4474
5302
10629
11312
9376
8935
7667
6328
8087
1304
3998
8767
4518
3918
2683
5263
11676
9866
10054
5667
6843
711
2556
2872
1254
1625
3385
5636
3639
9852
949
11291
1545
11252
541
2710
5083
8059
10283
10950
953
4170
6861
3029
1546
8689
241
11582
733
10587
9362
8175
10230
460
1778
3298
2957
2681
8668
7879
7268
3326
3952
10589
4389
11167
1769
11099
8045
3365
6031
5687
9887
4321
10003
9382
1027
9461
8983
11635
3204
7806
8281
3967
7491
1267
4164
1539
1547
5924
9691
11720
2044
10760
5271
2350
3115
5736
10239
4794
383
6504
9455
1502
5877
11319
4685
1786
9811
2104
6152
268
2652
6215
8129
11472
9891
4830
11343
5586
7964
1752
7166
4295
6816
11018
3615
7586
10530
10502
2335
4252
3723
5098
3715
6950
9901
1676
8353
2508
777
4780
7652
9633
3813
7241
8884
9401
6652
5700
3482
3228
6001
11422
6020
1693
7156
9652
2066
5597
11341
2723
5364
9073
1031
4480
783
11858
8240
5375
2914
508
9002
3850
8355
11287
554
1421
1738
9208
4269
2179
4103
209
6203
991
5248
242
2159
592
11428
2469
11357
7561
2997
4521
4496
7888
8275
7099
788
878
2807
2133
7496
2012
10868
7089
2010
7461
6272
8821
11100
1885
3938
1534
11175
9050
2029
6168
11641
522
2177
224
2846
11435
6308
4966
2529
5051
9315
2616
874
2082
3016
60
11466
7438
7370
1313
1097
2203
1710
1354
5021
11507
3273
6529
3789
9148
2361
5005
10893
3490
6219
3895
5918
9688
1306
967
4541
4256
8071
10558
7015
1624
5847
4592
1637
2121
2841
2565
11052
736
5823
10742
5574
8566
3535
6494
9359
6412
672
8639
7732
11659
24
9038
596
4436
11397
429
2063
626
7459
2409
121
8227
5126
310
9834
6419
4715
2383
9411
6186
9686
10717
661
10082
1320
11336
7848
11243
9414
4917
1612
10164
9469
7170
1757
1582
4222
7520
4903
301
8546
1035
2505
6052
10974
8953
6492
8515
10378
11574
10573
9468
5079
9083
9331
8768
5230
8810
7257
825
1475
5471
4030
8580
4706
11317
8608
11664
8609
2855
4397
7583
10960
2500
2948
8385
2929
7055
2139
1628
10052
4504
126
6660
8904
3304
247
6045
8080
11602
8311
11230
3888
7778
8105
3513
5845
9222
7082
2647
6102
994
9427
6345
10452
2731
8013
2141
9830
9886
11146
5006
4173
10396
7102
3956
11046
8666
7514
5791
8144
9226
10934
7360
9712
7402
9366
616
1732
8053
6634
5807
6909
11421
4412
9502
3732
3727
2636
10358
9597
6231
6275
7812
7101
5867
11370
5656
10723
6455
1560
11559
1143
6256
5123
3876
6746
9595
1497
5885
9121
3313
4231
863
4899
6944
9973
10414
5120
9313
9845
4177
5136
1328
9612
134
9902
10792
244
6736
7695
10325
11849
10422
11207
336
9243
9993
11867
4694
4748
5347
2601
5211
9184
4991
9494
2927
8829
3648
1356
8001
2256
3375
1132
9843
6473
10878
8881
3792
3613
5854
11286
10824
9346
11885
3679
4795
94
9775
907
4424
8222
5189
9514
6003
9806
9443
8675
9704
71
8630
5573
4191
3359
3153
8891
297
8279
10754
3598
10849
7286
7432
6065
6359
8650
9725
9037
7474
54
5058
11740
3021
10397
11492
42
3090
4742
512
2338
9055
4599
4630
10750
10211
2599
5432
7477
9004
3409
2149
4310
9290
26
5070
3145
10323
3137
11818
7548
10572
4656
6400
5758
9572
1893
2603
4947
3173
10892
4241
5024
4462
11563
5870
7605
557
912
11694
4309
11862
3594
183
2858
5560
9407
3010
1441
1896
4787
7835
3620
3426
9501
1023
5414
5727
1050
5611
6101
5808
2091
3911
10427
10540
4905
2911
10889
11801
3807
9908
2267
2672
4579
8221
361
10158
10773
4183
432
5615
10616
96
1412
3431
10640
6800
6868
1936
11260
4799
6988
4438
8091
2735
6151
2859
7690
5096
7000
8679
1121
10564
9729
9114
7765
3059
8224
9815
7179
6002
8434
307
1150
1967
4332
7308
10281
8833
2218
5646
3593
1919
10308
5760
5627
9421
529
8323
11203
9925
10175
9193
11523
3383
1327
2921
1934
9919
6115
2138
251
4129
6394
11382
9434
7960
1104
2541
10160
3706
759
7995
9941
2466
10538
1711
6895
8614
9168
8596
8407
3476
5010
8201
2076
1221
190
6397
1525
5756
3329
8542
11065
8245
6156
3481
8214
11304
8607
10766
11039
8073
4345
963
983
2861
4082
7963
1574
9648
2054
10193
3316
5503
9909
5711
10953
10568
293
5233
9191
2754
8017
3561
11565
560
5177
7925
1673
8042
4118
9522
7821
8576
2664
2209
947
8471
5323
9801
3332
10619
11499
8522
2293
5891
10171
9019
6899
1358
3583
11183
4490
1510
3044
4155
2119
4575
5645
10541
6995
7110
11883
5799
9087
4485
9680
10421
4772
5043
7526
3311
11645
10657
11794
10499
9096
2840
8433
3098
10182
6866
4550
9466
10527
6512
1071
2693
10949
8714
9063
10449
2160
2332
11107
4158
4492
9372
8098
373
3266
6568
10611
122
10992
210
2004
9553
10818
1784
2932
2863
2926
6527
333
3306
10680
3889
6074
8950
2611
2907
9241
1902
1390
9188
6632
11509
2486
10225
3390
4069
11143
3444
4640
10954
3034
10188
7335
6987
5215
4943
1833
3109
3616
11785
7283
8284
10912
10973
11721
2901
4369
7204
6368
2989
11511
9575
7855
9459
1598
5384
10242
5524
5351
8469
4989
10096
4088
9151
6785
1044
9526
5428
3848
3320
7923
1562
1167
1266
10613
9544
4797
6518
5992
8605
8746
3354
11781
9453
9695
7918
11593
3398
2137
3263
2455
3823
6681
7582
3883
6207
5052
7687
1105
5195
9010
7076
6727
8270
5125
4691
2563
2325
4983
3798
10257
4213
9638
9849
3007
9132
6815
2000
7780
7093
11098
10769
2950
9491
11566
9547
8312
4179
8109
10078
4282
7374
9651
583
1566
4107
6858
8350
1570
8820
1225
579
9945
7332
7324
442
698
8873
3146
8987
107
4151
3695
9363
8442
3736
9564
6552
10511
10214
3824
8617
4723
1928
2441
11338
4508
2461
6855
10997
10463
4070
7446
10579
10102
8069
9924
6542
5345
6032
10763
2769
10748
6063
9477
8763
9978
7191
4391
3364
7896
2779
308
6103
9964
7834
1402
7434
8869
1630
2677
3230
5426
1894
9783
7959
9880
9496
10602
10867
5421
4622
10111
7106
6226
8317
7746
2259
11415
1867
11653
11755
10317
10237
6465
1210
9910
9108
5887
1832
676
6460
11268
9856
195
4517
2539
7359
7139
10123
7165
11082
2014
10724
4854
9268
781
3655
11891
7127
5419
7103
9170
2447
6154
7071
6477
1718
5448
9989
1963
6335
1819
6392
10688
5981
8626
859
3885
1889
3730
3417
4494
6647
7299
10345
10967
9303
908
3519
8458
10248
1149
7670
5861
5175
4707
9123
125
6666
4901
10991
9730
11186
1144
2972
9991
6964
6691
7935
9368
4718
8445
4872
6371
1620
7309
1182
4270
7036
8285
3692
9230
10761
8191
7097
452
615
4513
9412
1450
1907
346
7214
9761
6534
1854
5798
5445
7263
5585
1586
7010
8961
11729
6865
11130
7742
5648
2951
1789
8027
1370
4913
8046
8327
106
8896
11078
11814
8414
7366
3665
4128
2813
5142
7040
3924
250
11047
3835
5037
9323
9324
7755
847
1039
5752
8949
1297
6654
5804
1961
11481
9410
5424
603
8113
6188
843
8364
7022
6749
4828
2152
3162
9532
8787
11495
6601
5680
10601
9915
10087
6915
7875
791
9802
9280
7426
4090
10832
3122
7621
5182
4237
7228
6885
2895
2114
2433
4819
2318
4333
9954
11552
6349
2995
641
7226
1782
3525
7739
11279
3178
3100
958
9789
8136
10632
11840
6578
6416
9510
6182
9240
7805
11456
3282
10808
103
1161
6022
3530
11149
1532
3393
8944
5822
10173
9944
8396
3698
1361
7394
6130
3142
6882
8294
1662
2750
8314
2438
5708
1601
9274
9216
7066
3983
7420
2462
3831
3238
2214
10658
1679
9885
6042
586
9481
1798
8644
10437
5575
2543
4739
11344
1866
8572
5387
7573
2107
11848
11148
2493
2188
8182
315
896
115
515
9669
9974
4133
4800
5349
2900
9558
1709
7387
10811
6408
3209
2832
3418
3534
8906
9277
7900
10391
3169
3524
6017
8902
3833
828
1075
11459
2862
2784
1855
341
3099
5917
6390
8223
7774
9520
11656
9351
6565
6029
1869
10436
3463
6650
2987
6396
8761
2106
7174
10280
11068
11251
8393
10944
1721
3580
11788
11847
11206
5235
9245
11277
8651
10870
6237
6802
4234
6056
2200
5150
1226
814
1500
2785
853
10788
11887
2804
6000
7697
6034
5671
11021
246
11530
2478
5181
2772
496
8980
9821
11306
8054
8875
11217
4503
7876
5155
9246
4962
9349
3395
4784
3843
6555
5498
4132
4563
6516
5553
8103
632
4959
4595
8625
8093
11326
1099
884
3327
11474
4809
8932
3249
11767
6641
3494
6238
4547
1528
4307
2703
2363
10085
1165
9584
11024
9061
3002
6085
658
3472
10144
11561
10666
11821
11462
9413
9610
8373
11620
7033
4666
8464
3208
7612
11917
1921
1468
5665
4861
7673
7535
260
4616
330
7181
8189
1633
4410
745
4087
3168
1199
6804
362
7985
3578
7766
1779
5782
11391
846
9932
10902
10661
3544
1189
9965
1683
3076
5969
1265
6284
8035
443
10826
5593
10584
833
3295
3751
6126
10268
6120
7775
7797
955
1490
7749
350
8455
6201
11774
5639
5576
1211
6934
8037
7786
1482
5405
6105
4471
10681
8296
2196
8181
1978
76
3234
10342
2070
1994
10596
9142
270
0
11815
9478
9186
3248
3677
1067
7371
5352
5216
1745
1103
8100
4367
5810
11470
9585
743
1861
799
3272
7743
2393
9449
7540
5222
3556
6847
5017
9938
3240
10862
8345
8573
4572
8621
11353
8467
7842
4163
5691
5947
8800
9728
822
3202
527
3707
3279
6117
6659
6822
7630
6898
3517
5937
2509
6704
11096
665
3232
10703
7431
11083
3873
7250
10337
3362
3130
10038
9294
5603
5029
10451
6064
2442
3687
10295
8437
3659
10725
2185
4094
2986
1825
11430
11198
2965
5437
10958
8964
627
11177
3088
11409
5495
6976
2437
2124
10659
5214
4000
3089
11445
11323
2065
1530
10597
9641
6239
3654
984
10215
2162
11614
4277
2629
3660
3516
2835
4386
2243
8383
2956
1433
4663
1592
2781
1911
10274
1906
6040
8918
2889
6118
5838
8909
8485
8304
3080
5821
4184
4166
6058
9766
1162
10400
11360
11255
2538
3953
8063
7969
8656
8783
11085
7877
9977
2721
9129
2606
9970
7645
2052
6550
3075
5199
8060
7845
5282
8242
10300
6241
1336
4314
9321
2819
3013
6250
10075
6028
3121
11852
1230
2011
4303
10113
8620
7270
8172
3589
11538
2826
9093
4918
11102
7132
4843
8139
2955
8533
11782
5054
7470
5941
11685
9387
1761
3553
8238
11859
9438
7061
10933
3143
4512
6907
1687
3453
130
4138
3902
4811
5108
6347
2540
11282
5476
9868
5681
11819
6984
7897
9528
9441
8081
10428
3572
2078
1941
8494
1830
2516
10897
11038
3970
9716
11839
7448
9984
2460
8064
1892
1987
6023
2345
10608
6892
3635
1686
320
9098
10432
607
6155
5796
8161
11029
11544
4651
4845
9462
6488
7125
2299
1392
9623
8753
175
9298
4835
750
4123
386
2850
6685
6270
9300
6147
4043
6942
4218
3429
1649
8297
8154
1420
11172
3958
8500
9229
9518
6679
1999
7588
7456
5833
1734
6908
5171
11097
3547
11429
4635
3493
3761
4728
8253
1004
1398
8757
8126
8
10376
6536
7701
5966
2261
8563
4987
1635
7319
10915
6194
9014
1193
11531
6254
3037
9454
7733
11123
5864
2484
2145
5286
11136
1809
4568
2125
6507
7183
3599
7554
9068
10537
578
4291
8593
11527
5635
4042
171
9135
50
7365
9156
337
8423
2844
11442
148
3898
6589
3103
1948
5606
6830
1581
6584
8598
6546
10169
6423
1895
11257
8459
1476
8671
3546
276
9662
5682
8142
5773
9926
6401
5624
6489
1127
5959
11745
6302
4790
323
6596
10324
2146
2701
7825
11060
5534
8581
3471
9519
1680
4549
2285
2483
2057
8318
9116
7937
1712
6692
7758
8900
413
3001
2377
2578
8509
2355
3060
10890
8159
7880
11868
2321
2962
576
6318
6581
9592
4551
7891
11134
1622
1580
11647
7532
5380
7142
1888
2924
72
7569
4755
252
7383
9928
537
157
1179
8004
9309
6904
1302
57
5342
7190
4398
6342
11355
2658
1251
4712
3361
1279
2692
10282
3778
8847
2101
2182
2474
3252
3276
9089
5781
6141
8265
5626
2042
9999
11127
8342
2562
1188
4781
7570
4262
6262
4378
7932
8604
11196
245
2748
3124
1561
6357
6639
10901
8615
960
2270
1552
8425
2622
10899
7544
11769
3031
6700
9124
9190
9599
206
9898
2650
3051
161
11412
5766
6355
4097
1368
3352
472
4396
11302
3939
3670
10341
6819
2892
4566
9660
3233
3193
2898
4670
11171
1605
3710
1026
3518
3496
11856
3025
4403
6645
10475
7501
2534
9697
10740
2470
3957
11626
8827
6062
5196
9530
8925
8764
8324
8706
7844
4443
5042
2071
1506
6417
6075
7776
9988
5862
8310
11554
11135
8922
9085
8727
8359
694
5390
7202
8413
1066
1524
4489
5607
11075
3567
8384
6867
10132
6690
650
5453
11042
6216
5399
1638
4612
1593
5429
3267
2928
3764
2212
4580
6322
3758
2009
5644
8655
6184
2920
6919
7968
6956
328
5350
2724
4969
10354
365
4432
3962
3709
6266
5694
4101
3609
3590
11373
8818
5525
4111
1343
3800
6880
6407
1995
5873
4114
3023
1905
8917
265
87
4831
1418
9809
10090
3625
10586
9450
10059
4922
7238
6525
9446
659
9631
7799
7639
6938
11031
3694
6626
2963
4468
11701
4907
9428
4898
1955
7838
2720
1969
1115
4359
5721
35
8724
11218
3759
1340
11239
8634
335
4818
2753
4038
10749
11820
1070
3829
8305
5198
2614
1333
5261
5582
9940
1002
2236
2510
4442
6695
3742
7660
3407
6061
4783
1281
119
423
11762
8862
5307
1571
1926
4557
7763
7188
3977
606
11823
3174
6765
10738
1785
11364
11000
8682
2304
6764
1860
5111
10739
9416
6591
985
7405
11728
1950
6385
7940
10718
8203
5318
46
9594
10515
9394
6750
11707
2452
1
9270
7705
7950
10675
7711
4577
4083
3182
6574
3092
4806
2026
10444
3943
6247
6506
11665
6952
2812
9424
11187
10671
3506
4035
10347
5556
3799
9930
2251
4115
10266
7014
4020
10500
8388
4824
6084
10622
6991
7104
7915
10536
469
3046
8782
6936
599
4142
2189
11576
2896
4096
1588
917
5880
1753
363
6637
5474
2830
10318
9345
11599
10326
9732
9065
8785
3105
8299
5291
8346
7988
6234
2275
4382
8649
10555
8710
8687
2410
10582
10995
5039
4251
2232
1852
2730
11854
7899
3255
8153
4911
1484
5152
6013
7657
92
4212
11164
3207
10006
11300
10434
10407
9048
9101
588
2824
10744
4136
959
1262
1716
2635
4431
4263
10855
4647
10600
11533
9233
9066
5536
9877
8255
16
3353
4399
7237
1135
7795
6192
7135
3733
10574
4672
6766
10746
4358
259
902
9615
9403
6317
11686
172
7632
1499
5830
2490
5330
2663
11633
5609
11379
11535
10869
1102
482
5737
2371
9327
4785
2422
9154
8552
10861
4524
10235
5774
475
6983
2158
5403
3644
11401
9210
9719
10089
6388
4846
6521
5613
3649
4525
9968
3156
10907
7709
972
9451
2246
566
8991
11396
2567
11688
9757
10767
6433
7889
5077
11109
4620
10873
8589
11684
3008
7023
930
7429
9933
1932
7095
9709
11037
6871
1804
11345
427
440
3865
7305
11649
1101
4034
9517
11142
5932
9172
6772
8894
132
2762
4697
3401
5457
11919
3125
11837
10812
11870
7152
7666
5931
1028
10841
1918
401
3259
9571
4802
8295
1019
4871
1816
9833
10071
2828
6378
10614
1263
4456
2851
6149
7220
1929
7508
7606
4820
8029
1073
4601
3604
2888
1305
3563
447
279
8919
3030
5661
5964
123
1700
2891
11093
6807
2718
7624
7083
11399
4777
8738
4864
9622
7143
1122
7252
3428
684
3163
6119
359
10076
8204
842
980
3286
4716
2589
4812
6339
3849
3917
11502
435
573
3538
3880
8662
9146
7009
735
2021
7213
9525
7911
4400
5876
1163
2923
4912
8789
5
7557
11025
10368
7568
10612
622
2018
7112
4095
11876
4649
3642
41
5397
6711
3063
6166
11899
3251
8077
982
5455
993
6532
4669
1615
3284
738
4454
1416
11773
2526
10528
488
10233
9534
10375
169
3439
5362
10180
10919
9333
2817
7854
6285
11591
10367
5154
9174
7500
4960
9576
8328
1200
8824
1814
9185
7883
11101
8032
9677
396
6683
5278
4878
11514
208
1329
8363
9204
267
2369
5250
11330
8135
4469
7439
5805
7503
5227
5267
7997
11735
9918
6958
8408
8564
10759
10207
6610
3414
5320
11789
2551
11564
7513
1243
1565
2736
8752
7466
9816
10290
9921
10245
8927
4312
8466
8173
7818
6263
182
7209
1084
1316
10798
10481
5425
2808
1489
5260
2086
11293
9505
10730
1034
800
8951
2913
7285
2280
7635
6718
7903
3355
3728
1118
5820
11510
298
98
8591
7053
8606
6185
8826
9299
8586
6384
8854
11727
4423
5284
2059
10569
898
8155
7754
6767
10644
7893
1417
11178
5608
11693
3852
10606
4430
6887
1257
1666
6198
2537
2247
7567
7869
4053
5176
3521
4887
1992
5824
2298
338
4214
1085
3504
5852
492
10394
3871
6918
1346
2050
7986
5832
2610
8084
8024
7578
8805
11035
5640
561
9256
5831
2580
1740
7186
2037
118
6598
3205
7661
3763
3558
7550
712
9613
4522
4967
8012
11485
1303
2168
5569
6493
9130
9272
2866
4336
6663
4614
1432
5361
6427
85
5563
5008
8308
5547
3947
6515
1515
7731
9967
2792
4232
9637
8168
504
10801
9081
11796
3297
8096
2051
1464
3155
11069
2782
2909
2254
8418
11521
8514
4644
1685
5513
7382
4598
2766
6278
7221
2396
6605
5987
1751
6468
5614
1573
299
5023
3095
834
2597
40
6579
704
10592
3136
3995
1388
8454
3166
7523
5816
6526
3872
1014
595
6469
3438
3160
9330
6799
2667
7957
8320
6399
104
8130
11532
1696
4679
25
10982
5060
1549
7277
10701
4009
1527
5231
199
2221
876
4135
2230
3577
1599
7273
7751
2199
1054
9110
1359
8876
485
4502
540
10721
191
2351
1511
147
4591
9000
6217
647
11144
4582
910
6038
8954
2069
11776
7227
6281
4944
1973
6313
2258
5720
415
9144
31
499
5484
3437
6429
2147
1568
11403
392
9529
2100
309
585
10095
3389
9713
5996
4292
8361
10353
3933
422
4585
9600
10048
6945
5100
5505
11897
290
816
11154
1259
6165
322
10522
5997
5031
150
3592
5238
899
5950
7068
4287
6352
344
11654
8341
4624
9475
3061
10151
11562
8356
10083
4600
3483
402
9072
11550
7637
11930
7599
188
8298
6611
10191
1616
767
4451
2873
3419
273
5878
3774
2431
951
992
8022
10001
10474
5812
3772
7521
198
5130
3549
1632
7180
48
8036
3622
2235
5285
11259
6583
7647
4078
2752
10664
9626
3152
756
7153
5242
10017
3931
7926
8943
6200
1369
4532
5926
670
248
3403
6676
6379
8055
11337
6305
8986
10091
849
7966
11834
1147
7198
5086
1155
8119
10000
6418
3773
8568
2385
5367
8499
1884
5828
11071
9916
4535
5456
8228
9289
1252
4853
10988
3148
5567
8969
471
4628
2056
5055
10578
6169
3791
11739
11568
7487
8907
4726
1876
6153
642
8960
5461
6604
8968
6245
6594
4570
11303
1986
3285
2780
1377
10872
864
10706
4682
11289
1496
4994
5057
6162
5338
776
921
11271
3510
2143
11806
2144
1480
6236
4746
11256
6210
7177
7629
1347
9369
1194
2208
7451
9838
5668
7321
5940
11311
8476
8041
10371
11738
2558
6564
4736
8280
7469
7947
998
8982
6462
10620
5064
751
5813
4710
7154
2425
1513
4771
4004
3854
9472
1901
476
10272
8817
10438
9672
8619
10383
5295
6428
1516
3740
1133
4286
294
11681
8988
2079
9036
390
5863
6099
2619
3528
3790
5409
10782
10678
1233
11453
4893
10886
5001
6625
9076
1880
1920
8737
11558
1569
11194
7816
8243
5020
8014
3926
1107
1744
3405
9254
6576
6501
10480
11213
3084
4448
3605
7890
10278
5310
3747
1737
6533
4655
10984
10663
6268
8269
10118
8033
11787
757
5734
2569
5046
3608
6365
1323
3817
3214
4267
6136
4588
11825
4874
9948
594
10043
7326
11342
4897
395
2120
10655
9535
7729
11132
3116
2876
4334
9255
9355
10896
6778
11726
7473
4305
5174
7048
2081
11613
11718
4381
9616
8391
3
5970
10685
7206
4201
10697
5418
3900
1796
8478
2761
7027
4840
79
7392
3775
7631
1362
1577
1584
6554
6092
8976
6300
8584
3726
2416
3708
1542
65
11204
7836
3669
4058
7909
7552
11056
6044
946
2317
8419
7665
11678
11841
10879
3290
4052
1335
5465
2648
1205
5792
6902
6597
8194
1437
9053
10077
778
9365
1554
4705
6071
5817
8697
962
8667
5659
2938
2273
1533
9862
2098
10636
5723
7980
4061
5003
9437
1708
11404
8496
168
6930
4141
10959
3348
9425
437
9708
2630
3600
274
3663
3971
7856
11708
5853
11431
8868
7712
3859
144
4833
4689
3696
7919
7239
10299
7793
2207
6093
9318
4185
6026
8628
10711
5009
4933
5739
5485
8465
10966
4607
11028
1082
9042
1843
9266
39
11441
3138
348
9261
11212
4450
7843
5265
9957
11915
4722
11929
5528
5897
5674
11283
10101
5504
8506
3770
2248
2974
7124
3452
2428
5212
2223
914
11673
4387
10184
7233
6729
651
7906
2039
6557
9554
8691
6014
5684
2401
136
441
9602
1879
5053
11660
4778
10851
2395
9983
7026
1733
1015
8579
7804
8802
4698
806
8272
906
913
1972
7289
2458
1981
7463
4546
3628
4005
86
8475
5184
8302
10665
6393
6809
10570
9223
11141
1422
637
4880
713
4108
6588
10796
3382
4145
3768
3458
5327
10335
8192
11278
408
3315
5420
8264
5313
10720
987
4995
4209
7546
4945
2879
3597
9740
1064
2744
10699
728
7859
8436
9340
4834
7827
5479
458
11893
4545
11606
4198
3113
1741
904
2171
6586
6081
5172
2097
8235
634
10525
5341
8707
6444
8358
7307
11378
10479
11689
7792
9310
11475
4804
11931
8784
3167
5044
11508
9531
11589
1192
3221
11449
2778
269
6361
8348
10098
8870
6323
11655
1255
2156
9440
8937
542
3966
3986
2816
5026
351
10930
2294
10559
534
11340
400
9288
7141
4540
10676
2790
10430
1641
10152
189
10176
7430
8858
11799
3533
253
5517
9541
1264
5297
10461
6742
2034
5546
10952
4024
8844
10674
8330
11228
11742
5163
6403
4688
7021
3882
10488
11851
498
5007
5714
2397
4027
5902
11933
2818
837
223
3328
4049
9426
6331
421
11761
5102
3566
2297
662
10656
3308
1813
1212
9874
10165
1309
8003
4821
1494
567
7495
3746
6472
11002
1834
7539
7340
3904
6004
2553
4354
8749
10009
3581
4308
2024
9264
8134
5293
6665
5809
4769
9035
1793
11803
2090
1541
4244
4084
9250
10566
9515
9734
8070
3812
2384
9391
3700
2068
3271
9419
2925
10303
8229
1007
9763
7086
3047
7505
11451
3684
10768
10884
4093
5433
466
8089
3157
4470
9305
977
7376
6870
1334
2968
418
5335
10492
1736
10273
7196
10719
10563
5672
10013
9796
9080
2313
3755
685
9851
3748
3440
2661
3215
5255
6638
4355
5369
2572
6756
6854
11766
3217
6810
11640
2777
6330
10800
3041
7081
5759
3805
2791
1403
4247
6499
8380
7955
4322
11334
6560
2387
6127
8984
6129
7519
1818
10395
11792
9959
6324
678
5436
11777
6054
1839
5602
6223
84
8859
4734
10624
8252
8921
5692
964
2625
10998
7993
1910
4259
4862
284
9810
923
5542
4199
8030
9460
6792
4003
11026
2591
1151
3068
10583
10929
7867
36
9476
9560
8232
2673
10294
3974
6354
3339
7235
8440
6106
3837
5165
2511
4659
11189
10859
6461
10050
1100
9046
1077
2837
8772
9049
6150
3502
3683
7790
5095
4427
10519
2815
8426
11805
2517
10822
5815
10789
6896
2033
8288
2507
11079
4500
3005
4169
10120
4236
5134
11784
239
611
6286
3832
11244
3568
142
8188
9497
10384
4909
5084
6046
9107
1594
2292
3864
1984
1110
5115
9312
2607
1959
9569
3413
3186
10920
7984
8340
9683
1877
11017
4085
1058
6924
11923
1232
7264
5693
10846
7779
2905
7622
61
2547
2557
8176
8716
2432
8916
43
8206
11520
6132
8523
5118
9482
4676
154
7292
10458
2366
10372
456
10928
7002
7169
3564
2339
9341
6672
6937
1291
8057
3150
5074
1631
2649
6398
2810
11314
9818
3819
9698
2978
7384
10029
5550
3667
5703
8996
10682
6974
11778
1273
10431
2195
3643
8101
3261
8890
11625
4743
7423
1613
5201
2226
7393
10154
1292
952
3192
1344
9474
5612
8508
7887
8729
5906
6474
11529
7067
2031
3569
6425
653
6451
9601
732
7443
8914
4527
6845
2439
2637
10279
590
6389
2027
674
7267
4750
7885
1788
9773
4077
7297
6844
4988
21
9870
2093
11007
5078
1168
7193
1428
5818
4958
10668
3638
2992
10440
8792
981
9779
10780
1850
4230
5127
10127
8956
2885
1411
10307
11274
6458
3856
5617
9960
8148
1595
7941
1536
9942
4671
10032
740
10346
9523
4143
4205
8416
10853
10660
4220
2798
6575
2881
1088
1419
11418
226
6279
8836
8377
2164
2399
6901
9273
9788
9150
3626
10259
11749
4942
8108
11932
8386
10494
6935
10256
8577
10765
771
1385
3716
8369
59
10462
2167
11220
5041
1614
2715
179
10455
6744
4554
9339
4584
1657
3247
918
5594
11750
725
4514
424
10548
4813
5889
741
6088
2140
3126
5741
5986
9566
2688
4972
1096
8062
1319
3965
292
8283
8643
5580
6985
5620
7703
7871
6725
3893
7830
8184
11632
5783
7294
3721
11901
2233
2719
4576
1467
6577
9721
668
3607
5173
10496
2990
2446
110
6888
8601
3073
10305
6760
10448
11111
10638
6437
8731
2006
10662
5778
10220
5779
7488
7290
10425
8487
1553
618
3325
3342
6662
10415
8814
1597
4447
6863
1030
8233
3101
11705
11045
8612
4154
11081
2665
10557
2172
6622
8249
8486
474
8995
1350
4162
11211
9853
6770
7162
2893
131
7894
5257
281
8094
6338
8555
545
9259
516
6049
10404
124
9792
633
11411
11080
10970
5670
88
10062
6580
11350
523
10987
2520
7784
4311
10124
9640
6759
3731
3475
4338
5732
2264
9257
9550
9624
6206
6447
7336
1406
4346
861
8665
2549
5896
9406
4233
3689
7468
2477
10486
1646
1341
11611
5541
1671
1430
10669
11667
10633
1013
9336
9138
3724
11458
7318
7472
1130
6875
6157
7018
3139
9770
6133
3930
11696
8287
7575
1113
10198
5392
3280
3855
584
6199
2479
10957
4420
10162
4449
3305
2747
2999
319
9685
5470
9311
3314
7542
2570
11871
4099
8462
11270
352
6923
3356
6628
10223
2904
9435
10508
6999
4268
9706
7253
3869
3806
1589
10733
6327
5540
1314
10909
9224
5339
11846
9618
7444
10189
11400
10503
11087
11546
6553
6897
9814
667
10439
9338
575
9869
11434
999
2180
8528
766
10645
4273
6140
1653
5803
1089
3244
5844
1174
9282
10994
9283
2272
671
7401
6702
11089
2025
3678
9127
1900
6356
9574
544
3050
2197
5244
9167
4511
10092
8502
1844
2451
5016
10755
5137
128
9008
9881
3268
5729
764
10925
11128
3172
3987
8888
9353
9392
8975
4299
5135
612
4125
9249
10784
7207
7486
2237
5915
5908
11536
1125
6490
3573
11053
8219
7549
7910
6208
8693
2953
8251
4425
6921
6467
10815
7840
2593
3662
2075
8739
8721
11757
3108
1623
1756
10752
1295
11361
602
4487
11926
3454
2555
538
11863
9464
1357
2388
4426
9516
9643
6005
2833
5049
1448
10058
143
9591
9334
3019
11493
6098
11327
4182
6138
4435
5935
6123
10713
10149
9162
4731
4767
2181
1543
7013
3908
1770
3071
625
7369
211
1442
3488
697
2003
8663
10061
3072
1461
868
6420
8928
426
4847
1743
6178
4245
10591
7608
3036
7930
649
1675
5038
11585
3188
2450
7029
6860
5081
7504
11036
11066
7678
10654
4258
11368
1185
11110
6961
1037
3500
8933
630
2240
4927
11764
9844
7819
4732
7669
10877
8590
2229
8994
478
7031
6723
5839
1055
10379
420
11875
5321
2530
8362
5315
9105
1038
1459
2634
9841
7839
8489
3196
2007
7178
1146
5454
1924
7330
397
901
9099
9627
6025
2805
4055
3514
10456
8754
7634
3531
7418
1045
2234
370
2067
5106
9480
9238
824
4046
197
11758
9588
8480
1651
1997
6077
7284
11161
3645
11010
10011
5856
7028
8840
3793
8852
11537
1011
47
4886
8444
6566
6812
784
7929
528
7619
11170
5391
8309
7722
6050
6452
8301
5494
8708
5348
6334
1229
6859
4351
6442
8463
4371
4973
11369
10135
4564
4120
3372
5554
1859
6253
838
10240
5467
8799
7680
8597
3948
1975
2880
3250
9750
7808
4313
6213
5716
10948
524
2217
6673
4533
7272
6261
5526
10119
8735
4768
1339
8453
7262
11265
8791
7610
3705
6716
9329
4160
3442
10446
2503
2770
7704
6814
6443
11878
7807
3057
1173
8965
10229
4146
8683
10047
6008
4260
5439
6360
6771
10580
521
1025
6344
5539
6485
8733
6426
9057
3456
11800
11234
3224
2038
3191
8038
6520
3809
6783
3978
6642
1621
9755
7379
7385
6948
6530
2592
3783
3769
4744
10081
8460
5107
7281
4908
4968
11669
10445
1372
6667
459
3433
6931
1725
10373
969
2368
2028
795
5245
6306
1178
3749
6939
3842
2768
8948
7590
2869
66
7626
4894
49
215
3757
1824
11033
11904
2942
3940
4137
7677
105
7414
5381
3676
5045
6603
2687
4266
11920
1690
3825
5688
6703
3281
2271
5322
709
2372
9090
7592
5289
2252
8688
7003
4941
6635
10213
2126
11662
5977
689
2581
11809
2130
10692
4594
8550
6646
6761
10550
10477
324
6620
10453
2727
9314
2013
699
9679
5599
205
4754
8274
1998
4889
4993
6068
8527
8378
8779
11222
11724
7945
5754
7386
5314
3668
11583
7691
7768
7747
10381
1001
11556
1806
1795
7757
3412
6160
453
8670
3083
631
2856
7222
4261
4687
8993
6981
7723
1559
9377
11016
1603
4395
11619
9659
11158
7278
6021
5939
6434
4227
5356
4932
2374
9632
1838
2465
4476
7798
4668
399
1462
6511
1556
6629
7212
9031
3015
2615
768
4331
10830
6502
11333
11180
3333
9771
7983
3562
1298
6548
6139
3106
10850
9033
6343
11261
1977
11226
1274
1699
1820
4377
8404
809
2696
1488
1424
2058
10731
9900
8492
5762
4039
8115
11903
10100
6623
11129
2795
7851
2801
9113
10626
7060
6733
5953
6244
5642
2518
3430
510
7078
1607
9611
6446
723
6325
1338
4605
2411
9827
6298
11577
3688
3776
7953
1294
2940
4379
4634
4297
9524
7265
4996
8124
8376
2454
10204
2281
3834
656
5868
4553
4891
9511
3897
10226
752
4421
2514
2017
2714
4240
4113
11197
5371
5911
9467
10983
5837
10716
4578
7052
848
6326
391
6143
9568
1823
857
5958
760
3892
2376
10514
1466
1181
2656
9095
2651
1507
10993
11232
11497
11864
4477
3693
5258
11249
8044
7478
855
6524
2936
7131
218
577
3554
11425
6643
3915
8058
8645
5651
1498
11636
2022
926
9490
2671
1617
7663
6990
10231
3185
11670
7802
9596
4415
2757
7828
9258
8866
4153
3384
6740
3341
6916
3925
8011
1650
8882
1157
10140
7944
9183
8627
11104
11607
2531
10310
9673
2316
11516
513
6776
9693
3868
765
11519
8648
11668
8231
6415
2492
1647
10026
2253
8929
7525
2707
4832
10311
3040
112
9358
11604
11639
915
9962
4997
2204
7298
1862
11008
11126
2897
5706
3603
4461
4006
8798
10673
4536
3511
11860
6171
11281
3066
7197
129
1957
1600
6172
8531
7579
7767
11473
7107
5482
7435
3017
14
7547
2116
2095
1520
9737
6737
6083
11618
7111
9279
116
3048
8736
2353
5220
7741
75
5473
4029
5402
8357
3200
1587
10264
9060
9839
10110
4441
9617
3585
5690
8271
5122
4037
3461
727
4225
3210
4910
5647
553
4953
6806
11034
6470
10442
9269
1803
8441
3932
3674
3630
7475
6375
5225
8940
1964
6636
572
5829
936
11489
11674
7020
2786
3624
11273
2016
929
2499
10065
9220
8246
1776
4867
7113
1090
6911
10073
2939
10388
9822
11877
9961
844
7810
11454
9966
448
11587
7338
2215
6972
4054
3024
5440
11095
8823
9325
3135
9452
8680
8857
7650
11677
2934
10041
8517
1908
2358
7538
8538
870
11168
11322
717
1248
6296
4478
1765
7946
1141
646
4924
6421
5795
539
234
5259
7822
3879
9759
5099
9175
5957
8461
3661
7422
9565
3909
9823
3509
9871
4278
11461
11305
9630
412
7173
11557
1331
2323
1196
5557
4826
7728
11324
3631
5794
5562
543
9861
4040
11138
4788
1535
332
10935
4285
2227
5685
4079
4776
4581
4349
2709
8963
6730
6932
3795
8028
11190
8796
1223
4335
9136
11147
11827
5632
2868
2984
4405
5827
11210
9052
11386
8430
10016
8473
10202
9448
6122
556
8006
5618
4976
11006
3979
9972
2800
256
69
8774
1429
184
6963
8681
6656
11590
11683
4445
11658
2224
710
8744
11352
9075
6886
7114
8569
9897
5413
6977
2749
6569
5898
10002
7498
7449
7266
8349
714
4249
9875
3722
7977
10610
10802
6307
507
2288
7453
8699
9581
11687
4537
9354
10021
11672
11009
8267
8770
9583
11248
1890
91
7411
1775
5011
10545
10774
9546
6762
1856
11048
10630
10179
11811
758
5477
1250
3526
4302
6946
4289
10316
1817
942
1022
1051
9598
9791
3022
3227
1755
4271
11225
11482
4156
2910
8420
8316
4992
11043
3887
372
10338
2045
10413
4506
6007
1300
275
3478
10571
1988
5892
102
1379
11518
1585
2788
692
8303
2760
7516
7049
3110
5707
8117
7409
11150
8967
6754
5744
4738
5702
6069
4025
374
7517
2632
56
9980
2099
8146
1239
11476
1922
10228
882
5641
11233
2314
10876
3651
1503
1184
691
7892
6986
1299
10838
3672
4857
5292
1618
5989
62
1953
3239
10842
2485
9671
10369
10447
2839
7702
4483
4556
8690
1382
2638
10908
5340
3701
9736
11067
10518
7333
5200
1190
2737
7510
5179
730
4703
9025
10099
1397
10374
9876
7231
10581
1505
808
5065
5104
8803
5699
9504
7352
9666
11410
10874
1126
5048
11722
3861
2191
4956
8631
7562
10955
3802
12
6057
6479
1966
6405
629
11363
6617
5677
4175
1282
8049
8979
3235
4786
888
4751
8886
6968
4534
6283
9163
10033
6258
8429
331
7489
7314
10946
1754
7602
10028
3903
3128
9914
6055
11307
8762
11192
11744
10459
2482
6177
3951
4762
7005
3120
2741
1791
10336
9153
6043
1068
5240
4560
9357
4542
11076
690
2157
1557
8587
9293
4362
4419
3781
6910
11890
3377
4368
1883
6927
2814
2712
11419
1837
6413
9949
5922
6243
5529
6517
3560
1311
2046
2394
3307
2916
3133
4625
8343
2087
393
7716
7312
2767
5948
11539
3451
10825
6019
3187
4814
3652
2231
2874
8291
6684
11725
407
7841
3144
5750
1805
11675
11928
9937
4280
4060
3467
6838
11525
7528
9398
2993
193
9232
6406
8239
4181
203
4583
5237
3575
9179
9762
7019
6248
7740
10776
6
2536
8673
1106
8236
1435
11927
4760
7161
11795
7355
3260
4323
10641
7138
2544
7849
10433
3254
1904
3402
10794
6204
8848
11173
7291
4344
433
10070
10642
11358
5241
10262
2155
7655
4982
4178
11631
6992
8793
3942
3055
1946
11058
1378
3520
7249
5109
3469
2170
63
6614
9605
10192
3782
2128
7991
5368
9699
562
4459
7217
6260
6329
411
6853
8335
11426
4708
7641
10137
7306
6107
9044
5858
3985
8613
9326
5763
11716
8162
2669
9302
10981
8828
6137
10267
5312
11263
4246
875
4970
6387
4187
7148
5359
1065
5496
6786
3588
1491
11044
11088
9499
4414
2326
1465
11713
966
23
4593
3420
8387
3457
780
11902
262
4011
1787
10030
1473
6775
6251
5464
146
812
8889
1684
8981
11208
6582
6928
6572
7464
5998
7406
11791
438
11487
526
364
8319
4276
2344
2193
10468
10473
3042
4104
748
3515
5234
796
4301
4701
1742
3658
7967
11329
6304
5748
4498
3950
5434
3448
7056
5600
5417
772
381
4548
635
1345
581
2169
6825
