1343
5560
9667
9630
5247
9557
2287
6325
3421
3306
7802
1512
11312
8669
3290
5256
194
8119
10003
3942
11072
1320
5847
3144
8277
7841
6442
8661
4885
7556
3259
4926
3541
3714
3468
4479
4888
5925
1203
3533
10347
5064
5696
11435
10277
3033
10079
8036
7906
451
9021
11317
7886
914
11769
4546
8155
6911
22
3000
2249
11716
10710
8102
894
11141
6715
11839
4465
3277
11139
4709
9175
9152
11477
4607
9721
4236
69
4183
11210
3649
6005
3705
2148
4720
11403
302
8212
3246
9710
11718
1467
9381
1098
2843
5495
3072
6075
1486
4815
8330
10600
2589
3775
8315
2433
3989
6152
8364
5501
1184
3981
4253
4953
7554
9669
4283
3389
5748
7189
3691
1972
3560
9305
11008
1808
8501
11017
6254
1874
11339
637
8533
5756
9599
7885
7834
5998
3819
8877
2326
9330
9711
10937
11032
555
11734
10635
2608
8491
777
10789
10524
9569
9922
9740
11078
6386
10517
5095
8362
1063
6297
4858
3268
10452
3506
11434
2610
986
6865
7156
11229
1215
6670
6350
839
2459
2520
10388
9156
5799
11787
10805
10866
11000
875
512
6377
2561
10049
7501
4182
5465
6991
5321
3503
9819
2102
9646
7443
2348
9242
4031
6046
2476
3254
260
968
4691
10462
8462
1715
6034
10451
3812
1494
3824
3736
7187
2506
1274
3644
1404
11386
53
2413
8738
1961
8172
3428
4086
4121
1846
2067
11321
1319
5644
853
9145
10936
11233
11372
7726
10363
11731
3978
403
7119
8191
10960
9163
2513
2436
10894
4633
2450
4525
8892
4359
10879
7355
11441
6259
11630
11902
10911
9590
3432
4714
11447
11766
5031
2651
1019
1596
1818
7876
2016
718
1044
8158
313
11218
10696
9029
3607
10507
2013
1043
5053
10101
392
10395
4664
175
6453
5946
3011
3616
5082
2927
5581
970
7566
249
10382
3829
5144
5045
8481
11444
9925
6634
4870
1786
4006
8796
9456
7540
7634
11651
7177
9371
8310
11681
6118
161
10037
5128
5779
4043
8295
10343
5353
11255
2649
1958
773
8734
1010
9855
7117
2508
7889
7115
2291
5069
10045
7100
4082
8711
696
74
950
11122
10364
3568
8052
8109
629
3796
9520
9813
8480
2616
4849
2934
9556
11119
1399
9988
2941
7589
7124
11051
10740
6578
9056
5342
1501
5543
5562
9496
11160
897
10480
9687
400
5995
867
10446
1807
3613
11050
9034
7670
2889
797
5332
8837
6789
6596
11323
8758
3528
8545
5190
10399
7854
801
9933
10489
1589
6398
3915
11295
8000
5861
3056
11227
3203
11925
8093
5199
11652
5680
7393
3881
7449
1127
4225
1195
1191
862
1262
10205
4260
9773
2490
4247
7990
1244
10239
402
5565
6134
4967
3451
2082
2094
7214
5698
8349
10275
2322
1986
6875
2332
622
2375
2244
10858
7368
11932
10639
5487
8792
11781
7635
1455
633
5677
3551
10903
0
7809
4080
8145
11830
11867
2979
11829
7863
3948
4724
4187
7861
6494
4774
6837
6317
7617
1240
1523
784
2896
8134
1101
3833
670
1904
2557
8815
9488
1970
3379
4807
11545
6788
10340
193
5819
6208
1858
9117
2234
1249
1801
9868
2836
11220
6539
9048
78
2931
6811
467
9873
10502
6917
9769
4002
10457
8918
3342
2525
2247
8798
4813
6818
6717
1071
9821
3440
6544
1065
6177
10828
7058
4126
11570
6031
11773
4701
993
7991
6721
8863
1552
2043
3040
11430
272
11201
3669
2702
2394
809
4199
10470
2210
3694
7299
8764
7749
4208
8258
3199
8183
663
2259
376
3494
1478
9876
10159
636
8686
245
9387
9140
5561
520
11267
6280
10146
4507
3130
9840
2706
6410
1948
9286
10421
1295
11106
4287
5171
10881
9103
11832
2689
8004
2862
11557
4272
2020
3024
2921
9892
276
7462
3671
4138
653
5195
1458
10722
11653
2276
8381
8003
4057
8061
2814
8891
5017
5674
9730
1152
7724
3448
8439
11007
1773
64
10738
9161
9678
10943
1387
4013
11931
11287
1009
3739
3481
5594
7429
7666
2627
10821
5420
10075
6654
2374
2098
3009
11678
5273
8990
7992
6443
3818
664
9606
7192
1568
1635
2758
8640
7225
6427
11406
55
10908
4017
732
916
4202
7403
8231
8513
99
5706
3926
7385
10203
8713
7480
10149
7320
8857
2089
7735
8126
2403
6165
5186
9866
2776
3445
189
10736
7244
4390
7933
2404
295
1595
3689
9250
9170
2982
3505
3577
8710
232
5890
11901
5802
3735
835
6493
269
8739
4040
11702
6683
7975
5569
378
9517
4964
1331
3845
9894
10691
9676
6018
495
9394
11625
4886
1509
711
9446
4871
8665
4832
3630
10334
2949
3883
11887
8889
7175
8393
10776
5666
4449
2356
9489
264
5444
397
3538
3923
4582
8740
7334
6059
9198
1145
1253
5110
3450
1769
1104
1411
1721
8348
6048
1499
4391
11514
6004
1530
4770
608
8053
3411
479
673
4431
4996
6719
6663
7882
9734
6832
2454
4971
2972
9322
8319
5794
6627
11186
8813
3519
11085
11316
6335
2919
911
1827
6612
7114
7158
1524
6400
4893
1924
1675
4730
6808
8549
2410
3791
3625
1217
11806
2915
166
3288
10761
4261
5601
681
8002
1354
746
5034
8130
3371
9127
5876
1420
5500
4150
10144
8106
3232
4581
7323
2874
3603
1385
3403
11285
8668
11480
9539
1660
5521
1126
11610
1919
7339
10650
6508
1864
1875
6989
3726
10945
2227
4399
3793
3121
6597
818
4153
2350
3070
9176
3919
8505
2529
5640
11712
3404
11206
6306
4564
3387
6944
351
10207
1069
7739
8701
7190
2583
1205
2193
4361
10625
11307
5036
461
9818
8300
2523
3764
5707
5131
2268
5576
7922
9105
359
7594
8202
8589
6240
280
10409
8307
5816
7898
6620
3372
8564
3052
11911
3148
7447
5419
6069
4270
10898
2829
6822
9199
346
11308
484
8306
2779
4998
1204
6981
8924
4732
5477
1498
4486
11232
7754
6500
4055
7797
11568
6385
7644
2139
10983
10604
10612
10712
2516
5965
7375
7569
9079
3920
8280
2157
5343
10804
11807
4396
9208
7584
4675
9618
615
7953
1788
1695
10089
1747
301
6217
10918
11816
8065
9452
10717
8334
1447
4678
10311
9875
106
2708
2179
497
8005
6038
1615
11052
2638
708
4862
10077
177
5296
7126
5801
5805
1487
50
116
11881
7715
3087
2605
4093
2659
4814
881
9935
6209
2924
5316
11068
719
3170
11123
921
10233
5525
11378
11138
148
2412
3620
7796
9013
11056
6707
4296
5836
6982
7038
7695
2573
9396
10569
655
4362
1631
3255
5898
5376
1643
7582
8843
5899
4608
2002
6622
5213
10884
752
1783
11070
8033
6028
11470
9647
10028
9337
1061
830
410
9149
4097
8298
5997
10760
1771
516
4902
5635
10324
1257
4619
8175
11158
7147
6668
695
11131
10817
4325
9089
11918
6062
1983
11574
9262
1556
8520
1375
3987
11345
2678
6817
1158
10603
838
5309
10136
4310
1029
8321
2251
10458
6210
8274
3678
8092
768
578
5993
4214
1234
1444
11897
9642
9833
3766
7663
11330
8373
515
9284
11089
2873
127
3856
256
3287
11856
374
1213
1235
981
6190
9771
9080
6871
11862
9383
8281
10766
482
8124
4615
9004
8664
8192
10726
288
10921
1707
4755
9610
33
10700
11422
4495
1070
11065
6589
5292
2640
5713
2006
3751
6894
39
3021
1491
2842
7092
826
2176
10229
9172
1840
2449
1779
646
2486
4249
9209
7775
6872
8152
5412
5345
9434
4355
9185
2755
7121
2292
6776
4928
617
4024
5643
9399
3690
1842
8646
560
8166
2201
9923
6803
858
6571
9985
7880
811
5886
2497
8614
10923
7325
10752
197
2223
4353
6978
7008
4729
6949
11249
2946
11272
7899
6548
8920
11134
10772
7202
874
3420
991
5770
11264
6191
11553
5790
4838
1122
181
173
5028
4526
2483
8097
7034
4184
5397
7587
9024
1322
7348
1077
3579
10986
10982
1711
9007
9745
10181
5973
8563
10785
5361
5964
11864
2190
5347
4066
11849
7703
983
5139
425
805
10127
8838
3099
3313
2126
2033
3626
9479
9318
9634
7633
4688
73
8205
2283
469
8272
882
3474
11796
2531
3585
581
2846
5307
4229
7926
6928
4112
3728
2619
9966
8512
7070
5469
8729
1995
5399
4501
9605
7048
6040
4215
10845
229
6883
1259
4490
4315
9289
9611
11318
11231
1452
11794
4621
10839
287
364
5044
11713
5590
9282
3262
9795
4288
9727
2668
8170
8805
5395
4096
3744
11671
2645
10162
1588
8747
8612
5656
5715
4173
11621
3029
9538
9078
10046
396
1856
8193
7408
2909
3218
6796
5317
10445
8220
4616
5814
11540
1717
5708
10997
5092
7935
11010
5178
8026
11045
9072
6705
3430
9378
452
4975
10344
4635
8810
5934
4206
10725
1594
1495
7932
3576
32
8471
1968
4246
1381
8901
5820
6439
9228
11414
5334
6124
278
3280
7071
2731
2996
4997
2039
10678
1002
2501
820
513
3001
11327
5103
9338
2553
3341
10577
737
2926
8137
4648
3252
880
1716
765
9793
7522
5589
5433
582
3491
35
6078
2928
2386
215
8917
1611
6757
1838
10064
5515
5055
8788
7267
7388
6833
9809
4160
2319
2963
5193
1153
9118
3234
3304
6696
2077
6479
5030
1974
917
6212
4537
4855
1391
6522
2293
3329
3405
5915
954
2562
10094
3784
3842
3782
7590
7081
8943
6958
7929
5482
2275
9142
2091
10516
2691
2858
7176
5787
1734
4280
9905
8422
1055
5266
3258
7282
9887
10554
1327
10366
7382
3605
7545
2432
998
3738
7996
6464
524
4357
796
10454
11150
9365
11297
1398
6793
5607
6196
4358
4552
10915
6097
6681
6003
3606
8525
2242
10051
4230
5765
4088
4963
3931
3520
5048
2281
5302
4290
2897
7178
3718
4572
2470
8745
4604
4245
10815
10511
680
8125
10684
10418
6123
4438
9983
4555
6216
2507
9885
9652
10061
7300
8922
4348
11223
10460
6019
3423
371
8055
8290
3345
2752
5530
5852
6088
10185
8902
4011
2481
5224
10885
4869
5185
7168
1267
8210
10124
4000
4939
7292
1443
4077
6343
5385
9223
3910
1710
11098
6516
5249
1111
1039
5489
6720
6769
4034
1419
2861
11301
11684
5335
9779
7084
8252
3311
8547
6115
9682
3045
6390
3648
8324
10963
3532
4867
10632
6806
5938
10848
7576
10723
2494
4244
3035
9482
9460
6521
2917
10496
1701
893
6986
1154
5289
1337
6745
2140
5241
7847
9259
3194
6145
7657
6112
10375
11413
9908
7606
11560
6912
8658
8121
8128
11655
2726
11190
4271
4377
6395
8314
10232
2488
8416
6896
4180
1185
6255
1729
7253
10594
11025
5079
8671
11389
4478
3060
5606
1853
8427
4844
9423
5125
9733
3777
3324
9233
7307
2751
6923
4079
1585
10762
9205
6291
4178
6531
7745
5665
2767
5319
9374
10961
8823
2993
11457
7465
6657
3905
2914
3034
4366
3163
2602
7530
7696
4061
9898
891
10670
1290
7758
5368
4566
3322
11641
8340
394
3413
1872
463
715
3623
905
156
8893
3109
11805
2335
8948
2435
97
8225
7498
9741
2248
9290
5432
11110
1652
7504
7186
5325
7851
4181
9573
6381
9980
146
7486
10953
5817
7714
9691
11801
4938
3351
7398
9624
11837
6574
6179
1141
8122
4378
3365
693
8203
3175
606
2945
5088
1799
11333
870
11784
340
2743
387
1935
11890
3133
10103
1454
4363
541
6169
8354
4725
8985
7924
1726
7766
5354
7152
236
11228
436
9540
8959
5165
10367
8874
4039
7210
3340
4828
7438
5470
7105
9585
9323
329
3953
6125
1884
9404
6593
1833
4504
5918
10589
5378
2110
1947
947
3473
11353
1916
7298
11340
6573
4023
4067
4274
4851
6281
7721
4693
10704
8725
6360
2005
2944
6237
7653
9638
6198
2804
5725
7439
11759
1390
5050
9604
5324
4042
2274
9916
6247
4122
4456
11342
475
8598
7927
8238
2681
8232
6880
3801
3637
4108
8787
8742
265
9197
5216
5098
2918
2543
4929
2698
8287
3891
4368
2567
4558
9392
1431
1949
9064
6256
4787
10447
4328
6692
1359
1566
8925
2950
11337
6629
1450
6855
4188
306
2794
9575
4447
996
9675
730
6792
7819
5258
5012
1658
1076
454
1233
7524
2709
10155
319
9656
7251
11631
6784
11640
8465
3016
1962
11376
1468
1072
2625
11060
3878
1551
2594
7483
6812
7793
10065
5201
10968
10440
7989
8020
325
8641
3257
2392
4751
2761
6341
3062
4239
9823
6253
5267
6401
11882
4700
10587
11819
9265
5829
8443
2905
5431
9276
5724
1469
2017
2538
8749
10292
1654
4148
4936
6345
11647
2548
75
3790
1049
4162
11656
3256
511
9023
16
9261
4903
5735
5065
8896
4219
8866
3273
11021
10890
11117
11755
1550
2564
2967
187
5455
3482
11722
3831
634
7066
11853
273
10981
11087
3228
2022
6716
4743
4004
9300
9850
7205
10551
8994
3078
5739
2771
61
1161
3729
5476
7871
10770
3465
6600
11183
9372
11315
10616
1193
822
2369
10018
2778
10871
5690
1994
641
242
11617
1908
7461
3031
7137
9421
11182
9450
1696
10841
4446
5336
6710
8037
11458
2477
10231
9051
8907
11535
3068
7607
3732
4794
2455
3975
3716
2123
618
3785
5600
864
4727
5907
9274
9031
5939
7706
1464
3081
2328
1246
8502
10739
1016
2025
5955
8162
139
8628
11288
7386
38
4337
5591
225
4476
5259
9182
788
9137
1982
10345
3740
11356
2718
11694
5730
7278
9112
8194
1539
9689
11391
9917
8517
6653
11028
10573
11137
7396
2704
2623
1641
11244
7379
7446
6495
5598
5856
7518
2655
6706
7422
4139
706
6628
10543
2150
5285
10782
1766
4672
11603
6226
5870
11789
7497
10846
7144
8215
6570
4647
4114
3663
10912
6133
7172
3660
159
6172
4567
6712
10555
3629
3334
10610
4859
9617
10860
4323
5686
9315
2774
3889
3243
1713
4733
10339
9192
2219
4748
5404
3836
2125
7840
6718
2317
9609
11002
8207
8257
7543
9766
5743
6496
10242
10906
675
9203
6827
10168
1722
10154
5826
1854
4662
5858
10434
11168
558
11744
11397
11221
7204
2499
10583
2042
7826
6725
3933
5442
6526
2280
10701
9241
5136
5356
2146
871
8150
2792
2869
3294
4440
11585
5734
4049
11539
3850
6142
11395
3839
5741
5454
3665
7577
6080
1037
7700
3552
11738
7829
11698
9714
7907
5106
5392
4339
8117
11526
1282
4930
1400
7409
1409
2278
8070
590
2378
10956
7174
5623
5753
218
2427
6333
10791
10611
10152
10437
5717
5348
9227
421
1147
3756
8031
1243
108
6144
4875
8444
2741
776
10649
10029
4133
2115
7896
9481
810
8341
9059
1270
1791
6924
1921
11371
4168
9707
9627
6524
11926
1865
5041
9651
7394
318
3712
2491
4508
7641
10615
5294
208
5059
10793
5283
7848
439
7632
11332
2534
2643
3253
326
10038
9448
8928
7044
11263
5546
8316
10774
10007
9655
2739
7203
8508
6365
4951
8506
3399
4904
6957
7976
1006
7701
8692
3303
7508
7169
7951
3154
5994
6505
10494
8237
4670
1661
10951
5400
7191
7783
2430
11814
4038
4338
9829
500
10514
1092
6964
4919
1189
4016
4159
9668
603
10202
1059
9518
3077
9847
5341
3966
2546
8651
4530
5394
6677
2272
350
3312
8374
3119
2060
10196
4147
1520
8049
7875
10108
1366
11238
11783
10183
427
5049
395
2517
501
9986
8914
5807
7751
1863
7552
7983
7869
10920
6316
217
8368
7242
7503
11690
6444
778
1633
4690
6767
2552
3947
9915
10370
9311
283
1157
6393
833
7902
3993
11024
2308
4707
117
10613
3103
1984
1746
7787
9049
2366
8835
5683
5430
1561
3018
5380
5657
5901
5051
3003
2474
10755
2970
3161
10680
9181
890
7895
1899
8723
1374
4565
1087
2813
3434
6168
10244
4405
6094
2173
4697
1155
2664
7680
11636
7139
685
7737
10477
9626
9763
4738
2221
7359
3299
7043
6523
274
2420
5727
11908
1357
5647
8140
8543
5868
7738
5519
662
4754
9348
5815
10025
5999
10798
7127
11634
11895
2854
6857
10553
1457
10426
417
4943
7349
10132
11286
7821
65
2365
10235
11309
2162
2480
4144
4778
10521
4234
6262
4489
9693
11701
5485
2841
9364
542
8818
6559
11081
10729
7421
8086
9273
9384
9849
4193
10598
4874
9874
4820
2186
5231
5959
528
6748
6797
9168
7949
9113
7993
9822
6140
3802
2635
2749
10058
6276
11661
6052
1945
11241
9466
9288
11565
6987
11513
8050
8530
7230
8821
5479
6392
8756
8129
4632
11871
129
1355
8703
362
303
1703
9942
4170
2592
4116
9739
6013
1490
293
5080
3292
9561
9252
11674
10567
10954
2263
5233
6905
10358
1283
3388
760
7057
1113
2441
10177
4554
10371
4433
3703
3792
4742
4590
7288
9441
9499
11706
8955
3084
11079
504
5206
10778
6675
1536
5254
9910
11666
8541
3278
802
4942
2135
1770
8339
9512
6502
196
790
10090
9862
2503
4119
8253
11370
8048
10036
21
4481
8908
9589
4027
586
3958
114
6734
1761
9959
6860
6149
5164
2064
7188
3769
7140
5616
5320
6206
3847
10988
10927
3664
3102
10558
343
3809
11775
7536
5913
2988
11569
6755
10737
7987
2108
5505
4256
7380
3852
1210
9443
2192
11396
3456
1156
3125
9628
2742
3979
3096
6445
9525
1311
8784
3638
2
9084
480
1054
7630
11523
11673
10305
5137
1843
6010
7284
10223
10276
5679
1496
7557
11366
6423
11374
10669
2899
11888
11554
4281
6173
5839
5760
7340
10401
800
1937
10214
8217
4163
3160
3085
4265
5417
5625
2819
11639
4065
10913
1809
5390
3823
7830
2872
1939
6485
11669
8035
11448
6661
192
9393
7640
1481
8807
8487
6049
10487
3390
7031
1062
8986
3539
4299
11776
8934
4007
7710
7551
2220
11235
4641
8080
6487
6267
2641
3004
3147
10284
7789
1684
9093
5812
3502
7741
10228
2596
9554
11896
5066
6413
1333
2130
10905
10693
5264
10665
782
6372
2976
332
5506
1780
9684
2086
152
3179
4327
795
9314
6771
11680
4179
3235
11795
190
2551
6194
10965
10316
2452
491
6366
7460
3424
5468
4660
4443
5047
5978
8477
10664
1812
3760
2922
651
6456
10924
9713
492
7528
11109
10092
8684
1943
8230
138
2629
2535
2789
10022
2990
3696
697
4977
2522
10281
5979
7782
393
3886
8029
10948
2456
9870
4233
2054
7367
3233
10714
7185
11609
9558
11325
11699
1007
6643
426
4262
11001
8064
2398
2318
7243
4687
4393
11460
10253
3564
6738
6869
5253
7858
9469
5824
8789
10179
5575
6344
4740
1871
1928
2023
10255
9319
9631
6749
11525
4961
4251
2839
5075
11105
7979
2560
3572
9317
6252
1685
9219
6246
5781
5154
3124
11289
1276
10795
9190
182
8056
698
8385
10113
11380
8538
2606
8979
6106
8144
5421
7805
4392
11362
6995
5931
11361
361
10825
3903
2597
8590
8142
6378
7638
1938
10072
7801
279
8417
7260
6383
9391
6151
2510
11144
10538
3026
10147
493
6227
4905
8909
3921
10991
9625
3584
8673
3991
10474
9702
6770
10381
1555
5529
8226
5540
5780
7570
11306
7487
10692
8161
6014
6971
3515
5522
566
3586
4063
85
10976
5163
4350
6910
658
10361
1586
7561
10518
5747
7373
8058
2461
8278
3
7047
3017
1911
4638
7142
6815
9174
3381
11478
5511
8493
4455
9340
4510
7914
9835
9269
8905
6685
9961
4022
2030
10405
3104
6846
11672
8167
11825
1224
7111
10432
8247
4736
7609
2565
6929
3055
2756
3913
712
1528
7827
6998
9091
6988
722
7196
7436
2831
10562
9045
3783
10420
7999
6114
10441
4580
7936
3458
5797
6840
4227
7397
6109
10212
1683
1564
4586
4448
4761
11549
147
1294
6181
11502
171
10672
10176
9485
944
7376
10221
7286
4651
5654
3804
6314
8245
10188
3776
7434
4383
1212
6126
11367
6753
2246
9865
4005
9828
6974
6624
6664
1731
71
5099
5924
2034
10351
5896
2903
10192
8379
5719
3266
3963
1131
3937
4311
243
2575
3674
9686
2682
9677
6025
4217
5626
2437
4683
2484
5372
7489
761
3181
124
6205
10368
6015
7712
1673
2074
9347
5481
9451
11813
6519
857
3874
10121
9760
79
180
7856
2359
8108
10263
9444
9148
3780
9134
4568
7713
8105
6285
10849
8511
4642
11800
2373
4472
5074
4766
6242
11219
2677
8171
3248
2463
8983
8356
11322
9467
6919
6163
6167
5255
9924
8799
733
1361
88
1183
3875
5172
6686
749
5953
5834
9645
8657
8966
1378
6884
1317
10713
7709
8573
8284
6310
9476
2446
11365
8856
10748
4058
4483
2361
7506
5632
10570
8395
4333
2090
3808
2058
4627
3489
399
7752
6368
770
11541
3067
10285
4960
11202
14
11240
241
11733
7986
4861
6030
8698
10530
1373
9816
419
9390
4639
2336
10115
8552
10464
10718
285
1124
6807
7
7090
1724
2528
2985
8178
1482
9979
945
10084
7910
7853
7839
2087
5035
2379
11799
4158
2238
9541
8146
9183
4891
2445
6834
11626
8539
1950
1430
11556
2995
11359
221
19
6673
7958
8755
2932
759
8746
5108
4927
3737
9367
8154
6236
9193
130
5402
6908
4250
5523
7938
3773
10974
3873
3559
2540
4436
10014
5682
5263
2443
8679
780
10251
8516
1227
9786
2313
6921
10491
6680
4485
11194
4386
6701
10751
4817
10416
8672
6182
3857
4617
7603
9830
936
10317
10300
2722
2128
4238
6754
7985
2958
8989
10565
5573
5921
6098
11114
1396
11360
7722
11695
9726
1531
8801
2400
2550
8010
6992
3815
1109
3393
703
8697
10475
1041
2683
10709
9328
136
8235
8865
7571
11319
9294
1614
10540
2901
5272
3105
9683
11628
6279
6403
7874
585
3828
3868
3688
899
5384
11003
4830
9234
2195
10544
6731
574
7691
7399
7275
5312
5174
8136
10910
4984
10222
828
4852
10248
7415
4609
1312
7753
4426
8532
8132
5592
3822
9213
4947
10270
133
4716
10034
1784
10964
5652
11256
8458
8418
2044
2603
10493
6965
2650
9180
10429
11292
5983
8930
4901
2161
10819
6525
2323
7291
4454
7580
2845
1579
4833
5101
10336
5517
11693
10402
1435
1762
10877
6550
1247
3137
1664
5642
86
8931
8607
1599
4134
10699
9092
3895
11012
5155
1275
8923
8264
9119
6068
4324
1534
1040
688
2081
7575
5239
5367
4252
3682
9844
8022
4593
7855
10550
11153
7201
1580
4056
9401
6816
9256
7505
2204
1074
2628
2072
10758
5223
8776
4364
7919
7289
1405
7326
10784
9309
3054
3129
7160
286
10526
10226
4958
5383
2297
6404
2547
6260
4304
1554
2615
11846
9975
6292
6630
11019
1198
8700
8531
333
5775
2888
6492
10431
6201
5564
216
11042
10006
3859
9493
1679
1151
8283
9812
3143
6996
2833
8935
5344
7762
3806
1540
4588
1649
3672
851
1216
5337
2180
2038
957
8248
10882
6950
6327
44
8659
4487
8268
7209
5488
5013
648
8647
7329
9853
4979
5763
5574
10743
11667
5403
7704
8548
1704
7717
10647
6389
2382
11199
9215
10257
6733
10694
11682
11519
11146
8960
9777
9462
4045
8269
10355
7588
8894
5056
1980
10193
8987
3536
9030
5664
6063
7395
9335
4403
5986
9890
210
11047
9852
813
3205
5777
7625
9258
6429
4703
5972
5769
10041
5175
9613
2727
2349
8645
713
9568
789
9359
9351
2760
2835
5524
3599
5339
6332
10290
9878
4317
11572
666
665
3166
611
932
3498
7245
8352
7963
5894
11632
7219
1033
912
3236
169
11747
6778
3943
1242
11393
7109
7615
281
11013
9939
6741
7004
8822
3589
11893
8887
5150
2633
128
2224
11237
10690
3654
4921
11091
11663
5655
5695
6299
5008
3526
1485
5238
9521
941
4836
10468
3323
5232
2462
2860
10264
3869
2572
7274
3635
8384
11779
4654
1211
5866
9712
1829
5306
7608
2216
10847
7183
8195
11822
10074
4001
5811
6065
2286
9969
6766
2071
4680
5453
4374
7154
4222
1365
6504
9811
6359
2705
4914
1879
8216
6394
4777
8378
8971
10164
5492
8490
6805
10391
816
1474
2656
27
9229
9081
7143
6447
224
8380
430
6480
2200
11679
8913
1702
7179
9461
5723
10636
2644
7908
7458
8404
4899
10909
5117
4629
11927
6652
949
1340
9995
420
10673
11061
11638
2637
8081
2518
4102
6021
6983
2634
609
3900
1144
3952
4673
1845
507
42
11563
3959
3142
6859
1446
8851
2798
6430
6421
1471
6676
2133
5194
9851
6553
9232
8392
7261
988
1260
1266
2113
2757
7360
4025
6007
10515
11303
7623
6700
9388
9929
7011
4764
7069
576
5956
3061
1315
2401
8724
2229
794
1324
1075
3787
8693
7492
10246
4912
10082
11646
9759
8021
11528
207
10571
1605
10287
1841
728
3131
8682
7442
4341
964
8077
10596
5711
7795
8623
4142
2119
6268
4747
9106
7478
7940
9326
568
1412
1001
8127
11575
6029
8570
3871
2657
3610
9409
3861
7559
1448
3076
4424
5639
10187
5855
10200
4548
8842
4935
5173
7661
6835
3053
8495
8812
6450
10500
6903
9776
10914
7059
10414
1466
4706
7541
7171
6099
4094
9567
7019
2826
3624
1476
1810
1977
3707
10549
4468
11253
8415
10617
2363
10682
9101
1847
4884
7702
9453
10850
9022
3270
3293
2549
8087
5038
309
3813
9817
4072
11595
5849
6891
11767
4422
9361
7270
2544
1645
8895
3350
6939
9708
11417
6154
9552
10780
10213
473
2285
2417
9275
1592
6746
5014
5914
5027
8871
10374
5298
4264
6369
11581
10556
5323
9602
7224
9827
5278
3632
2701
499
4528
9857
3570
9017
7199
3488
1825
1546
9014
2509
7925
1866
10102
570
3968
10816
5676
5007
11268
1371
612
3442
11915
1897
5189
1725
4661
9468
3140
5764
7496
6102
43
4782
7277
1056
345
7222
8766
9428
5005
7247
8566
3843
3398
328
8090
1459
4790
6547
9395
10853
11331
10467
2775
11037
1013
8405
2904
9937
406
594
8312
6472
6265
8040
7509
1662
2290
4475
4876
7491
1936
1201
11392
3612
5221
9331
5463
8858
7474
1358
1584
2092
5917
6076
2046
7560
4822
11464
6414
4956
5448
11423
6914
275
2929
9015
488
3459
11415
7627
7151
1805
10243
4388
11419
11687
7015
1670
2434
4769
1686
10346
525
4062
9570
1021
3973
4028
3043
9321
1379
7404
3362
11489
11149
1848
11112
8347
10799
2264
3972
363
2612
691
6962
10436
1831
3746
4620
90
3463
2911
2422
4584
8562
9580
5315
11097
8708
1794
8329
9930
3864
7595
10238
7091
4195
694
8600
6658
2306
1068
11341
10765
5116
9690
1220
4003
11173
1669
7252
5716
7684
9663
2719
11740
7879
6915
7961
81
9214
1992
11611
7400
11100
769
2391
7810
7813
3046
5798
6848
2203
5668
6251
8714
8503
3934
6083
10107
2956
6384
4773
8574
546
6564
10685
8861
7913
7454
5670
7430
1681
928
3416
352
4291
11483
9389
4218
10315
973
4285
1553
5749
1926
9562
11524
572
7107
11409
1073
5157
6269
5832
7513
918
5783
4983
876
1418
4889
10001
8084
7228
6416
6843
6409
5436
7095
11439
6667
1089
6690
10314
1576
9848
7881
2345
5877
774
2111
4624
8881
3171
8016
866
10377
2907
11473
9788
10606
5215
3213
10048
7601
6263
1602
3209
11140
8767
10659
8060
10023
2266
4313
2690
3358
5638
1671
9920
3343
11685
8811
2796
659
1522
4275
5237
4559
4471
5572
6786
8605
3656
4519
10812
4634
8625
2018
3500
5140
2585
3704
5808
3575
4989
8775
5424
735
9376
4907
9123
3414
9380
4279
4758
6001
1723
11627
1577
8868
6298
8483
2765
946
4781
8768
561
10824
7250
6053
9375
9698
9071
10397
10443
5624
8185
5209
11791
6936
10689
8485
8675
8148
6407
11861
2124
11504
1143
6286
7626
3023
11658
4775
5011
7303
672
1177
3250
8409
9616
3349
1503
7973
6023
10329
9576
5413
9186
8615
1547
10307
3007
9572
2699
3041
7790
11824
4534
6055
10308
3214
1135
7265
3563
7195
4839
5439
2164
564
2019
9357
365
6640
6022
324
2987
2968
4115
995
369
1268
87
1792
6959
4461
9470
6606
6101
4452
9996
11866
4210
2380
6887
8841
10291
7527
5694
6662
8643
4442
305
8732
7725
9500
1668
6907
10542
4908
5651
10392
8114
10059
11686
841
2815
10400
9157
8328
4213
2881
1178
3353
2396
1442
6419
3410
11583
4626
2802
294
7565
3012
3699
11394
2943
254
2832
157
8242
4494
9074
1162
9659
3988
2075
149
5872
6137
2521
1526
6490
4752
8981
5593
10721
7166
6616
4128
1303
3522
4847
5441
6463
6527
4417
11754
172
5457
6186
8133
2011
11469
9240
1849
11771
10071
2685
3354
5177
3534
1342
4343
6243
10823
11719
11347
1952
7806
4970
7229
6233
10170
137
9218
5809
4085
1483
2736
6886
8294
2482
925
4515
9899
10826
5752
7220
9831
8712
7836
8876
1719
3858
3827
10528
8438
5300
34
2235
6039
1239
10249
6451
3460
1245
1824
9334
8292
11664
6323
7293
10054
3356
8656
470
1389
10227
10385
6601
7024
7101
7104
7193
7510
3446
10844
632
3752
9003
9243
3504
1782
8802
530
1656
5113
6695
10184
2902
11283
259
3320
5746
987
9435
10459
10099
8954
5731
3357
9216
827
8478
10070
6275
10389
2093
742
2160
11427
9982
6611
2360
1407
4944
9076
9027
1176
6708
2376
10237
4579
4268
5328
9535
6732
11335
11465
5878
8762
3285
8028
2149
8047
7499
5483
11399
6892
10888
6422
7040
11452
11809
9308
9715
4010
213
1376
8286
1587
6176
9751
8904
2512
316
7998
3347
4136
4419
1363
10838
8089
6358
6331
11905
2496
9212
5689
3901
4500
4957
2208
3302
3659
11246
5951
6042
1347
1254
5833
2489
7054
10559
2492
5889
10541
11742
3128
4909
10773
5932
4783
8468
1665
10940
7928
1386
8432
6271
8388
5350
3422
1081
6334
6813
2132
8263
2295
5257
6514
9324
2541
4429
9299
5538
8601
7161
5892
3469
6540
2338
4156
5800
8013
9405
2206
9621
5697
8143
3483
10522
7235
3717
3549
10653
437
8504
10939
10809
6309
2676
176
7027
8685
1248
5449
3151
11904
1179
9369
4920
10161
5788
6338
2305
5650
6782
11608
10629
7018
972
2938
7776
4547
7381
2414
1149
6202
8332
2684
4880
6576
1403
6037
8343
9719
689
804
5923
8211
1820
7407
3377
3036
8808
4329
8782
10771
9417
3485
10492
2566
1887
4428
959
5364
7133
5701
9594
10298
10590
6599
1255
6518
4625
3238
5242
9350
4370
9956
11299
1544
11358
2383
3713
7056
9582
9343
1672
9598
1837
7586
4887
297
11657
6364
990
3064
3706
2847
1413
4771
2457
6180
7512
270
6595
2977
7730
4894
4335
2986
10916
3454
9976
5001
5709
5218
6535
10356
1979
4518
9596
2607
7341
3020
1651
2325
10786
5947
5410
1289
7817
7342
7613
4802
3758
7814
8597
3327
11620
9735
7254
5124
3602
8188
6990
10962
4561
8165
6773
11408
2974
739
5188
6895
7475
593
5389
485
534
7012
185
4413
7736
9431
8067
11076
3611
3680
11179
9550
6239
7194
3749
5333
11129
7688
544
4464
4803
10873
11786
1008
7825
10547
9432
1637
11743
1226
8151
195
1946
1082
438
4576
4682
4172
6794
7029
7322
5580
5196
5351
5502
2732
6608
8265
5077
91
9281
10867
5127
7548
2341
7823
1058
9801
8544
1277
2818
11826
10705
812
2120
9799
3200
9020
1821
93
3146
4381
11772
552
4269
6878
11471
2856
10933
1616
7868
10419
5357
6635
4560
3015
8331
5795
7279
7846
8616
1562
3008
3385
10004
2037
5507
8406
3122
9608
8408
6478
2174
11020
2614
9718
11475
7479
11823
9527
4854
25
1570
10763
1742
2851
3180
4110
2857
1989
791
8007
7207
1527
740
3281
1680
4571
10719
7354
5751
1323
8357
4917
10499
7306
1624
10439
6517
4933
2763
3296
10993
9856
10319
5149
9006
792
6218
5138
4129
4913
3291
10875
443
3178
8113
1279
554
8074
4412
5771
3693
7596
8634
3115
6211
4169
9139
5414
3594
4165
5658
5474
4972
2004
819
2377
509
11213
836
1300
2397
7236
7535
11790
6322
222
11035
8291
1789
10186
4658
11329
6116
616
11261
9994
5391
444
1639
4890
4511
6160
9494
750
10283
1745
2003
11426
9449
10822
1730
457
7755
10114
10130
3080
11602
360
9296
10282
11892
6831
123
6448
4469
296
8484
3100
2357
4018
1931
8814
11720
725
10833
11265
7538
10350
1571
8475
10711
1091
3860
6441
5409
10942
2303
3110
8827
1308
4425
11282
8271
1119
10808
1823
7488
7804
9194
4098
6902
10775
3186
9169
10145
11782
11302
5740
1096
10510
5192
142
8817
6143
9897
1278
3753
10536
11494
8100
8618
7719
3094
11547
10216
10967
8318
4437
2473
6091
8773
2127
902
7718
28
2347
1393
3941
1735
8839
8199
8952
2101
10987
2916
8496
4009
7982
3695
2301
10030
642
1139
8075
9578
5952
6565
1636
9266
1976
422
1910
3101
4354
11171
5943
5982
10656
5786
9463
6650
10393
3628
11811
317
11151
1755
3174
6985
9901
3631
5603
5100
7553
11505
3271
9804
533
6388
6035
532
2267
5060
11810
11436
10422
8135
8715
11092
6625
5595
4614
487
6768
2984
183
9125
8177
110
5588
7030
5183
3996
6321
8978
9931
2213
6615
52
3242
315
3715
2279
8719
11500
6760
10990
6159
10055
6070
9042
2487
4878
1787
6264
2734
3283
8498
8015
10645
7110
6051
2069
1172
7184
9671
2707
2053
3261
4868
8338
160
5904
2109
11258
3556
4
3722
2808
4916
10731
10688
6810
10702
11845
5842
2188
8521
9386
4671
1714
1034
7912
4053
7246
1618
6436
10800
5016
3476
5926
1753
9415
4474
3590
2729
3977
11854
7533
7337
8932
8704
4819
7614
9547
6651
10310
2806
1291
7472
2458
10576
6074
7716
10217
5691
2154
8529
7822
8023
5338
11205
3501
5480
8537
7328
6598
1479
7525
8358
5244
1557
7217
6426
5803
5508
8460
4563
3821
5671
2830
6424
1920
2485
11732
2576
10966
8586
2662
6828
8772
8834
4612
717
4603
6081
9524
5493
10056
6820
1545
11082
3402
1999
11511
5940
1084
7312
10941
3985
11533
103
6092
11290
8461
10141
1017
6047
7994
3640
8336
9408
10230
6288
3097
174
7605
3914
803
10208
4618
5270
5610
8524
2367
10309
49
8071
9595
2886
7441
1272
7734
11352
9902
8696
5359
7129
2526
1196
1886
11615
5308
7096
543
9422
7060
5796
4400
3417
9660
10195
11262
405
4517
11343
8750
3071
6397
5619
1861
8313
11703
7414
6296
6956
7035
4686
8149
5352
7014
7636
4918
1549
3615
6898
11247
1197
4306
8094
11462
5767
4879
1166
6506
9426
8322
6146
9271
68
9341
10396
2964
8774
135
7112
11930
7761
4644
10442
11099
1944
2598
3444
5322
8317
8771
5669
7610
3317
2817
2834
8435
9236
2147
5182
2428
8667
3708
7345
7768
4488
3567
1383
11527
10681
9864
7170
8584
9657
4445
4345
3221
8769
2178
4881
1663
5900
7451
9235
6551
10621
4309
10167
2066
2152
1778
4035
4048
5547
11198
9158
6614
9053
1362
8833
5447
6509
11468
476
8507
4131
10128
6501
517
4816
6795
3173
6207
11894
676
7771
8095
10658
9303
11474
7893
9484
3762
2273
2632
3449
978
11879
700
7523
1815
3604
8228
1514
3183
7197
9564
10946
11532
4779
10234
7023
76
3962
10331
9997
10925
10095
1160
3862
10148
10153
2228
6411
2803
3641
8219
9037
7122
3198
8593
4257
3118
7215
7028
10840
3196
10338
6330
2712
8993
9412
6567
3229
6698
5261
3557
2277
4986
11555
5497
6374
2177
212
2395
2040
8436
4125
6842
5422
7238
6607
5142
8107
3339
1345
4772
204
1000
4677
960
6153
10151
5226
10870
1535
1532
3844
6396
9083
2351
1648
10427
162
2327
5936
10655
9177
9046
3907
9413
6935
8844
1105
9054
10456
575
4026
7263
4667
1200
7079
9164
7473
9245
9253
8181
6498
11903
1397
3578
2239
10083
1758
11113
5020
7631
3675
643
11405
7945
3922
2966
1763
1712
8654
11313
11275
10262
4289
11023
391
11442
5181
5490
11027
1380
11368
8956
5363
6009
8944
9565
11433
6016
3384
9747
6899
3542
2381
10947
9018
8173
678
6283
2636
11529
2100
164
5054
4205
11466
1647
7618
9900
7878
6713
4297
10904
1280
4414
389
5744
8223
304
6455
4020
5467
5310
4713
1489
6050
2688
9
1873
11612
3587
7642
6744
7593
6666
5980
10063
3478
10042
3301
11142
771
11490
2980
11929
9459
1806
3803
10893
5265
8208
2078
10505
11875
1057
6739
62
11006
2587
4104
11300
3497
1878
4656
89
6231
9155
4145
10796
5545
11004
10633
8571
1095
3251
11543
9515
2354
11062
11095
6970
11304
9903
209
4950
6353
10855
1597
8311
11515
1813
6821
3145
10584
8528
4978
1895
7849
8206
1638
1518
3761
7378
10384
11618
5067
8602
3884
2867
6027
10019
11576
6709
5093
11104
3267
4718
7674
9210
10117
1423
2590
1
11601
7309
3898
11921
5284
1269
11015
10814
6954
654
11785
5375
9143
8259
5922
11481
1957
5191
4649
6431
8304
6993
8757
937
167
6287
4765
11531
11472
1816
2343
8227
3892
3627
2333
6249
17
6530
743
9794
6220
767
2730
5070
2563
8266
453
375
1207
7490
220
3757
7413
384
8138
5370
1103
9471
1533
9581
11492
11844
8467
1221
3391
514
547
909
1625
9008
10520
5859
7711
9507
9406
4235
7628
3157
7844
5450
4286
8401
624
5893
821
8342
8635
466
5615
1741
2156
5156
8353
1942
10959
4075
7332
6609
8633
8078
3493
10383
1869
4695
5518
7150
4698
115
10174
6215
860
8233
9796
4760
7779
6272
8196
8793
975
7285
1743
465
6626
6067
9709
3863
506
5945
8218
271
2667
6866
2805
11074
11820
5553
8619
8709
4161
3376
7934
8282
9672
8499
3825
7088
2750
6561
6901
5577
8446
8949
8325
3184
1051
3771
10259
808
10332
3721
54
5700
7416
7792
3719
9860
2953
4152
10495
4985
786
2620
2954
1774
6278
1563
72
10111
10767
8707
9116
9131
6864
4650
4583
1472
2014
690
877
6777
253
8676
10497
1046
9352
7148
9506
3226
3452
1182
5134
7780
455
9510
5822
6222
4308
11387
11277
9501
10080
2965
832
5774
8743
7740
7742
5120
3807
10788
4123
8062
4174
8937
8523
11187
4171
11768
11596
7649
2438
907
8534
7304
7723
6729
8515
3595
6699
10008
3667
1709
11224
536
7410
11271
1737
8200
3946
7937
4808
5440
1834
7757
9260
3487
5714
223
8450
10379
3601
7033
6759
9911
1187
244
10949
4444
9951
1232
6682
9791
2777
4767
5019
5636
6425
11379
3681
8680
1844
7941
7046
6779
8361
219
2580
4277
9039
9918
2713
887
11364
58
9277
11128
5549
9728
2105
3069
1134
9355
11891
7984
7764
8407
3495
2773
7931
885
11499
8466
37
5018
1706
8355
1767
3191
8526
10663
847
1181
10827
5688
6830
4898
5084
8072
10376
4192
8650
11650
8621
3165
5002
11850
4842
2769
10252
11748
1542
11054
5251
10563
6581
7132
9688
2801
915
11251
7050
5887
4931
6849
6277
7685
10891
424
1256
9882
267
6976
3057
6178
5217
7287
6665
9666
2716
8472
8622
8939
4216
3555
7455
5863
1258
2151
11420
7629
2252
627
10175
5086
872
4762
9050
9077
7619
8610
7807
7463
4294
9267
10118
1689
8118
614
10666
9160
11334
1018
592
6953
6131
3655
10173
9583
5243
3902
7232
7420
889
734
7262
10000
709
3650
2324
4694
5584
11093
3917
7428
11055
5456
11710
9090
10973
6406
4806
1335
5757
5850
1505
5025
3202
4466
4228
3965
9814
5599
3710
11090
11296
6638
5212
7234
4788
6417
7319
2143
3992
2879
3120
1288
5563
1090
5229
11496
1632
5885
8403
8761
8305
2129
4594
8608
2423
4293
9332
6972
2693
6605
8938
2740
11633
8583
2155
9752
6555
11266
6311
7103
3206
7163
8091
7921
9753
2725
5966
4360
9941
7820
337
11214
6645
8688
8691
10532
3924
2088
9302
9356
5552
7130
3063
7165
5831
1202
1445
5478
9802
5587
9661
7073
6284
2431
1170
1591
1504
10995
1422
920
10278
10720
4467
45
8832
10104
5862
2994
1621
11175
3141
8950
6000
11036
9270
9491
3244
3138
8604
5151
7705
7445
9762
10572
5605
1484
8561
7372
11354
598
11157
538
4653
3951
527
6130
8326
1967
1027
6853
3692
5277
11207
2065
9126
908
3768
1739
1015
602
705
3724
11320
1462
3571
9834
3633
656
5661
486
1575
9135
2429
4948
6862
2652
10746
2026
3994
1613
8454
6761
6736
11482
2202
9292
4278
6882
7256
10548
7833
3805
3167
11456
7022
4630
7064
8073
9044
979
1655
10781
10236
8946
9921
2837
1080
2061
3565
8451
5435
903
846
2021
7424
211
12
1150
10628
9584
385
6302
7411
11530
4516
11197
10889
8961
2935
2217
3380
3909
3461
521
5720
8189
6348
3073
5252
4952
11920
1932
10337
7939
6577
9052
5290
4197
2609
1047
3834
11582
3816
5536
4831
11689
5778
669
3438
11350
1752
5022
11521
3653
7052
4826
373
4721
11225
1600
7042
10076
401
4837
11369
3904
1603
2312
7469
7676
8250
4499
2262
1960
855
2421
8536
9846
3867
2617
8019
1859
10869
8737
8575
5133
8727
8273
1565
1785
4340
3983
6405
6319
11798
1449
6087
4973
132
4140
7074
6460
9962
9070
10133
10312
6064
3249
5318
6545
11696
4146
9546
11324
7574
6435
5246
6132
7310
9768
5835
2364
2723
6175
9035
9278
8611
9533
5673
11014
8888
10707
1732
11390
11827
7369
781
11561
4596
5703
4132
5039
1612
1369
3832
2170
3840
9211
10189
2339
7962
266
2222
844
8279
5513
563
2621
2131
2894
8624
2532
2097
11852
60
5873
11906
2877
2342
3997
4498
2294
11443
8350
5544
1100
5954
11382
4232
692
8414
11579
10609
9973
4575
8397
6631
11208
9523
11777
3479
7765
3204
11421
3159
3219
553
4896
8470
380
1796
8431
11411
3095
2766
10408
8111
4284
5738
10240
3123
8653
458
6941
8320
9320
282
679
3725
9225
9251
10353
687
1642
11863
9487
2793
10996
7671
5728
8885
4212
80
5057
1451
9954
9577
1891
10928
9953
11155
6174
6684
1529
2768
9839
1388
7960
4480
10435
1626
1700
10417
5471
10957
9504
7948
5434
10380
4298
9679
11449
601
7648
5614
3406
2320
3786
2764
1030
3887
8500
6107
11195
8488
5705
3443
3158
4117
3619
4631
10438
10490
3082
6362
7544
5111
8644
11250
4263
9244
5681
9977
2809
6458
1893
10588
10330
2997
9724
600
347
1208
535
2284
7377
1882
596
6380
10150
9196
9775
3566
5903
8753
10043
6376
5072
5169
344
8854
9010
5867
4078
11130
9563
1851
1500
404
322
1169
5381
1426
2408
9781
5935
859
3558
9108
962
5
9756
10568
155
868
4753
10652
4420
1088
292
8012
977
10607
2055
7495
5557
11818
933
8741
6214
8430
10970
494
134
6800
3188
6973
9950
168
8689
11178
6946
5198
4823
956
4768
8579
11450
1692
5112
10325
7212
8442
5627
8557
6229
6952
7883
4451
6481
6888
2695
200
10109
9490
5176
11604
5466
7467
3984
1307
4421
7699
6648
10010
1360
9749
10679
477
3337
9513
11592
9637
11384
8366
59
13
10321
4702
9217
10810
9130
5288
1607
7123
11107
10254
5864
865
11721
2165
3150
2411
5667
7656
9433
565
5992
10411
5962
4070
7016
9536
7316
6659
1862
1918
11645
11654
8872
7471
6058
1951
1578
6856
5930
1971
5641
7264
11169
9893
9009
7352
10024
11691
5472
9001
4492
9379
4981
11488
4955
2671
958
6320
2107
969
3789
9881
5567
5443
9551
418
4553
8899
2250
4731
6889
10872
9639
2600
557
5566
4198
7405
9486
5042
7943
3608
7162
6183
4749
2175
3673
4756
756
883
3849
10265
3426
8190
10471
7892
6367
5200
1168
5168
3741
5579
1287
6727
8082
1754
7001
556
2464
4248
7269
7344
4408
8303
10716
5023
1830
5882
9257
398
8156
10033
10171
9978
10597
9662
9427
5366
738
1677
5874
5618
6562
9952
10932
4427
10851
6975
7770
5222
6
726
9593
7969
4095
6534
6446
10706
3431
66
5622
5152
9989
5043
8670
9439
4556
3998
2694
1776
11746
10747
2666
6787
6687
9854
1759
3591
46
1558
3332
639
10703
6774
6203
9644
3733
6157
11727
2952
3982
7903
7032
4804
766
10842
7778
2194
11174
9509
3401
7025
2962
8396
1516
4387
141
3658
5539
10166
7968
1604
2479
736
5902
11821
1634
10797
6932
8421
772
599
2184
7419
341
4877
825
11765
6188
7732
10078
5881
989
9397
2864
9633
2059
3325
8940
11838
4450
861
8527
10537
6482
9841
1463
5533
2168
7563
1439
4925
3530
9088
3679
6763
11311
3670
2504
6232
7769
1231
10158
3412
2070
9670
10060
10413
4041
10519
2385
3407
4864
5006
6459
4810
1736
7108
36
153
11770
3743
5358
657
8760
10901
2041
4497
11506
11802
10009
11170
7828
9206
6520
4949
4255
3711
7599
10403
6960
1325
11542
2057
1116
7089
3321
2329
4897
9358
11031
2728
5837
6582
2579
3190
11211
1218
11143
7106
5248
4883
9970
9883
7888
9574
11487
4900
3940
2989
3512
7200
228
2007
4071
4382
6241
4365
7086
3091
9167
10503
4857
3418
334
178
4224
8551
5888
3230
10638
10053
8636
2746
10994
4300
5401
2870
11156
11637
198
3400
1416
9239
10348
2466
5438
9650
8795
4091
5984
7621
9643
7859
1427
10428
10724
3300
5678
10
7155
3338
8302
11613
4432
8998
8103
10614
8596
2992
1434
5109
2618
1965
9120
2389
4827
5773
1502
11463
9403
2999
5331
8402
10896
4344
3215
5758
2859
955
7650
6221
7456
6282
11757
10546
1012
1078
8046
11760
4221
5000
4663
8153
7918
4267
9758
1175
9836
40
10057
8476
7592
2863
4866
8018
10687
2300
9965
7916
8452
1066
3263
1159
1991
8663
1192
382
3025
9304
2073
7026
11125
7887
7351
3697
6951
7952
5908
1228
2460
6156
1328
2961
6945
10582
11616
9254
8591
11503
1214
9588
3374
3395
1453
9654
11739
1261
2215
7371
3524
2453
9333
4945
5187
9000
1698
9705
8099
1284
9189
100
2577
10180
7562
8112
2265
4109
3369
6672
7383
4684
1432
2642
5087
11884
6266
10372
6740
5371
8912
10407
7686
2898
7675
4177
9927
7213
5957
6465
5297
1954
714
6554
8879
6639
10087
9502
1912
3774
11159
11066
11163
7049
3535
7788
6920
1548
674
3039
358
1310
4622
4120
5416
7006
8845
5653
4220
8941
154
2823
11665
884
3885
6799
5105
3492
3781
2599
3366
8301
5355
9783
942
7995
9425
6071
442
6868
9122
5061
8890
10387
7760
8006
1351
3582
8958
2524
2951
4991
2299
5804
8260
6110
8568
6361
5207
3882
3548
11567
5841
3600
4780
7794
2838
1441
7683
9815
8828
2783
9312
531
4759
3514
5961
2555
7668
11094
9032
4628
9938
5776
9636
6513
5461
1186
4435
9772
10448
459
2653
11083
5853
9932
9492
6138
261
8424
9354
6890
4873
2337
10260
10931
10211
5736
1392
2795
5486
6370
9904
9820
6961
7324
10012
7597
5976
8565
6649
2199
10327
11429
3208
3820
10820
2588
5459
9757
5208
10250
10069
5941
7453
2117
2095
370
7850
10754
5153
8864
4068
2029
8726
3929
856
10463
5220
6694
8674
8382
10955
5985
3284
7432
8996
9036
3307
2824
4259
8024
10269
2784
6549
1760
4030
701
9279
2807
8705
5230
3676
1293
7507
5122
8123
5204
7005
10674
9138
9872
5766
8859
3927
8951
4636
11851
2241
5929
9263
314
7923
214
2181
9955
1223
8267
5396
7971
11587
7547
7731
2036
10404
4209
3466
3546
1036
11709
6032
2680
11841
6489
550
5704
4423
7707
2923
8041
3477
3212
2866
423
8824
4203
10415
4237
4463
1133
6113
5340
10486
9411
10662
597
7276
10206
3969
1219
4036
7384
529
2733
5236
2882
9826
11467
1930
8387
3162
3990
10178
3928
1408
8221
1941
3316
2388
7612
7370
11507
1996
7314
5558
3709
2189
8962
5663
10676
5710
5571
8803
8846
5963
10129
1164
7894
119
3544
11558
1581
621
8744
7791
414
3044
904
8285
8690
10861
4356
11797
11440
9128
7917
5245
2353
7773
7180
7418
8836
6150
1720
3561
8038
11121
310
584
6387
10328
104
906
2144
8363
10209
505
7138
2405
9895
3373
8999
11230
5104
2737
6324
3368
3048
9992
11260
5792
2747
10215
7568
5609
2384
8116
9075
10224
2406
11717
6002
8428
1693
1171
7860
10859
1630
9237
11486
8469
11196
3899
3107
456
6737
9154
2511
948
939
1870
11868
10031
6772
7135
9800
4373
10865
901
1963
2571
3598
10299
4681
158
11398
4521
5950
8720
727
4092
1959
7558
1273
9307
704
11736
4089
6594
201
9153
11857
7390
1574
8542
6764
3668
2955
4258
9436
7045
6802
8486
1367
8687
8423
10302
7296
9971
10323
6290
2439
4176
5026
8790
413
11877
6100
9195
6437
8926
2418
3872
5628
677
4728
6170
1622
8806
5148
3092
3116
9136
4191
10210
8559
3126
8367
3051
2788
5311
4601
11793
6861
4143
2502
1839
11377
8765
4541
9129
9993
4012
4111
5398
3938
8008
8464
10501
8910
10013
4375
3197
3027
10787
3936
7167
6234
227
10641
5729
1517
7873
11577
7017
2604
4578
523
10341
284
5702
3778
6008
9704
11889
8420
8915
2243
11624
3596
9789
8853
4434
8809
2957
3540
8976
11644
8479
8699
7417
7082
4410
9919
8780
10525
8308
5662
7343
540
6295
6195
4669
5369
3814
8585
4569
8457
1406
10335
11899
11876
5451
10818
11559
7946
6379
5860
1836
8819
6584
3177
4200
7681
9458
5360
10794
11607
388
3032
8898
8862
3772
10412
10648
7729
7654
1598
2781
4514
1438
9810
6688
1429
6689
6470
11451
2850
9603
4655
6826
428
5597
660
898
6647
2103
5875
8096
11635
9207
9295
6938
1694
3763
1298
2314
6583
9377
9188
8014
4334
4084
7651
7233
8030
7494
9632
4411
5871
6484
5268
4611
7567
4745
298
5305
8098
11589
5848
10777
4033
10469
8214
6512
9737
8083
5170
4164
450
5906
649
10035
5115
5828
5789
8141
6691
5531
9204
1241
9505
6679
1541
6602
2302
255
9366
6418
4060
10631
9522
2409
11278
548
11605
3319
10011
11933
9529
5063
8376
5897
5291
11124
6724
7482
8860
3386
3490
11835
3645
5121
9067
9011
9430
997
8677
11053
3439
5262
9790
2785
3677
9664
7720
10122
10715
11086
5102
1264
1914
2027
8246
5052
11501
2654
5857
1348
2472
1332
4995
7515
11916
9913
6044
3618
3877
1492
10225
10975
1114
8666
10745
6245
807
4922
8631
7622
4646
6994
6318
4689
11588
4406
6819
6510
9063
7218
2068
5745
131
4470
1803
2035
11476
3666
4685
3896
1108
4401
11189
10728
7970
7616
9778
7468
9200
2211
6877
8262
8867
8179
11843
4103
1934
4059
10160
6644
11484
3980
10622
6357
4606
5090
5645
10864
9414
11048
3168
7728
10695
8791
5535
9586
10142
2895
5634
7835
11623
6084
3318
10135
9641
5620
6164
9685
6979
7965
9798
8642
8240
4987
1560
707
5541
647
8399
2316
1329
5977
2537
5699
8988
7942
1964
4292
3944
9440
2085
9283
6433
7485
6568
4923
11239
8733
8660
7767
3837
1350
1339
9615
6756
4369
252
11424
3090
1364
9987
11355
6839
1973
2416
8463
11883
9553
2595
724
6552
3810
3855
8900
7646
1194
6199
9353
9889
10837
4657
9184
4932
4100
3282
10085
125
11724
6471
118
2062
10482
10757
5772
1687
47
3911
1456
5097
366
3074
11858
7401
2913
8869
11349
84
3030
367
843
4513
7271
8057
7578
11084
5534
1907
4531
11152
4376
10642
4562
6189
11073
1819
8296
3581
6850
4599
729
4988
11118
5514
8947
4372
10218
10529
8995
7102
5949
10140
7947
6742
3730
4240
2700
3114
6119
6758
1038
2786
2738
7182
9472
9246
2141
2475
7759
11063
11763
2358
6546
11566
3225
3770
3436
11546
2028
8783
6636
11044
994
7433
1022
3156
11761
11493
1793
2880
2703
8254
2714
1346
11870
10533
1138
508
2591
7315
8558
1738
7857
26
8492
5987
9928
11751
3453
11216
3201
9692
9825
10256
1727
8781
9058
7972
5613
10619
1428
11704
9398
7877
2660
10733
11752
9264
9998
9597
10895
6326
8076
10744
6497
3210
237
11859
8365
2937
11357
11005
4744
10052
10294
379
683
1822
11869
7239
5010
10295
10759
5583
9483
5646
938
963
5895
10683
357
9543
10390
3800
8169
8991
3289
9382
10453
6293
8494
8429
5559
2692
1417
4460
3098
11191
3723
4352
9680
11571
7356
11075
1640
2624
10919
834
605
7402
8730
6762
5823
4314
3409
7272
6308
7136
4539
3964
9784
974
2159
3331
8580
3955
6012
3079
9124
9912
7550
6906
11516
2536
4105
11034
2137
5586
312
8648
3220
82
7673
10902
3240
9306
9600
9700
8375
11080
3876
4137
1559
6139
1470
4190
3049
6171
1402
3853
3657
6604
3149
7678
7159
8011
2556
10671
9109
3835
4379
11009
5096
7959
3511
3089
11778
11923
8578
2855
11723
11586
10624
9963
4130
11102
449
10163
7542
6300
277
10580
4076
7744
6566
10017
4044
9805
8229
1336
9475
9716
10830
2346
3573
2289
8453
9555
1093
2852
9907
9385
9040
11310
9832
9474
9477
1835
5960
165
10985
720
3462
6090
412
1676
10289
4959
7517
11847
5722
7221
11071
9047
1250
5693
6197
11598
10120
7500
6248
5130
3042
10651
6043
4665
9967
3435
10686
320
3132
10730
7481
2816
3472
11912
7784
1590
11204
2647
2762
5362
112
6587
4805
77
321
2574
8847
6204
3779
7164
11338
2582
7519
4993
7870
9115
6412
11059
3274
11578
4346
8942
2226
2214
9990
5184
8754
7037
9166
4666
8147
2344
10578
5118
11914
6434
7118
4598
6060
10980
10620
2613
4990
2711
799
3912
1132
1987
10756
11067
5276
10574
6785
10564
11522
7198
4529
11812
6382
9725
7237
4307
9065
10143
3470
8456
1020
2811
8936
3346
8973
9061
10386
3086
4994
10661
8736
1757
6346
1079
3241
2236
4185
10854
6420
8180
10349
4019
1751
9765
2205
4800
943
9062
4318
2315
6610
11479
5509
5526
9220
5761
11711
8694
2584
3211
11164
8039
1610
6900
4940
6303
11291
11242
10198
9591
3305
10005
2930
9640
1352
291
1691
7890
8970
3382
5078
3344
10749
11792
1883
6678
2675
2696
3370
10697
5214
4151
10498
11660
3727
5197
6783
7346
3935
8182
5076
4739
140
4595
798
2045
1099
246
290
9530
10534
11407
6469
1003
5286
7763
2721
5937
5107
2304
11536
9327
10857
5762
9914
356
1511
10126
1238
2232
11116
1421
2426
5759
3361
2960
3363
3720
9099
9824
6011
5274
8884
9787
11064
8878
4737
3207
7905
4522
4330
10131
6660
31
6408
3352
9532
6948
6258
5135
7980
1042
4637
1094
10929
10506
1781
2049
1906
6838
57
4536
5313
3543
8437
9026
7799
11273
415
6329
10204
2542
6560
4679
3550
8722
8359
8582
10922
6947
2340
4544
5234
4087
11509
1749
5685
953
7450
11351
4319
3888
11855
2231
7087
8510
1252
1102
6466
8592
4835
3164
1990
5865
1032
10806
892
8519
5260
7532
11388
3879
240
6476
9896
3527
3642
10398
10878
5143
8577
2218
3893
98
2440
3112
3006
5179
11375
10958
9560
4574
11518
6474
4127
8288
1748
9342
409
9511
11453
2884
10504
926
9722
11162
11120
4937
6121
10067
2196
4189
831
2254
1263
9287
6085
4954
9528
2910
3378
11510
1326
10803
7493
4934
2825
3047
4418
11425
5089
7423
1465
7173
1382
10134
9653
11593
1608
1902
336
6187
6347
8323
6468
6147
4113
1623
4795
2468
6641
6669
3176
7440
10165
3367
671
753
9038
2121
4397
5250
3865
5225
10643
762
10591
6656
7098
8045
432
92
11126
7362
6836
6824
1657
9097
498
1981
6020
631
10930
4347
9542
5791
5415
10268
8063
2710
7803
11145
1064
6499
5733
5159
10478
4081
5379
6307
6933
7327
9346
7330
2256
3419
9984
650
10727
4054
888
1188
126
9858
4911
7845
3848
2646
5981
8440
7579
849
2371
9360
8104
11069
323
10073
6462
7944
4821
1163
9201
8139
7157
3217
10096
837
9706
10274
999
5499
11520
4037
5210
4532
8800
5919
5840
386
6541
992
7502
11336
5346
390
9559
5387
10779
8398
10581
10880
1117
9132
7604
9674
4966
6162
6440
10552
1644
6931
5484
11584
143
3397
3050
6250
2622
9861
567
7003
11880
11209
6977
9838
9744
11461
1888
2578
433
931
6261
6572
11606
2031
7435
8629
11305
10811
9002
5024
4591
11029
1923
9808
2661
7694
620
7141
9806
4051
2827
549
4295
2787
10424
7464
5219
562
10472
5058
3295
1765
9622
4046
9144
11346
3795
10093
2679
11046
471
11498
7120
11762
823
6619
7697
1617
7585
4404
3939
661
4032
150
6542
1137
6305
11041
7679
6904
6613
8054
3013
11212
967
1067
1344
9495
8085
6304
56
3245
5299
10433
5909
4157
5844
4597
2182
9179
4409
11049
2906
10813
9162
5085
11248
11455
5825
10119
7053
5091
3499
5612
4014
2467
9019
10258
8410
6543
3894
3745
10654
10304
11381
63
1050
1285
5280
10829
10169
8638
8779
1890
3464
5083
6743
308
4186
6342
1933
151
4118
70
230
1222
8804
7226
11298
9635
4141
8390
4099
8777
2978
5460
4351
9571
8448
9620
8965
8848
6273
10834
4784
4589
900
5659
10586
5629
7531
8337
3396
3136
7727
1733
5029
8652
9055
10863
1301
1410
4723
2399
3355
1424
4083
1515
6603
6751
8327
6454
7317
6056
7077
1173
5203
9999
10444
4980
4538
231
11203
4321
3314
4976
9086
2240
7659
4226
6339
8001
11675
3111
11737
2245
3486
4441
3106
10322
9368
10449
8346
5608
113
539
11860
4175
3437
2908
5287
3265
2570
751
3531
9464
4166
2172
2271
9732
11909
640
4276
2197
9454
7645
268
10998
6984
3639
11705
10220
8419
2665
10644
1666
122
2425
1011
1031
8630
9549
2212
6354
1975
10081
503
4543
3297
11111
4941
120
7520
7655
3088
4587
1697
4969
8009
7350
3010
3854
6825
5718
1800
1940
638
1798
9498
8068
11147
3108
4523
8244
2008
8441
9424
10296
5631
5845
9658
5228
10139
4910
10883
850
4792
10978
11919
8187
11508
11181
7772
3447
5227
3467
873
4550
4796
2959
11774
8276
1925
9114
11749
8044
1414
4818
8197
10734
9770
8963
10026
7051
9936
263
11161
2515
7266
10768
6141
2048
6735
10618
9943
2799
8883
10484
10015
3961
6528
9673
6798
5129
2225
11872
1190
569
6922
5211
2118
8243
7009
10039
6752
588
8198
2012
2717
7318
1236
3239
589
8627
8377
10479
1653
10561
526
6858
10247
11708
10634
8535
11668
815
10455
6714
6809
1855
7516
4430
3059
7134
9447
10769
11865
1881
6158
4402
2282
7294
2975
10802
7002
2171
5782
6224
8980
1567
8903
9665
7785
3797
11614
2050
8830
1740
5496
2163
9601
5879
9057
9221
5905
2032
985
3957
3227
5633
4064
8974
5537
7358
5205
4453
377
6166
3429
8372
779
5542
6475
3647
2114
11700
8945
7361
2000
6723
11750
9797
4924
1174
8695
4974
1896
1461
7974
3949
10835
5081
8655
11564
2782
6457
9457
10194
7693
10373
5785
8482
1898
5933
7748
4845
4848
7964
8270
10466
5912
11454
11873
4303
5755
7977
4605
2527
10279
8386
11276
11728
2853
431
10977
11874
10992
7658
6461
3005
5330
4812
5582
3841
8975
4798
9363
6538
3441
11418
7389
11828
682
1140
1370
2554
4254
7842
445
3652
1353
7431
7526
9701
10318
7808
9073
5462
5295
6726
510
7581
10897
8447
4394
6155
8222
6590
11629
7125
7600
2893
11803
10125
6592
4331
2998
2183
4074
7546
2871
11900
10406
1573
4872
951
2559
429
9238
961
5617
5851
6722
5920
723
9991
4824
349
10219
2971
652
10668
7687
919
5554
8572
11222
4462
10831
179
5927
6072
4968
9884
7690
10086
8728
7333
4776
2187
11280
3748
11077
9087
7777
1876
10050
626
8606
8088
1292
4029
5428
7692
10627
5279
9146
9316
1956
11344
10098
5967
9100
5374
3264
6703
8609
4659
6105
8449
11459
6066
4825
3686
4282
10047
8445
83
9960
7611
7363
6963
6747
8992
7891
206
1085
8239
11016
5146
2495
9151
2745
9094
2309
2096
2255
10245
338
5672
3880
4301
8079
11236
8927
8569
7950
9648
628
9867
11562
7966
8929
9293
7573
5684
2493
2865
1997
2442
11599
4999
6452
6352
2875
2687
2498
20
7295
6591
1525
1650
11670
1868
502
9544
519
6399
9005
4204
7302
3597
7466
10430
11279
5958
5975
1086
8613
980
3192
10807
8344
7259
6108
6491
7131
3702
10592
10750
5491
10979
5916
4201
1026
9843
5426
785
4699
8160
2136
6328
9869
8473
1083
4602
7039
3918
11040
3471
11756
3817
7097
4540
6926
10190
1506
11281
107
11269
2387
667
8164
625
9410
2735
6148
8370
5015
10301
8870
239
5068
11729
6017
7457
8289
2569
6301
9545
7652
11215
1929
716
5032
5520
4746
6244
9173
247
852
2505
7591
3272
3480
11741
3330
1768
1927
1035
1180
9837
6024
2001
10157
10708
9612
10483
8820
744
7667
2076
9480
5692
10378
3275
4786
4577
4545
11913
4520
4196
10732
8293
1593
3155
11538
8110
8176
2648
10626
11274
170
2080
8603
806
11135
7444
9780
6585
1901
10352
10601
5293
4750
9416
5132
10410
8637
4992
1142
235
6483
7113
8882
10465
7063
3592
1341
381
2471
1953
11176
8716
8433
6927
2191
10595
10637
5516
4726
1756
9774
10527
8626
3187
6693
9746
2797
7660
10509
11410
10485
1894
5687
3348
6045
8275
11688
6967
3152
5880
8360
11200
191
6061
5621
2253
9968
6529
4860
5675
7075
5838
3734
7301
7231
7437
1900
1330
7257
8115
10123
793
6909
1106
5382
11404
6057
8770
9110
7915
10137
9329
9147
10868
6363
8540
6623
10097
8249
2669
3286
10105
289
1338
747
7583
10272
8953
11692
6879
4892
3798
9629
5551
4741
2601
330
3231
2892
5854
2748
3315
5988
1699
8718
1148
8977
10675
11180
1877
11446
5928
545
11551
7093
10326
10357
11243
1433
8997
5275
4395
6997
8831
5578
3066
7448
3945
6558
5948
5494
11257
10593
2981
7620
4710
9272
9247
8969
9972
6633
9012
9224
6235
4149
1480
1129
5555
3513
3517
9202
3794
3529
10852
3336
940
4273
814
8261
1053
11725
4946
4696
6373
496
10566
10461
9159
3643
3698
4398
331
6885
11517
3496
1123
9703
3065
7484
2310
11033
4194
2948
3906
3788
2269
4585
2821
2106
3093
7637
8752
10971
2840
5784
251
6184
4211
4735
15
8778
4069
9297
2611
6671
1583
11348
7781
9370
10874
8333
702
3247
6790
8256
8371
11166
1477
4715
6980
1510
1048
7255
3328
8751
7555
7062
6863
5326
2415
2260
4385
4640
3408
10106
4570
10476
757
2933
339
2770
3767
4613
8594
4829
1620
1674
8335
7335
559
489
7662
9879
11363
3846
8251
8059
878
8184
4107
2586
6557
10783
3916
2122
9764
6728
1110
3260
8025
9607
1146
4384
1437
7786
1318
5365
604
8681
764
7099
1425
9473
4843
7837
6192
6851
5991
1306
11544
3986
6617
11485
472
11780
1415
9133
11022
5726
5418
6791
4349
6294
1394
3908
7665
763
8957
11817
6874
8785
7000
10677
2153
1913
2800
2822
11597
3135
24
8933
6026
7843
163
8826
8556
8546
5425
2447
2209
1488
4439
8389
10999
5271
1775
4332
5141
3569
922
4073
95
2233
4668
6674
7733
11622
7639
1356
11057
4705
10579
30
5373
10545
2791
257
7366
7313
7241
7068
2169
2947
1852
6780
6897
4047
7080
8632
6122
5123
4316
9165
6093
9191
9442
327
2744
7297
8581
9291
226
6054
5750
4207
1867
9886
9301
203
11096
7041
613
11438
9782
9497
3134
6089
1475
11154
4473
10535
2539
3701
1004
5843
9699
4557
9743
11659
4457
6730
1045
9526
7425
8209
6336
2198
372
8735
3687
7818
1513
1915
10741
10832
474
6999
10605
4050
1619
6940
11259
9803
10360
4610
5527
591
6925
6637
1744
11878
299
4708
7365
2298
2402
483
9619
5003
7427
6449
7146
238
8394
6966
10508
5989
10156
10394
1667
2790
4982
11534
10354
7897
5071
7967
7258
2258
5411
11907
11148
869
9566
935
10539
3223
4573
9738
5996
1118
2720
9717
2307
10112
9909
2936
630
1060
11815
1025
3022
6814
5304
1024
3113
144
7708
6473
9226
6563
5240
1817
3309
7357
5611
7248
6913
2753
408
1372
1966
5158
6750
9731
11132
2545
8299
1309
1993
3153
10365
8662
741
4853
4342
1229
8241
6351
577
10753
67
2558
7901
11594
2390
4895
758
5281
10241
2355
9729
1251
7824
9723
8032
11314
644
7698
3755
4101
2983
3375
7374
7321
11328
619
2686
1305
8984
2663
7602
11834
8
10273
121
3394
8702
3279
4505
1136
9946
2810
1440
2969
9958
7116
3870
5406
4484
7798
11193
5445
9349
7021
464
11401
3974
6415
5970
2288
8972
9121
10488
10608
7459
8186
1797
7477
2530
1772
952
9957
8678
8873
9400
7884
11127
6804
10836
5094
11108
3310
2352
9981
8425
829
5548
8639
1646
840
6844
9336
48
8964
5944
5327
