1857
3436
6514
2980
605
10039
11473
6369
10323
2772
7131
2356
6943
374
3070
11652
8069
8955
8375
9490
2292
5628
6367
6685
6912
4810
3781
1366
9653
11387
6073
4276
574
11257
7353
2246
10478
10054
9489
7051
27
6163
2332
4334
6995
3618
11367
2826
59
3041
3521
7940
5624
9535
11645
10615
9661
3053
2186
4504
6573
9091
8987
616
10082
11804
11393
4920
11099
7075
5350
2825
4077
10993
5267
9322
10326
5495
10047
6212
3345
3746
4358
9476
7121
3441
5123
9482
9818
10751
2423
3252
11095
3381
450
3939
9334
864
3150
8907
4236
10634
219
8573
7848
9067
5924
3125
6900
1997
7645
6441
8702
11646
10240
11434
4226
9111
1964
8949
1367
8125
11237
11808
11248
10117
8245
6112
2899
4751
2592
9667
10204
9699
6742
2386
10734
3808
34
3175
724
8888
11210
3513
10818
4110
10181
8480
7155
5420
5724
4925
4760
3195
5583
3026
1273
11848
8156
1010
5865
4782
6315
959
10585
11235
10337
11748
5748
7012
7015
1001
4227
1978
10903
6859
6020
6521
8360
3013
9840
7317
1968
6542
10662
4655
1380
3506
8392
8152
7379
8677
11854
2272
8928
2025
7376
10148
3068
2741
5664
2942
1621
11526
4960
9338
3001
9954
710
2700
1837
5861
7966
839
11499
4339
10330
3210
982
6863
6376
9347
7330
3711
9238
1618
3326
1981
1868
7877
7554
3737
4854
2333
11337
534
6572
3661
35
10249
5517
697
2344
7269
8777
10028
2968
5413
2841
9722
10266
3659
8761
9719
7596
8658
11614
6519
11016
202
7069
1640
3708
1518
7756
8295
3294
6694
6407
3666
6126
3262
1354
8489
7971
6874
8000
2112
5894
7134
10375
7611
9161
1919
2957
1637
2626
10584
10813
286
8338
139
11692
3510
685
6549
4318
3273
2554
2976
2557
4945
2369
6612
9953
10680
458
5827
6034
9700
7114
11584
2527
4896
1298
1703
1608
4868
9732
187
3459
3301
3140
5580
7247
7492
3446
1453
2476
11923
6663
2513
5915
170
10996
1393
6949
1487
4093
2394
11378
10497
7870
9823
11371
1008
10492
4172
10592
4506
479
6067
8344
10158
6287
8102
5489
2789
5383
3575
714
965
7977
9060
8513
4918
3178
8060
6147
8794
602
1656
7657
9301
1350
7822
11061
2417
10725
11103
10221
2234
1003
6659
465
3356
5911
5792
3649
8172
2290
10595
7233
4447
3113
1717
6003
3161
2108
11869
1738
11826
7591
1928
11359
2992
2283
8064
721
2679
9932
1626
5115
8275
9134
10372
6373
7149
8767
3698
5974
10988
174
5076
2111
7327
8561
3267
156
1131
3224
2713
11255
1747
7783
11809
3922
5606
7852
3427
9455
5569
11595
5027
10076
577
7386
2079
11606
686
2671
9210
8699
5089
2120
3786
4737
6914
5947
4661
11873
2677
1299
786
4235
4720
7801
8297
6811
10399
7437
1137
2625
11153
11882
8382
2668
3537
7270
1881
5283
376
6975
2494
9731
1489
9501
10006
3225
11860
2032
3444
9765
10879
1405
6670
7139
2695
1065
2734
7120
7621
6899
152
8530
1519
442
9831
7046
4999
5376
5835
9320
9560
10895
7549
899
1510
221
9959
10164
6800
7545
218
4352
10017
11651
4879
6983
8776
9968
8435
8081
1159
6674
5585
2267
2123
2519
1736
4729
4079
11920
5369
7312
7030
333
6901
11503
2583
2597
7748
1019
3773
11510
9092
9452
8546
4101
10419
6834
1559
8010
5991
10078
5755
2452
1372
5405
4866
5129
11594
4594
10417
9382
3064
11329
1646
11687
6022
104
7809
511
11281
2109
463
38
2171
124
4363
1247
10230
3753
17
1230
5511
5017
3047
4646
7195
7727
1461
141
5816
9365
601
7043
9010
5759
6966
4241
993
11880
6941
4768
6477
6489
1846
3438
1977
11305
4402
8883
5806
1109
6419
4062
10350
7397
7453
5103
9614
11216
2520
8728
7736
2624
9252
10319
3351
3602
6149
10283
6533
8524
9129
4403
546
6408
7474
8552
4163
9929
10328
3463
4135
1005
6061
5045
793
7799
5554
658
6255
3882
4314
8424
313
2313
6184
1138
9268
7084
4882
2367
4677
5287
5193
9368
10109
8135
7052
9198
6326
9664
958
1122
9038
4323
2023
5145
9792
11546
5363
4213
8074
5574
8862
4060
9972
2403
9897
1432
5256
2266
9969
10950
6188
7341
539
1916
255
2017
8097
4277
10790
8194
108
1431
10768
775
8334
10469
4023
5263
10210
3253
9509
8250
1268
3299
10605
551
11106
10640
1326
3412
6459
4618
11631
7525
8717
9412
3071
4175
2796
210
11088
2293
8647
287
5946
1381
1012
2104
2124
9138
8490
2161
10843
10873
10404
5191
6247
9615
540
663
9110
2091
1794
8349
2330
7791
11124
10554
3160
9725
7897
2074
6860
5782
6954
4713
10682
10071
6243
6406
3749
2320
7735
2528
11635
2051
10009
11899
9620
4853
9766
7899
9400
566
3982
3333
8926
11299
10336
8016
1731
10442
6438
2914
3496
9685
3030
7002
6176
8809
6626
11577
95
6904
7344
649
10652
9530
2904
3896
4357
7864
2877
4883
9390
3422
969
9510
2247
1790
2466
11892
11172
1141
670
4613
7172
7127
2451
666
3499
1027
7738
807
7774
10601
2882
6473
4531
8680
10504
2794
6969
8464
5777
1674
4725
1021
3946
8114
10555
11778
9068
11800
760
5723
11668
8723
2617
485
5133
4489
15
7391
1214
7640
5228
911
10930
4299
1948
1590
6928
6002
1067
6235
10259
1260
2428
4017
4078
692
10529
9752
9430
4425
4516
7670
7843
5990
5980
4155
1245
2901
9143
2790
2056
10138
3637
6721
9945
2696
5501
7073
10084
2030
3236
3372
9260
9992
6936
3562
9658
3468
1704
10051
1042
1752
8915
9024
11009
8708
3532
2444
7406
9340
729
2993
3891
2011
4063
4944
3456
436
4304
5357
8301
10229
10021
5862
5411
11227
5296
5126
3313
10118
8674
1114
10276
1030
6821
1533
3928
8282
6026
6455
2427
2567
9308
7443
7256
7871
1272
9188
6380
6177
4559
4654
2536
334
1911
2118
304
11737
2014
11749
7531
4627
3104
3641
11090
6630
8940
8268
2382
6803
5122
8830
3434
9635
2001
11271
4064
806
293
11
1740
8752
744
2009
7751
222
4630
7230
10277
8407
11777
4199
1773
383
7148
6686
3525
3134
9360
4423
2710
3807
2405
7485
1693
11195
739
5593
10894
7335
2598
4139
5976
7431
1000
3266
8961
2979
10176
11169
8272
5336
10983
5790
3504
7838
4709
10373
10745
3991
3598
2591
2590
11498
11221
388
8579
10809
6632
7521
5302
217
11125
9349
1848
6205
7163
7931
8352
8364
11132
4338
5291
8093
4931
11243
11516
7789
2308
140
8381
3095
11266
758
542
863
1870
8399
268
3409
192
10775
241
3741
8535
11074
4109
6557
10962
8321
6226
4601
3714
6290
9868
325
7245
10161
7824
4242
5732
2822
6092
2705
5864
1087
6313
11919
447
11916
4842
8999
873
5602
6574
9039
8911
4098
11544
7319
7169
6133
2920
974
8306
7613
235
11863
1856
8184
2837
7094
1234
5750
10339
8248
4695
5113
7776
10650
8663
4738
2648
412
2571
4211
4761
10833
10044
10684
5766
11786
1950
2472
10473
7440
7205
2087
837
5545
7726
1629
10731
11679
10679
2153
8531
9218
7581
9200
6818
51
2349
5881
7561
11551
10043
1378
8844
1675
10385
10798
147
10453
9341
6924
1555
4405
7592
1769
7343
5965
6245
7683
5869
11908
2751
2946
11008
5918
11466
5141
8336
9858
8280
4985
1803
3234
5384
11557
898
8159
6719
129
1502
11312
11639
3423
11894
6725
2676
4016
8854
6254
5908
5677
5317
8468
1017
5060
4508
7697
4202
987
6654
4008
10919
168
5744
7785
10494
10053
6988
1103
11110
2805
2953
5460
3779
8901
527
8679
10206
6292
6831
8331
8226
6151
10616
4
1902
4364
7662
2196
10172
8267
5294
10674
11423
6580
8736
10108
4129
5000
7905
11319
6667
1535
11828
5132
7732
3237
10066
4329
3256
295
11366
1342
1908
6754
5516
9288
3197
2255
2981
5480
1392
1070
8596
8150
8865
8507
9460
6066
9610
1355
3005
10758
1485
1079
10365
11437
11399
1323
5143
6522
10868
5640
6327
7334
4614
8166
7255
6057
11015
5117
5024
9312
684
9215
2439
6947
1939
10586
975
9249
3769
578
6421
9998
4680
6540
6075
9647
4964
7186
1862
7044
7896
3610
4461
2151
10816
4365
11688
6740
4747
7286
6200
11440
3085
8196
8619
5731
805
10547
6710
5617
8195
776
10599
7588
1488
10367
2812
5343
10095
8068
3836
11419
5104
771
9743
5883
10224
3387
3096
4759
2928
4007
2456
7289
4274
5787
3348
8073
6440
1343
9440
8712
2665
8224
1598
2509
10839
9632
11433
5358
927
6622
2300
7590
5497
5490
8623
3627
6078
10753
6471
10566
7858
1850
9035
8750
11200
2771
11715
9842
3126
5662
1075
1162
4134
10770
6356
698
4706
500
9528
6303
5429
1581
9627
6196
11355
8351
5600
6266
8563
4449
6952
6297
9077
5242
10362
10467
4719
5257
5050
3172
8292
8222
11907
11066
1039
5467
7215
438
5729
921
3567
6366
6
9005
5896
9016
200
3431
7718
1015
1283
6984
8946
8160
10511
504
8986
9870
2142
9346
324
8167
8694
4864
11180
11171
10001
712
5887
7416
2620
8244
10784
3827
274
9799
4222
5629
600
3717
473
5571
609
7817
3686
11206
4029
7773
10298
11458
779
5609
10932
2270
656
11018
722
5854
36
6397
9711
11155
9266
9377
11201
8493
2765
11896
1987
9567
869
3901
9328
3243
2662
11769
2539
5499
328
9636
2116
8061
260
9336
6856
10801
3557
11570
5326
10391
10061
10088
4443
4739
10121
11258
11136
10457
3337
5685
10005
10363
2652
19
2566
3083
30
756
5422
6215
8796
11470
4967
1221
9367
4161
3227
10295
3124
4430
11534
4427
7198
11488
3148
4813
5014
1152
3704
6917
6756
10861
5882
10346
7575
3981
3897
1766
4658
5785
3820
6399
3558
1931
11597
7293
7844
1250
717
10402
798
6396
997
6090
5180
72
6946
8781
4897
9117
5909
908
5903
2058
9036
8443
11501
3863
2166
8788
3961
7100
10381
2559
6566
689
7495
10085
477
7743
9316
3593
9712
6316
2309
6413
6233
3980
4259
4362
9155
10524
637
11893
11150
947
10030
9916
9311
2190
5528
1430
2912
5146
9081
1614
7212
8042
10208
4182
11096
4469
2443
4051
1898
10059
5981
6124
3826
3673
11262
10959
5421
2347
9572
4136
8881
4835
3665
9318
11326
6414
1811
10867
6490
10411
10850
4549
3046
2146
131
6044
6570
2748
283
4452
4090
5846
8178
11736
10748
8425
9314
2249
1151
11165
4998
5943
6305
9855
2048
501
8540
3503
9107
6562
6185
4497
8856
3626
2139
6858
5581
467
6277
971
1641
7238
3780
4125
6286
7028
525
5805
5733
9078
2005
1864
4530
1726
9426
2418
11914
1150
11832
3983
5364
2045
6102
8956
7792
6384
329
4092
2156
8556
2799
290
10408
4635
10263
248
1992
3405
6619
10630
2605
10834
6093
11046
11663
11612
3630
5796
5742
1741
10141
1989
9114
9052
6722
472
4372
7461
10480
8179
6219
2956
8400
10094
2319
2538
4996
5906
7323
8713
10655
10785
8942
4492
4283
4104
5828
3838
4271
1136
4346
3029
11295
5218
7904
4886
5087
11905
10542
9002
3268
3582
7338
4168
120
2565
10371
5304
2181
5447
6561
10374
7746
8205
10657
5845
11242
4917
11493
1258
3978
3851
5803
1177
4272
8523
2296
3044
163
4359
9583
1730
2813
9304
8092
2416
9617
5956
2273
2310
4700
5373
3689
615
651
5351
9899
5655
7644
7013
10072
8035
8420
3999
9603
10807
10989
2489
6541
2774
7745
6905
3293
2143
9023
7112
11438
4727
2003
6872
2189
4642
3854
5179
11598
6665
11229
9484
832
5558
8209
2430
3346
10971
1946
8251
2621
4692
8283
4245
1347
9158
3616
11039
1484
6871
1760
7524
5509
939
297
2339
1631
5241
1527
9742
5368
1553
3729
4592
7790
8031
7652
682
10632
3500
510
423
1548
4195
10124
1959
3255
2752
3445
10860
10386
11467
7851
484
10401
3788
4252
2380
11725
3004
3105
3478
9526
6072
11398
244
6592
10556
7396
135
9721
3316
5812
4039
2294
8669
9570
8880
9728
9179
8521
8514
1311
1988
10377
11051
8760
7547
9965
10020
5553
10823
9014
2887
881
5049
4184
6433
11671
1635
6618
2212
4505
660
9379
5370
3950
4990
10882
11134
10014
7
10720
4643
4210
10844
4165
9099
6142
8620
1662
1077
1698
3523
3370
8692
1475
3839
7680
8562
9258
5031
9247
9997
9244
6923
8970
2007
8434
4435
588
4649
7093
5735
10678
1423
8953
8537
10822
10676
7473
1561
6055
5107
3709
9000
11538
2631
1225
1445
5873
11063
1052
9777
4644
10706
10828
11462
11030
3231
4249
9028
6773
9764
3535
1712
321
7243
3416
4337
1974
3906
1088
6186
8126
8795
3274
4086
4678
9703
9824
848
10832
6797
7724
5134
6950
5440
3108
6308
4048
8832
6771
4128
11787
8588
5355
5408
11223
1292
462
1944
4571
3394
4254
9942
7231
5728
9935
10722
10590
9029
8768
1375
8185
8534
8457
4433
6920
9496
6933
11351
7106
5847
6597
10840
586
9149
8749
4978
7252
1368
4533
3052
10097
6753
11426
9327
8632
11035
10447
10786
6159
4767
7264
11656
679
7254
10625
5282
10080
4457
6363
10393
9487
4723
6271
1282
7518
278
1232
6553
1220
9231
11373
2995
3959
1364
10079
5360
8836
1879
7936
5434
8763
2089
5093
4955
1165
11836
7729
2484
1737
6807
10799
10154
7130
3295
6664
4124
3633
4263
7570
3954
11350
10523
7422
8070
2879
1545
6802
1705
514
9695
2281
6386
5769
1706
291
8049
9931
93
11793
25
8487
10965
6808
6330
10463
5925
10878
11441
8277
10926
2256
7892
780
782
10656
10749
11181
1727
8906
876
4407
7446
9102
9380
7523
1932
6423
5697
7042
2399
1235
8687
11408
4734
3998
5195
11676
2853
5068
7355
3322
1743
9670
6001
2888
3672
5972
10817
750
6960
5702
8724
6747
5900
10951
5051
10410
8075
1064
8303
4293
7706
2070
2110
2187
1447
6301
10026
6727
3697
4331
6511
1753
9625
1906
6350
11930
10846
6008
4973
11665
3330
4332
5530
5067
10227
1529
2523
4543
2231
530
5919
7684
11222
1853
8904
5954
10063
10146
4948
5603
11497
4865
9657
1804
5232
123
8700
4844
2411
10429
9898
9834
3332
3072
8258
7589
6190
5435
5860
4811
11409
8508
5955
3971
5455
8116
2883
9547
9736
11199
7702
5740
7672
7191
9361
3318
7902
10788
9343
7879
7499
1456
10251
159
1952
7119
9609
5277
11727
841
5245
6883
5074
2350
227
8894
9425
3271
10272
7218
9973
4150
5502
7241
3715
603
2522
1937
1458
1163
1542
10205
11629
10976
10207
1886
7872
11508
10022
3784
787
2709
7752
2134
1338
4552
2988
9545
3363
5414
11254
8327
1102
10256
10646
2200
1585
9471
11509
9135
7166
9771
5683
538
7781
8174
8624
10213
11055
3327
1718
6596
10311
8394
3391
254
10257
1056
7926
10911
7141
8731
2414
11025
6786
1201
990
9740
7939
4389
4310
4881
9690
11731
770
3037
460
2039
7669
1983
10787
8690
5757
10763
7698
8312
10782
6868
9843
11603
11764
1382
10479
5643
5253
7720
4898
8462
7884
4201
10946
5334
8905
4817
3843
11695
4873
5503
8981
508
9733
7176
5800
10598
4471
6182
10395
9399
5591
4309
845
1411
6274
11699
11711
8543
984
7826
1336
556
1517
4676
11857
5813
7860
8727
1038
3690
8454
5669
493
2027
7580
10501
9326
6033
11476
7220
11038
1920
7651
4261
5612
6349
2483
11158
1999
625
5929
10891
11868
5184
607
9498
4470
11217
69
10508
4962
2682
10991
5871
835
2162
4843
8188
4796
8754
2911
10939
9755
2861
5839
6478
7687
4398
4885
7779
3374
5181
8861
2230
659
7490
166
7466
4510
8718
4088
5867
6195
9
144
11732
1596
4617
337
2232
6766
11535
10495
7088
7615
109
6454
3860
9944
2495
7914
3232
8299
7771
2055
4191
2586
3082
7519
9265
1754
5694
2358
2726
4030
7493
10194
3168
7875
5949
5804
5061
4988
9698
10344
11752
9370
621
10258
2694
878
2360
9438
33
2518
9108
5077
7874
9209
6750
2845
4517
797
8482
7562
5905
10499
7980
11886
3524
8979
7478
5674
4789
808
8137
4157
1236
9847
11029
4207
3466
3257
5594
11439
4258
5252
7171
9716
10583
10347
10104
9991
8055
8567
8997
3279
1827
6339
138
3196
46
3115
1929
9353
7888
2674
5986
6197
11811
2572
2847
10558
1306
10116
243
6458
2457
2534
28
213
4653
445
9951
1377
3988
5247
3481
11309
4289
10594
6817
2026
2656
2895
11575
7542
9911
9145
1297
11043
11770
11168
8510
2660
882
11780
2670
8009
5226
3644
7627
9469
10384
11347
891
8772
1994
5034
3228
10338
1166
4901
10582
2654
10476
9782
3123
10539
9497
1255
9964
2465
7234
6690
122
1644
10567
11638
11618
5019
10651
9833
6246
11609
831
320
9248
5601
4223
6167
4105
1554
8376
6324
8800
4752
5171
1055
1728
5248
2317
8040
249
9371
9263
4645
1146
6275
8255
11520
9621
2245
2115
2148
6404
3801
2809
6164
4181
2975
10285
8192
3122
2323
11763
5745
9293
5488
3375
1624
9488
6346
6636
11685
1269
8909
2854
2155
6861
1532
5763
4133
6576
9453
7116
8821
11451
8853
5188
6845
1778
9631
6951
8440
7529
10564
9523
6097
4371
9366
300
2964
10711
995
11230
3802
10187
3992
7420
8686
5791
451
9492
9199
5401
812
9226
823
2869
5046
7037
9534
428
8402
7185
11708
10898
8612
1619
11621
735
3725
3467
9259
9852
4014
9253
7283
5469
5691
1448
8183
2276
4611
769
7063
580
9601
6714
7337
3091
11274
5899
352
3347
7451
5219
9088
618
4652
8873
6238
11218
1132
4080
11562
1202
6218
9250
4923
63
4025
5747
8815
6264
3269
4412
10681
10301
11460
9499
5644
10743
5953
10885
6591
6919
2004
11428
10234
6534
1582
7503
10966
626
9264
8983
5040
8478
1521
1357
11889
97
7532
3278
1361
6881
573
8626
6431
2608
5042
11118
3406
91
5314
8569
11422
1783
2390
6648
8895
8232
9224
9044
2931
5169
7861
6728
9538
10764
9622
1941
8050
10781
6430
1472
9989
7086
923
964
359
2071
9433
5463
5230
7642
9183
11464
6974
2596
2907
9981
918
11865
7891
4626
2997
9096
5221
3646
7098
5260
4954
7320
5308
1180
8628
10320
9769
11529
6223
3016
3612
3629
3943
10856
11753
7511
4178
5448
3242
6443
2641
6320
2125
6388
1907
11191
8651
1363
4984
7869
8594
9049
612
2168
9292
10961
5344
7092
2939
10526
7040
8254
7815
8389
6567
310
5519
4341
8037
10252
708
292
215
65
1360
6764
2184
11062
4034
11167
7512
9999
821
5354
6832
2908
7213
6712
9454
8875
5634
5789
3676
11677
6515
8013
6600
11898
88
11189
7489
3100
6262
1490
5945
860
9856
5957
3171
234
5713
3110
7946
5549
8456
9398
6338
8314
5339
9880
66
3048
9272
5378
4701
4120
5635
5054
819
3691
847
3023
6217
3728
5347
2860
6799
8934
550
8721
10198
7923
8313
9168
4099
9913
9900
3138
4428
9557
7306
2384
1657
3735
10578
10155
880
7356
2699
389
3146
7370
8212
11774
3909
6135
4502
2015
4071
4264
2453
1116
9136
5356
6655
7065
5229
10702
2973
10370
6684
7564
6141
1182
11569
4324
3721
5890
3576
7853
6117
3020
8155
7364
5820
1080
4417
6666
356
10343
7151
4280
1290
7928
7118
6735
3349
10925
10241
2361
3321
10824
10253
107
10165
2131
9559
6140
3014
9329
6768
5139
3536
8522
11927
11212
443
8839
9961
3862
11512
9197
8681
2611
6118
9085
6642
11160
10573
10267
738
9551
1178
10498
8190
3075
7374
1263
8696
414
3512
6084
9186
3219
10166
3334
7535
1276
9756
7552
1609
10958
4590
11457
7682
8006
8834
6230
8001
11330
4660
1384
4581
9937
6559
11840
3970
4847
1243
10618
11657
7825
5249
4602
7636
1274
7430
3098
126
9086
1984
2870
5599
9652
9688
11775
1389
6261
4162
11328
5063
2322
8128
9472
5062
11282
11301
4777
608
8615
9243
10667
5979
7602
6006
1190
354
3873
4548
10168
9786
8538
3914
9584
296
10995
2379
7516
2426
2792
4392
9941
2422
1800
6183
9781
10872
6257
230
1895
9190
11280
5468
10970
2521
9770
4481
10222
3282
7780
11286
2731
11449
2880
611
3825
10425
9053
11093
10957
3078
2729
7830
3488
5008
1398
4534
1465
5642
7371
11554
10848
2471
9745
10699
1167
10826
6362
8804
4344
3388
732
9577
1442
1194
11792
6697
9790
7949
7873
6005
6077
678
2573
1584
7934
3762
8189
3065
339
8492
3320
9299
10912
11084
2776
8691
5130
4347
9389
5967
4732
4547
9101
10133
2568
11904
7725
5932
1541
711
5673
8211
6857
10325
171
4286
7297
5579
811
5523
5207
5167
1650
8401
2645
2062
6575
99
2688
490
2697
11888
4648
631
7253
9673
10345
11490
2902
10123
10406
11148
9439
1123
10216
8807
7565
220
7504
1953
10948
10126
8859
1309
311
378
11228
5196
3480
2366
9436
5687
7605
594
3747
4674
3235
5608
2667
9744
9232
4708
4769
4474
8118
8426
1217
7020
11478
9677
8186
5961
11827
5321
3925
151
6504
2531
11471
2885
7802
3216
9185
2287
9383
4260
10842
9358
11517
2479
10286
1449
8442
11225
3003
165
11364
5880
3830
8675
10670
7510
9182
7444
6401
4068
10314
6082
6398
10907
1893
2541
10303
1627
3568
9443
8640
2
5118
3878
5162
11758
4230
2448
5164
10074
5532
6499
3390
11306
2739
10890
3885
7664
1825
8506
8374
9962
112
2540
5858
6992
3899
4669
5001
9522
2655
6902
3010
1416
5850
4095
11334
11303
2582
3192
6552
3549
3250
10535
10830
4775
9739
7597
10769
11376
6300
8089
1820
3248
4597
7811
1900
641
4321
7543
5083
6765
7758
11332
231
1278
3354
11574
1605
1013
2745
8198
8661
6143
10212
1313
1418
11010
11174
1785
2989
4325
4663
7550
4197
9408
3564
5214
8747
2043
6830
9912
8919
3584
6555
1106
9655
581
4557
10436
4599
3938
6379
6837
3799
10412
4974
10329
9171
11513
2606
2037
9757
2865
3215
8608
8111
2468
2910
9882
7487
3760
4830
1889
5898
2355
10299
2717
9571
7267
8095
5464
10627
148
8056
2406
897
5656
11583
557
4598
9094
6787
5120
1956
9518
1443
6993
6963
3787
6445
8589
4826
8077
6377
9084
10324
8797
785
6911
3002
6543
1652
10819
10955
4373
2165
11092
6267
2706
6672
6211
5131
4390
833
7309
6088
9467
1477
7643
11527
7066
2117
7471
9806
4765
4821
2721
8591
11755
3368
9874
2832
4512
7965
5185
3933
6372
7868
5037
8018
2851
11500
10713
3893
5665
7153
834
2818
4493
814
952
6701
6888
9984
6304
4823
2396
4189
9072
2675
4451
8170
11002
5552
8320
11690
114
4624
1473
2548
2282
2949
9602
2555
2082
8798
331
2594
9257
1651
9925
3173
2385
11884
10568
387
4633
10169
8052
9113
3461
1085
3214
2833
3606
5459
2077
9230
7795
5565
7509
3218
10174
5783
3654
8756
2984
7541
6134
7701
662
5486
199
9590
7385
6979
4513
9529
1713
11702
10608
1858
6646
2057
2633
2768
4290
6450
5402
11197
6357
7394
2170
2228
8501
9902
8622
1120
9702
4584
6998
6328
3599
3244
444
3960
3963
3634
7414
418
9162
3157
7937
67
11644
2438
1186
7887
173
7766
2775
5797
191
3660
2659
6232
2301
4829
506
3230
6426
1358
8604
8366
11726
4240
8043
2797
7769
8276
5390
1566
9608
627
3548
7834
11044
6922
10115
404
10851
7814
1226
11000
7036
2749
505
9734
6683
11375
6114
3418
8584
2295
3455
695
8938
3042
5707
9175
7294
8958
1346
4026
1538
9909
6704
1101
11156
11341
455
960
8950
6656
3764
7382
7948
6617
5073
6547
2321
9295
6903
6424
6605
431
2604
11788
9411
10438
7920
7728
9462
1376
7117
6291
7986
8977
6530
3088
1815
2819
6040
2836
6014
6629
298
3021
4631
3884
3400
3281
2409
1040
3491
1471
10772
6168
3194
7576
3962
3093
11335
10306
1588
1544
2983
5936
3043
10067
77
5121
7916
3555
3845
7083
1060
6046
8341
2060
713
253
8709
4186
1289
57
9705
3556
188
456
7695
1563
2141
8585
8892
3404
4905
4327
6059
11311
3344
1764
9281
4542
8343
1735
1121
3397
9878
1668
6749
3180
37
6341
7273
2753
10190
11085
8072
11033
11658
2533
4975
2205
2072
6439
10838
9970
7049
7199
10015
4485
2095
8163
6886
3595
2128
2354
1849
11480
1524
4388
2486
2643
11447
3944
7281
5446
5432
5331
11232
3607
1720
2824
11691
201
6036
87
393
533
11253
3859
3624
1090
308
3519
1063
10974
3102
11766
6325
8139
6586
7316
5264
3977
9595
3987
9866
7369
7574
4487
11798
6051
1642
4305
4819
11580
7428
10209
8112
8249
9830
10482
8932
5396
4977
10197
8941
1610
11643
6741
9187
2135
2211
11672
1459
9982
3739
9071
10589
4475
1321
7018
2462
10315
1839
8417
1865
8500
5424
5507
3018
6890
5457
2678
10293
4887
8583
3726
4836
7410
5720
2316
7367
3675
7224
2651
1714
2311
1351
8855
4786
3465
4521
5382
3722
1387
9689
7380
794
9848
2834
8310
1271
7618
4021
4384
1462
4409
11012
10619
10611
3163
634
3039
3798
1801
9990
788
7031
7983
8817
5922
11545
2693
314
5262
5738
11203
10196
9157
10440
9254
6122
2874
5589
2336
7441
415
5097
7096
4156
10887
2779
9354
9918
4569
6498
11810
3620
4675
10388
10201
1331
5836
5568
7599
6207
3804
2585
6748
10733
7029
4382
9920
931
11630
7594
1673
7740
8745
4689
10626
10964
3190
2208
7712
10669
11263
411
10855
2206
2229
2793
10924
11601
2223
1303
9261
11194
10596
8157
1949
3650
4546
6957
6708
5801
3179
4284
4015
2016
752
2236
10144
7878
4824
31
10037
7299
8291
10896
8477
8311
11655
3508
90
584
4378
1301
11455
979
2389
92
1855
699
7345
5397
3015
76
7123
2900
5542
7890
8605
10110
11380
3505
2487
6209
9241
8365
889
11418
3360
10560
2147
10503
4795
11021
4490
233
7419
11735
8161
10170
10255
6819
4209
7196
10238
2614
2368
9762
11091
5009
4515
1957
6120
6641
8034
4664
2763
7272
7402
4203
1216
967
5173
6317
7835
3007
5556
434
8600
11080
5033
8397
7929
11581
10881
7967
2357
7707
3486
5984
2773
1373
11267
8087
4367
4620
4909
4020
4141
10979
3118
10130
5557
9988
704
2612
1011
8131
3032
10665
9550
10332
8355
11931
7463
7165
1257
6953
9598
11327
1050
11435
7128
8755
568
8982
7691
10644
3489
5453
10309
7713
7952
1817
10803
10151
4832
919
1613
6996
9184
3797
8371
5793
6647
6119
4972
1647
6017
11674
10513
1403
7555
3170
167
7296
694
6614
5547
7074
5852
9760
2376
5560
74
10719
9741
10754
4888
3765
5320
1847
5261
203
7170
4564
935
3417
7248
3758
1390
9549
8503
507
3258
204
4912
4730
733
5015
7059
2325
4694
6390
7454
4287
11089
4159
8324
8738
7462
675
4158
11308
4439
6709
10175
7812
2828
10068
7076
3086
10468
6156
11539
645
10129
517
9946
448
9206
9406
6410
6309
11799
5403
3724
968
6777
2220
10004
3622
9189
1203
7628
9494
11394
6208
6058
10707
6962
5166
4509
1048
7181
11484
10960
4899
11129
6637
8962
5978
909
10188
8837
4943
5161
8038
4130
8465
7325
11028
11130
7924
9378
9115
9600
441
9789
544
4570
429
2732
5721
4121
11666
1286
3331
5029
1233
9285
10647
934
1379
531
8004
6791
5958
5831
10101
1570
1960
9966
9552
7005
6253
10502
5830
8936
7767
5466
6891
7674
11060
9640
8213
8274
486
8215
9479
5693
8096
3092
10312
6956
8153
6028
6344
10884
7350
7953
9613
11392
8518
3425
9270
9434
4520
10736
5458
2338
2099
8994
1745
11472
4401
3547
11109
1407
11026
3861
3876
11812
8646
4721
6706
5192
5975
9022
4939
8649
5075
9867
5834
10106
1404
10696
9939
3679
5870
6569
1479
4849
8665
1623
4774
71
5278
6204
1744
5204
7919
2364
8610
4270
3608
2363
1119
5671
9849
10917
9779
7448
10695
3518
4072
8685
7276
10113
10973
6673
498
5325
8256
1683
7839
9693
7178
3895
9986
6937
2261
549
11625
10069
3636
3628
7235
3870
9851
9914
11678
10098
5163
41
8003
2351
4055
9687
8966
10580
1934
9805
7006
10340
5053
4154
11116
3707
8512
1031
6087
8924
6536
981
7001
10773
3472
11555
11716
402
6915
6793
1910
521
5210
8625
9061
9414
1991
1887
7709
5431
338
3664
1147
10952
8322
11003
8058
829
6076
5879
2924
2408
2222
1305
323
5365
4846
5551
6265
5090
7339
4066
4214
5829
4312
7601
82
1054
9952
8850
10700
8889
1295
9473
4022
10997
901
8032
558
9055
4567
11615
2636
5142
7047
11265
10859
8046
3329
3942
7072
9508
8603
10459
4477
11037
10636
6173
11696
5020
1649
1495
8593
4672
4131
5223
225
5514
6602
3738
8841
8630
7133
4193
1809
10527
10724
10661
1625
3183
10342
7292
5821
528
5284
470
145
1332
9626
8261
6658
206
11582
10012
11268
10534
11121
3495
6971
6160
5681
11316
5705
5416
6336
7579
11650
10149
8220
3534
5471
8954
496
9422
3514
1139
2737
10003
11820
2878
2716
5510
4333
5689
5563
7363
11485
3594
12
2429
1587
6144
2785
9542
7435
5155
3864
6079
7807
6354
162
8448
5392
3520
11279
7342
9405
3249
1229
7308
9889
11579
9924
8428
1074
10254
7798
4042
4194
1571
9533
8030
7249
3828
1072
4607
273
7803
9331
5695
1599
736
11454
7288
1891
8387
6938
1843
11294
366
4298
6415
1648
5616
7405
613
5546
5526
6833
9863
7819
1951
1096
4143
1840
6493
716
288
3263
11496
4681
1324
8843
4735
6472
1936
2225
181
7975
10422
9697
6627
10698
10643
3831
7061
1467
1791
8748
8947
11288
10112
1111
2932
6285
8086
9955
1749
157
2144
9642
4328
4422
4479
828
10092
2757
2029
7228
5762
6333
11314
1128
5338
10836
8753
4047
3681
1402
8047
5923
3812
10486
11704
1851
761
9432
1454
5275
7060
5944
3165
7067
3246
6987
9581
885
11706
6677
3159
9641
5047
9196
10793
11416
4554
6584
11296
11721
4860
2233
5799
11432
7011
9089
6864
6231
3167
301
9747
1365
3169
10472
4053
452
8732
6918
9983
9424
3336
2370
9037
6281
10740
11932
8390
754
11300
10947
3806
11290
1512
11391
7796
11634
5541
1699
6236
3546
10982
9105
8544
2511
5604
4532
5712
4361
2830
4803
11071
3164
4580
3720
6758
5746
8451
2449
251
68
3924
8239
9895
4188
6759
6537
353
9515
5633
9726
9606
8819
2663
10237
3494
7398
6535
2217
9013
7517
4205
9491
7242
11041
10802
8147
7794
7399
2940
9153
11284
7508
10024
10808
541
10791
8238
1412
8012
11179
2970
5701
7197
4118
2990
11909
3382
1509
9987
10250
4282
3191
9042
3965
4808
11082
8395
10268
1615
11910
4244
3450
9591
10089
8990
2769
2868
246
8216
11209
7387
5907
3693
5439
5438
1288
8115
10163
1026
1667
4862
10211
6108
10153
8831
3280
6027
4273
2784
8662
5802
8785
4024
11407
9423
9150
916
3145
6213
6276
9245
10394
3586
11292
1958
8648
10635
11126
11714
4726
8495
1170
1374
11576
96
7823
2020
9007
6520
10275
867
2959
11926
2876
8636
667
11208
10127
9934
1494
2279
437
2036
2842
6744
4246
8951
3051
5872
8502
9466
11259
8993
8637
4665
10414
4555
9427
11261
9922
9364
11874
10693
9221
11713
1317
6925
5128
9315
5323
10029
5718
3239
1767
4878
2960
3522
768
3868
2552
7360
6967
7479
800
7113
5374
8642
10811
10607
4745
1890
7520
85
1098
2078
6609
6106
3264
9463
10075
11184
10102
1813
3752
4212
5412
8511
3319
1691
3695
854
10348
5135
3325
2315
11925
8132
8026
10602
2286
6412
11011
10274
6273
10977
980
7146
44
435
2916
8481
745
9483
11204
778
1424
10366
4935
3561
859
11842
8621
5086
2918
8415
3553
4498
4941
6851
9180
8577
6484
4115
1875
4816
7656
10757
9214
2388
8933
207
10193
153
11247
6662
10202
9749
4544
326
2817
5833
11127
801
617
1611
3778
8571
1525
3934
11431
5788
4783
6804
9008
5667
2978
1632
10570
8411
345
11059
1415
11717
6593
5057
10387
4455
6841
8098
6145
10200
150
8816
7585
6480
1256
661
6314
9915
2610
9901
3275
2764
3687
4798
11357
5999
1095
1284
9827
229
10413
2437
4966
9163
11750
10514
11475
5144
10509
9958
1329
1884
8860
7622
2033
11701
4308
9298
2046
1413
1638
4013
3566
11321
7704
10287
7930
10140
4354
9125
851
8002
9342
8885
11176
1520
8164
7347
5901
7081
5666
10978
3550
10776
4647
10435
3229
3898
6368
1385
4434
4137
6926
1428
1986
6083
9056
9151
11401
9392
9651
719
10428
10421
11596
635
9444
2593
3112
2176
6578
7806
1093
7494
9825
3101
11821
6098
5838
8452
11163
629
7321
8758
5465
1755
942
7465
11846
9828
3759
342
1155
2795
6885
7991
5684
886
8065
9449
7777
2239
8323
11649
397
2352
9784
8333
10147
1762
5930
4335
3718
6508
4716
2526
10008
4081
3886
8968
5293
3923
4922
6781
1634
11007
9517
8278
9345
932
1786
11114
10738
3062
6705
961
7558
9948
11623
1578
11215
10708
914
10317
9573
7881
8218
5319
1157
3158
11730
1242
7302
1224
1426
3373
10835
11320
6240
9059
11924
461
6248
928
2838
9950
10038
11605
10223
8206
11637
4666
8757
8236
5506
6644
11744
6334
11474
6089
258
2263
10232
5124
6444
10269
6282
6237
6074
6913
896
6417
11036
5456
3383
9520
5212
7329
3706
11667
6284
910
10281
5815
4040
3343
2714
4968
2326
5987
5725
4733
10759
7557
3291
4820
346
638
9936
2743
10292
4741
1526
1725
7571
2831
5726
11143
9512
9813
4250
7229
1963
1504
5559
10892
5156
9333
3719
1686
5443
8225
6086
9394
1531
9956
10191
8265
10762
6736
2510
7087
11776
2702
1304
6139
9074
6449
2917
7491
5395
5387
7268
318
11632
6699
640
8223
3727
874
4556
8408
10992
3816
994
3226
5375
9885
6043
7109
7154
1397
718
11448
4870
4995
6895
8121
748
8467
9275
9173
10533
7038
8181
6524
5069
11530
75
6789
8515
6930
3563
11642
8328
9575
6128
11741
3090
6916
523
3205
1507
1176
2934
309
2485
5298
6210
2905
9478
6259
6652
1422
11929
237
564
5771
894
9106
9797
6007
1333
280
9864
3754
2725
11823
2835
11507
2275
843
3116
11372
9356
8171
4032
10577
10967
4550
1812
10506
3217
9576
11837
2708
6004
5749
11851
10448
8597
5754
10712
10865
7945
9872
4636
10814
10302
3430
7291
3565
2862
8359
3286
11141
11881
4785
6103
408
8733
6615
6842
3875
9723
2179
5741
1607
3609
8491
7647
4429
6178
3439
8627
6510
9079
7641
4301
5897
1094
1622
5491
5613
2811
11525
5290
11414
4595
10931
8466
7287
10484
2154
6081
5271
11794
9064
3670
8737
10552
10641
861
11709
2182
11338
3658
1181
2894
1036
5333
2661
8151
5205
4432
5843
9717
2505
4965
11588
272
5650
10424
8257
6635
5575
9193
130
11591
1195
10114
10304
1777
10446
2982
3949
4454
10083
10812
9774
4190
4233
8039
3902
10956
5832
7175
7629
6828
777
3581
10073
5112
3424
2237
11123
6224
7202
2106
105
6476
6794
1006
6604
6383
2433
4989
6358
5985
8902
4238
7188
2100
11421
2000
1772
8106
9811
5099
315
2334
1724
4986
3206
3551
1562
1388
3149
11234
8005
3544
9815
4610
639
5159
1633
7944
5407
688
647
7820
4656
3979
10718
2402
127
8085
4818
8614
4229
3220
9352
1715
4528
2728
10228
9876
4450
7610
8242
449
857
5147
8284
4488
6463
10065
9118
40
60
7679
1062
9027
903
5475
4702
1915
8309
4744
10604
10536
9446
6625
11162
8246
9166
175
6649
7145
11273
6035
2553
9307
2733
8294
8105
10380
6049
7522
7290
7757
1318
8169
1348
11128
5301
1583
7107
1061
1334
2019
11492
8221
5849
3305
9662
2603
8230
3904
10157
2482
8827
4177
1729
1927
6755
3357
7125
11845
8520
2884
11862
1826
11532
6172
6822
4809
10690
940
9305
4773
5584
1696
10120
6889
8876
1184
1620
10673
6202
9403
7989
10660
4524
849
4910
4799
11897
5111
559
1616
2013
4563
1246
6767
7632
10460
4114
2759
4615
4952
4933
370
8927
3887
727
9838
9788
7678
10341
5952
8771
10261
5100
10500
164
5266
11377
2268
10427
9976
2801
1124
1394
1369
8084
5605
5626
6539
7797
3775
7675
5914
5937
2906
10327
2365
11211
282
4087
10902
275
6435
7366
5393
3945
9773
6884
2575
6042
2972
11613
3479
4671
5377
11318
8879
2415
7587
9644
4257
8641
10418
1995
2569
11154
3877
6991
6760
4894
11745
6464
999
3147
10042
2542
6583
1035
10936
425
3597
6353
9668
9949
1081
759
10525
9618
655
11170
1579
2808
8770
9098
11773
9960
7754
5817
11720
3028
7994
2909
4529
2815
664
3407
4574
1694
154
938
2933
261
1125
3588
11304
7307
1076
9435
11659
247
11611
7439
9933
1446
8391
155
3662
562
4589
696
3485
1643
3367
6312
9758
6468
672
624
1530
10810
1645
10915
7849
725
6319
8786
6976
6105
5449
9783
731
4511
9450
9819
9201
1814
5739
6638
4629
6892
4495
10379
8526
5714
10290
1807
294
10631
6050
9234
11895
8383
11524
3174
4294
4540
5462
10354
1196
1049
11324
2574
1320
7990
10135
7845
9706
1287
1328
8851
8289
10845
8029
855
5005
2961
2440
11875
8806
5699
11781
2690
8878
4525
9821
962
4579
4438
11383
8071
2240
11548
6491
5036
9063
8499
10648
2421
7901
6839
6763
2133
913
2359
9011
8367
341
737
9475
10031
9058
10723
1765
5772
137
4526
7303
4961
2192
585
385
6466
2806
8725
3793
8203
6116
386
9554
100
3734
5234
5577
4867
6375
680
7143
3109
2783
5292
7160
2061
11285
4360
5877
211
259
904
5335
7362
11465
3967
11917
21
2464
11424
7918
3283
11442
6461
7784
10062
8703
9753
5647
3619
6769
10392
9015
4568
8410
7232
11358
1222
8697
7404
10921
7187
7429
3792
7623
5039
5476
1551
3143
10953
992
3604
5472
11566
4472
7209
8460
9917
818
4914
5011
7650
8555
3678
6869
6816
3888
11040
11079
11108
5996
7633
10658
9996
3361
6162
4376
10060
1144
5415
4625
2955
1681
3921
8463
4377
3323
10889
5912
6538
11157
2760
11050
7694
9639
7840
1281
8650
2816
1921
8823
3755
6746
2802
11207
10685
3061
1211
11382
11452
8019
9284
5259
949
10530
2094
2952
4027
11783
1750
2852
4696
10007
8519
4303
4743
8429
7903
2024
3937
2827
11872
8110
11226
7497
8988
5349
8808
11186
9177
8108
10405
653
9030
1034
5885
9544
2684
5233
11058
8726
11640
5995
2207
115
7569
1663
2810
9729
4148
3811
11673
11933
492
2454
4410
8536
5198
7426
1110
10220
11856
7017
3539
2514
121
7827
4778
5388
7993
8504
4480
2251
10910
4703
1200
1576
1831
7082
6422
3694
2546
5153
1672
6516
3300
1219
1091
1938
4288
8304
6000
11729
5548
2467
9907
10243
6447
7913
6801
2761
2469
7553
10750
2925
276
262
11463
6451
7101
10143
11746
11705
5657
3849
2580
11740
5309
5224
796
4279
11214
2284
4399
11887
1057
1436
3177
8117
10199
9442
5450
7260
6935
9043
4010
4930
4623
11067
1149
3076
6678
6829
11034
377
3292
3117
1955
2034
2722
4173
4841
8813
10617
5651
4815
4565
8300
6783
10829
7626
7019
11122
743
5715
9310
4171
6599
1450
6906
7886
2629
8193
6843
2226
1971
9967
9203
279
11871
2848
3413
10461
7778
6029
6986
6565
767
2750
4123
6150
6047
10920
11164
8655
9563
11915
11489
3789
1097
8419
8262
1798
6137
7434
6053
8332
6071
9160
8053
8684
4596
11272
1341
9778
7563
7021
9521
3414
11412
8893
10593
561
4387
9775
6427
3881
2183
4863
799
6823
4431
9503
4937
7911
1045
4576
3580
5151
7189
9208
2632
509
11068
5876
5190
2343
10789
803
7625
118
6724
11406
8867
2191
9286
1688
3017
6564
2419
2202
2735
9262
6711
6980
2502
9419
8542
269
3824
11760
8869
8532
6351
8368
1483
1604
1433
6045
6189
10218
4787
1734
4790
11205
4404
4634
8461
5423
9971
1522
3378
11858
5521
7395
8076
11245
6085
10203
2945
2224
8149
2075
8929
5781
9767
4215
13
11076
1871
5765
8828
303
11120
4693
8263
5470
3958
2508
6840
4545
4004
9869
5189
4936
5632
10990
2788
703
2512
5380
9599
5381
6939
3131
10437
1574
3743
10291
2362
7418
2031
1792
7333
2556
5837
4411
3440
8939
3457
5888
11410
7062
11264
5072
592
2203
8017
6661
343
11922
9006
4420
905
589
3974
9994
1664
9505
3451
9481
6361
4551
2712
9841
6850
3040
8210
4755
8643
2194
6457
10420
8122
5052
3530
3639
1041
9654
5399
11610
11187
7070
1004
757
747
6347
884
6418
9683
2084
1874
8028
7981
10032
5246
8485
2312
10805
9569
9759
944
5006
7667
1759
10439
7960
433
9051
1742
2395
10134
1972
4005
2302
1148
4651
10464
10284
865
10849
10016
8638
7996
11556
7295
6011
10905
10858
8396
7168
6500
4997
5098
8840
4553
10575
9923
4827
3285
5672
11765
4054
1575
11112
4180
5327
7582
134
2092
2926
5316
4397
4638
6495
4690
7921
3931
8673
11049
8067
420
1009
8090
9810
9637
1142
4740
3277
2059
2991
8729
10142
2840
6743
10935
4482
198
4340
7271
1966
3846
3487
3844
2601
11420
4196
9594
11841
11602
9671
10490
5586
10434
4237
5960
1897
10225
6030
945
11901
7759
10847
9154
6628
1719
8704
3379
850
53
7690
5648
619
1894
10444
1933
3483
7104
252
1660
10572
3482
7129
10489
2375
4981
8253
6154
7225
9220
7842
2937
5003
2157
110
9553
9291
9302
7722
6378
9796
10686
4583
8048
10522
5182
2766
3874
483
3432
1612
11152
532
11047
10933
2346
3297
11086
7115
4268
6815
8123
10048
5243
4763
5875
11565
9566
2903
142
6751
5698
5895
9537
1396
11144
1126
5623
10173
10687
998
3119
9713
4839
11389
8436
2823
2855
182
9578
5529
228
2672
8104
5055
3855
8835
4585
11436
4094
7567
2461
10278
7533
9066
10623
5079
3732
2252
10152
10987
2149
6623
4908
11514
7207
10033
11522
7481
3306
4291
1823
3077
1829
1285
2073
7157
1248
7326
8273
197
875
22
2481
2800
912
5303
8746
8652
5307
628
9290
10853
8720
8412
7436
8884
9395
330
2549
6908
4041
10462
7214
1982
11722
1692
1537
7203
3613
8631
8706
11681
6887
5279
3890
3783
7906
8252
459
10456
2653
183
83
5064
4234
1970
11019
11094
10150
7603
7097
1047
7880
4742
11250
3531
3559
9850
9539
1112
6589
7423
3312
2450
7239
5902
3853
8870
3684
10352
2829
7841
4239
6790
4919
10778
7731
9202
9592
11633
6720
3892
2038
1480
3791
11411
6054
7298
1516
4465
1
2886
327
4812
3137
6052
7671
10624
3847
11743
9070
5203
8431
7078
4612
10609
6021
10431
6016
1134
1577
3384
4683
270
8120
158
4686
5682
4413
8138
8342
6225
5028
8177
5966
3222
365
6812
11322
6280
7496
5352
8654
3462
596
8162
8101
11879
10010
8560
2746
1565
8599
11087
398
1975
9761
4518
8581
5152
6270
11131
10870
4718
4573
10195
895
5391
3338
3832
8094
4684
6691
6031
1913
4805
8896
7974
2898
6107
1996
1560
5540
9204
11070
3307
3464
5125
11477
4616
8975
720
8916
5085
3187
8235
2943
4632
7947
10485
3819
4248
1044
1239
3265
7475
4942
4845
5041
4221
5576
943
8271
11550
1799
9845
11756
371
1391
11196
5165
6469
1409
5340
2204
6425
11177
4711
4959
4386
8405
3103
2846
3972
7381
6554
9624
186
6896
4869
3060
9456
9246
11119
2050
1002
7216
4459
11097
8765
10548
306
2122
7973
1690
7034
701
7332
2441
920
9144
1593
8998
1503
749
6405
8335
5639
9791
6551
3635
7447
1425
8719
7301
4232
513
10637
6332
1051
1249
11027
9300
6633
11133
6634
8730
2040
8565
665
3415
5808
3428
2871
6123
7427
10588
5406
2873
1945
8602
4204
1451
8812
1787
2820
11105
1188
340
10726
1156
6707
6501
10407
11469
5636
10378
6847
10300
9387
8233
11345
3401
2499
4350
5779
8818
7800
1572
560
6322
9947
5418
3656
4562
3776
2967
3731
3311
7721
406
5236
3918
11521
1834
10800
2584
4146
8780
10899
4746
3490
652
8705
9017
9814
7351
11404
10111
358
6973
6512
2424
6507
4621
7035
734
7699
5971
11572
4355
1534
10922
4953
2130
1104
208
7014
4085
4006
8877
1171
7279
10821
3766
5910
5427
8921
4852
1491
10119
8027
4766
6307
5081
3223
3916
8091
2579
7008
3751
9564
1821
6442
8459
7458
5522
5437
5508
4946
5977
5794
4003
2935
5345
6675
1513
11249
1244
7714
4715
1918
3238
5496
3621
6730
453
8887
6877
10649
8444
10055
7566
3713
3511
103
11159
4929
2150
10449
8693
9772
62
11686
236
4379
4058
5525
9692
3207
5500
3152
9296
9335
8784
4166
11807
180
3308
10248
2101
5863
583
5315
10235
9195
4586
10692
7266
1546
4391
6136
2971
11824
5764
5254
3552
2257
4228
922
3484
4224
8200
2965
5337
10432
10645
1923
8119
4893
6345
6220
7057
8416
4100
1434
10441
6063
4951
6416
5286
7022
212
11145
1708
986
4514
7963
7530
11641
3447
7359
4874
5270
3569
2727
5477
4682
195
3009
5950
1043
1228
8574
8899
4792
2435
5021
5567
4057
2849
4297
2248
4285
7251
10357
8660
6025
9357
11495
11444
11599
2446
1515
10918
5240
5719
4537
8330
1818
4396
10496
4780
6882
1474
2218
3055
3141
1439
1014
3290
2600
2413
488
6251
8842
8598
2923
8912
1082
10901
5814
10349
2602
8707
5361
7138
4217
8398
8972
7409
11362
10018
11502
3748
4281
552
4921
5183
8541
8498
3651
7705
9561
257
4907
4149
3975
10331
11173
7900
3133
7208
7717
5105
3615
2177
5964
9586
3385
4500
10226
10628
10968
7898
3408
4507
7156
9404
1802
11042
4113
11805
10505
9751
307
5775
11567
7016
2093
3652
4170
3411
205
11814
3448
5461
2803
3058
9906
989
4875
1322
1552
9040
9271
3956
9802
8099
4640
7515
9812
2537
6340
5743
8849
8319
10246
8107
5818
11315
11202
6462
2857
5538
4770
8023
7984
7007
8041
5445
317
3657
6603
7483
956
7972
10035
5736
1262
3111
7747
8672
2951
3155
5708
11784
11450
7132
1924
11859
6717
9634
5158
1089
11004
7978
7135
4979
2720
7211
7606
3099
6278
305
8421
11001
3324
7577
1046
10136
6198
2097
2897
11446
3376
2259
3289
5962
8088
11381
6411
4566
1711
10871
113
7658
10862
4934
5211
10929
10541
9181
9421
6544
10668
11246
4002
10663
10710
1022
70
7137
1701
8616
9919
7782
11111
8176
8228
8197
5215
8298
6104
5454
827
11622
5058
8629
3573
1591
480
7604
1784
5518
6643
1168
4073
5595
9977
11193
6594
9076
955
690
4800
7700
7739
11563
9176
4458
3213
2096
10717
4463
361
9363
4762
8486
4837
5026
9468
9083
9839
10450
8175
7383
2915
7982
4033
5727
3054
3994
766
8548
7194
10837
3617
3276
3989
316
11928
8689
820
4969
3542
6506
8558
9926
8572
6015
3578
2615
6132
3533
2718
3600
10954
7598
7048
5717
6268
5874
6311
5927
10877
8083
730
7263
5149
9580
2781
5436
1523
1636
2410
11384
7787
11866
4462
8078
5417
9097
11142
8187
900
9069
11379
1270
2164
6080
4183
9465
1312
3601
6467
3951
7805
4153
1108
4927
2618
4116
5561
7502
813
8124
6977
5280
3050
4561
677
6867
8774
2798
2152
7025
924
3794
2086
11023
1024
2680
5127
7958
1466
133
8130
1597
4523
4758
789
8247
9147
5035
9116
10510
4956
7708
890
1267
4122
6556
9835
1697
9033
1816
6737
3736
8743
1291
7970
4102
7696
8379
5582
10128
11361
9860
4001
4591
6048
7039
9807
2491
4558
5700
8671
7424
11115
8445
783
3284
11137
6070
4814
9317
4179
9597
10688
1751
2458
6985
10528
1016
10122
10318
2875
5706
6060
478
4231
8980
3710
6558
9504
3655
7987
6639
3403
4220
824
9817
1345
7663
11078
11818
5004
11277
9886
1280
5572
5997
5258
8059
2341
7477
8974
7765
887
380
3993
9228
6113
5070
285
3761
10581
7831
8688
7358
7300
11592
8165
8607
10360
5038
7526
4076
5819
5841
5505
706
7764
11390
595
840
8695
6702
1420
9558
7206
822
9709
2858
2947
8578
6978
10081
11339
98
11233
10280
4415
8370
11903
2159
7313
10540
5688
1671
906
3421
8852
7586
3723
4348
2673
6434
2839
802
7222
2178
579
2756
6827
6420
32
10794
1193
6852
10398
9393
8959
5654
2103
11785
6620
8613
7349
11585
1261
10265
5299
379
5675
26
6192
6250
3688
963
4880
4374
8231
1476
10184
3995
10403
1417
9289
6616
10691
3800
9643
3
6129
3221
11670
11921
10760
4980
8439
5174
7455
10046
6785
5209
3842
4200
7240
11293
7624
8021
2724
4858
2195
9480
9323
5114
784
6166
10260
1630
10233
3638
2436
9178
9708
7010
11751
1979
7617
5917
3395
4848
8453
2859
2930
6065
5622
3583
9001
4797
11188
1206
1700
6624
7836
1880
8766
8967
755
6825
9844
9910
58
8984
10806
10288
10483
2269
10433
348
10735
7689
336
7988
6945
179
1099
7634
2328
11734
8564
7278
2987
6898
11403
1716
3730
554
9012
4111
16
11822
7450
11161
2791
7217
10943
3952
5884
7938
8847
5217
3380
2185
6689
4262
3352
597
3919
6563
2119
1107
3211
4174
1158
10465
7572
7227
9730
2850
9459
3106
3669
8372
614
10086
5942
5857
10192
2950
10242
6279
10416
2529
6056
1208
9718
2758
6503
2664
11298
3591
10906
5044
10825
10565
3024
9351
7730
11052
11759
5176
2137
4322
8618
2744
6581
1406
9009
4414
2392
2890
1601
3303
9133
9280
1498
1212
809
5206
3069
6169
8
1806
9531
9235
10756
14
3926
11468
1564
2243
9883
1117
11747
10423
3185
2707
9026
3469
3315
978
888
6731
6318
5178
10916
3763
11536
9225
6370
2814
4383
3940
7193
1852
10563
1130
9428
9457
7346
11852
11590
3668
8345
8805
1569
10694
250
10521
8430
10985
8127
5478
5310
2254
11876
2442
9269
4138
10182
3648
11515
3880
3515
8985
3340
10145
936
2488
475
10316
1536
10390
4069
8802
4691
3437
2459
536
6601
825
9887
1860
5082
1878
11877
7452
555
1639
464
8269
8008
9137
1032
3957
2564
11710
11831
9628
1020
7761
9373
8739
5255
7261
6942
10167
7140
3915
7753
3645
1315
1421
146
3905
6611
8011
6796
264
892
11346
8525
9093
9273
11552
5868
7500
7507
2404
1204
9857
3493
1707
3823
4306
5200
7979
3199
11913
2006
7388
2126
9470
3426
7259
774
7559
6295
7417
3073
9546
6607
5710
5023
11354
8140
2532
5504
5367
5430
2686
11855
4065
1071
8897
5013
6585
8339
1140
5587
817
7932
5680
56
4608
2064
11139
5110
11528
746
9103
7392
6394
7460
6241
1275
9837
4406
6302
1025
10571
8539
7244
11504
1482
1838
10737
6548
1018
870
8882
10747
5452
5297
7161
6955
3309
9975
2778
4582
9080
930
8576
2864
10864
1349
9391
10779
11342
1819
2213
2285
10820
9050
5679
6940
2304
8751
8474
6873
10159
3460
2307
11797
10574
5281
5637
1339
6069
1962
3509
3907
2581
2477
1143
3716
9676
5404
9585
6610
106
11619
10944
4074
6249
3805
8148
10863
3470
2747
4418
7080
4046
2658
7468
5251
10642
2891
7142
468
4144
2544
8935
2169
5433
7445
5810
2595
4538
9384
5379
3969
1980
11847
1658
3858
6568
240
10927
10549
2719
11830
7715
3570
24
9413
4828
9633
1926
772
953
7204
1481
3929
6798
8664
9502
2650
9233
620
1592
6739
5778
2383
2944
8740
7885
5716
10603
7910
4593
9611
5631
1500
2260
2425
10938
11653
4784
9794
5386
11224
9192
3304
8020
8778
2637
8347
10519
10969
64
1695
5366
2127
11912
10732
11918
1237
8937
4804
1470
1505
11107
991
6161
7152
10909
572
7612
1408
11707
3685
2008
2480
6101
4265
1362
45
5273
8007
9212
4667
10597
9048
1133
9306
9943
11104
11553
815
7909
42
1965
4393
9112
1083
8639
4503
7482
5177
7328
7950
7668
8353
3240
5109
3577
6752
10703
2460
6360
4349
985
6879
1682
11045
10294
7384
8051
8409
4714
7045
2517
4889
2172
11540
5597
4756
7685
6064
4750
8386
4464
2863
6009
9159
367
9894
4822
1100
7933
1240
5855
6024
7219
1293
1410
416
1197
3879
883
4704
6364
7544
7681
3302
6809
8066
4225
4764
7536
7258
10183
3038
8296
5025
7469
11283
8553
6041
4494
11767
9724
4876
8413
5389
9324
9629
497
499
6269
4670
7262
9121
8354
1068
2012
1689
6679
702
4075
2371
8848
3087
7677
657
3756
2393
9659
7854
7361
7837
11313
11365
5276
9132
11850
3768
11032
7162
9477
8285
10744
11231
1414
5160
9332
1990
571
43
4444
5989
8653
6795
937
267
1508
101
4641
7373
1709
9493
4685
2723
1023
3848
2616
5610
4877
10103
81
926
11739
6381
4278
8814
972
5119
11065
10493
976
10455
4011
3810
9146
7959
7305
10704
11405
2498
7110
4018
11664
10600
6680
11461
6645
1129
4957
1164
350
1961
2711
8863
7962
5963
29
3507
5767
2927
1589
1976
7548
1251
7357
2242
4926
11890
3643
8825
8517
3107
2041
11353
9120
5172
9140
4351
4496
2221
3287
8143
5588
2042
3398
10214
8134
3817
7770
4456
4216
9237
4317
3935
7832
9500
2994
5487
2047
4295
8922
4539
2493
1086
8388
10488
11494
8182
9486
3342
2644
10610
3809
399
7023
2635
4446
9025
4904
8960
1172
4437
11825
1912
7749
9021
161
10335
1782
11636
7365
11100
8356
11289
5329
8903
5786
4749
3589
10697
5607
395
5091
10333
715
6948
2867
2215
6010
6792
3837
5627
6836
1722
2069
11057
9417
10709
4802
4132
4453
8437
6910
11056
9128
6100
2755
446
9646
10058
8325
3865
2501
6718
515
6545
73
7943
946
3181
1580
9321
11244
2715
10131
271
6784
2506
7688
11138
6165
281
363
3310
2138
2587
1486
1844
3671
4084
10714
3592
8270
2209
2197
3574
11878
4994
3538
10289
4668
6252
1824
9348
6392
6359
7340
11537
7686
5305
1685
6229
8969
6181
9239
7077
7859
9388
2278
7150
7608
1739
8913
3402
454
3097
11586
5080
6733
7755
4167
1665
6729
810
6258
3883
7573
3335
9853
238
2787
2958
7003
1830
7733
1174
3948
10019
5078
8549
8799
209
1058
7282
9862
6402
6932
2329
3642
5988
5825
5823
4296
4992
4622
8427
10516
7354
902
5289
10013
4483
5311
9927
2607
9431
10179
9279
6865
125
5066
8803
3866
9893
9543
8545
1279
80
6505
3203
6228
5213
7210
3976
4541
9167
3452
4892
654
10683
9375
3947
5761
4275
4560
6170
6227
6527
5970
4300
10282
4147
1231
4342
7304
3184
8930
11081
11183
5300
1037
5527
5268
9562
10795
11297
8286
11661
2401
1218
8822
5238
7336
5941
907
11491
3260
11425
9122
7855
11547
6199
879
9415
2634
9524
2010
8716
8199
3920
9859
3927
6299
11608
4791
6526
8617
3821
9396
7867
4679
11260
7315
8528
9514
9660
1779
10270
4662
7955
5342
4460
6613
1943
2305
7737
2132
3910
9985
6598
7322
474
4330
8423
8496
7257
3813
8582
11178
7408
7540
0
1776
1053
10321
4419
650
4151
9696
8918
3474
3000
5010
9865
8022
6775
3840
765
10727
5451
11816
4906
4697
2407
4637
10804
593
1925
2049
9619
8965
5566
2530
6990
10027
8062
4436
2754
1617
5598
917
6428
7285
5012
6062
1118
11017
622
11149
3036
5842
11020
8377
10941
2589
9556
11479
10262
424
1602
5324
9325
2387
11445
2054
10070
3785
1337
575
547
3189
674
668
8759
6385
9891
8054
9207
948
526
7413
9020
8683
2160
5531
8288
1967
10355
2318
3744
6929
5969
9638
5059
6465
11031
9350
9062
3605
3742
633
3341
5709
9474
6696
7054
4884
2941
4442
11453
4491
11278
11325
7280
5926
2324
4445
11331
3985
86
8989
11589
6846
1401
10639
1896
4793
3035
410
9519
2372
6127
10741
10866
5564
7710
6854
2113
723
11417
3454
2962
6571
6283
7723
8414
8943
6479
8920
9793
5620
7480
11742
7438
2121
2646
7821
9650
2576
2691
6970
1969
2052
7159
8601
10452
8305
10415
1543
4061
3540
5756
7556
9861
740
7673
8550
10545
8476
7693
5194
11415
7600
2262
6595
6587
4950
117
5199
8846
5938
7144
368
10307
2767
1241
2280
7201
4473
4083
7876
8533
6109
5346
8595
3162
5265
4218
868
753
4320
11819
5826
11680
8635
6590
10612
6155
5878
726
10831
7506
184
1469
5983
2238
6550
11219
2085
4987
7071
8100
9222
10543
10551
8293
10308
128
10507
8711
6323
7866
4267
2547
7808
6880
503
8145
8775
877
2545
3034
1595
6171
9665
8484
216
3473
2698
312
7917
8404
3677
9669
6194
676
7635
8644
1327
10559
10857
4208
10125
263
11719
6814
8438
4106
7631
1942
5653
4219
196
1325
11815
2963
9385
8996
5611
9075
2274
2998
422
6497
6013
7055
2291
4037
6115
5175
2642
1669
6502
7927
9090
6897
2348
5776
4112
8820
4031
852
1573
11647
636
4426
5002
1457
11587
3081
3433
3176
10520
4096
7403
4043
7560
2271
751
6981
9879
4311
185
5353
8886
4185
6094
687
8957
8201
6651
866
362
5513
5891
7653
9804
5658
11333
2666
4855
5992
6653
11213
3543
673
10171
1788
10914
7762
10466
2999
4850
4902
3212
351
10023
10671
3908
9748
10471
519
7829
1721
3475
11506
457
6703
6125
10729
3572
2913
10093
3614
1758
7375
6436
2929
4394
7813
5824
1007
1556
5934
5690
6201
10491
1179
9267
3202
2804
1066
4924
3328
2687
6738
6525
5968
11559
9142
8418
8057
1419
2340
3094
10701
9525
3528
9223
2619
9255
7630
4089
5534
11802
11402
5094
1993
5670
10659
7324
8142
9374
6193
9871
5692
5752
5494
2977
8044
7703
3142
7275
390
2298
1440
844
6853
8900
10096
4126
1460
6180
3541
11838
11627
469
2954
3025
10512
3011
4255
10105
6726
2872
7314
10852
9738
4091
4913
11593
5578
7620
11600
4416
5250
643
6844
7236
10334
6934
2201
10517
2703
245
8237
10091
7389
102
502
23
5866
8202
2807
1383
7539
5096
7847
7085
392
3154
10972
1761
5544
9710
9875
4639
11269
1935
1654
2588
6761
8714
6310
8824
6395
1903
7377
2353
7828
8971
7655
11069
763
10445
1356
3712
4801
4710
8891
3399
11396
5696
8473
2563
4688
1774
2490
10139
9420
6982
8346
7064
1227
2250
5646
2669
8741
2630
5703
4779
6870
5550
11395
11185
8014
6374
10189
11624
9126
5244
400
1198
8204
3841
2377
3476
8676
1438
9172
9822
344
5084
11698
2098
4243
3996
6894
2289
6216
9372
1822
9445
11098
10767
8527
1154
10780
7147
2081
1586
11287
1353
5410
8469
8554
10322
5618
5492
2470
11323
7551
3130
598
2497
6110
9046
5774
10897
3894
5285
8858
5661
8586
8449
9330
7498
11140
4375
1558
7221
6221
5512
1549
5341
8227
2780
9217
8470
3233
11053
9229
7985
5951
9679
2889
8290
6158
4851
10430
11310
7192
10766
6342
9127
644
1294
1917
7999
1680
7464
7180
3941
7719
11251
1842
3872
4807
6965
10132
9787
3317
2570
7942
9506
413
10994
7158
8948
683
136
11571
4045
9100
3033
10666
9541
1435
7456
4947
4600
954
9213
5663
6482
5186
9297
10470
8234
8146
3745
1185
8917
10771
3471
3453
1557
1973
7593
419
8024
3371
1310
4408
8307
8494
5330
9905
10928
973
941
3366
10777
3288
11683
193
3603
6206
1795
3833
587
9174
5371
5482
2892
2639
8422
4575
5484
1985
6485
6693
6968
10739
4009
5625
7318
4187
5306
3059
10569
5795
6681
364
7124
6409
10984
4385
11356
10397
1160
10963
2736
6805
6488
4754
5295
1676
10245
10664
11182
7666
10716
8801
8266
1539
9156
2683
2107
790
7311
11803
11077
7277
3611
8433
55
9714
10998
9031
8580
9587
11718
11768
6157
2689
4192
3151
10383
5649
5481
11754
4097
7476
5359
6660
988
11117
1113
838
5170
9672
5948
6131
11348
409
11684
11578
4127
8154
4395
1215
8063
2936
11459
2241
407
816
7528
10876
1199
10045
4963
5515
871
10752
9656
3365
3936
1998
2447
1832
4368
2175
6518
2114
2782
2299
7237
606
5108
6486
2331
7400
3502
9574
8191
3623
1499
10532
4699
6770
4717
741
6546
1207
6481
9763
4776
10945
3501
1781
10313
10247
1029
1888
4606
11867
7616
5893
8361
8656
396
957
1845
10
3767
8991
10606
5982
11801
1092
7865
8773
2145
11560
1684
3856
5322
1506
7614
11906
8318
569
6019
6492
6779
10900
5016
10364
3136
9274
9735
2412
5362
1492
381
11790
5168
4825
8715
3699
8698
7425
9674
10217
5638
7033
3770
8497
5150
214
11682
6688
1259
10178
548
8241
4313
7956
6579
1873
9780
4911
8136
7661
9593
160
11542
3067
9141
5959
1606
5645
9896
5092
1238
2496
7105
1183
5562
9164
10934
426
11241
7954
5993
481
10244
7390
5426
7068
7816
1296
6958
5678
8868
11616
9548
3121
8133
10675
1771
6668
7654
5136
4484
4466
9205
5573
6782
3964
10761
2896
10279
4467
1463
335
9451
9401
2102
8458
3193
10087
10942
3049
6037
7793
3396
10186
2028
9032
6191
6012
5807
3517
11885
8369
11369
494
4345
6365
4605
8666
5704
9313
1885
5428
7568
7716
11518
11238
9663
9458
10351
1153
5668
9283
384
529
3682
2609
1863
8682
8779
3900
2432
6862
9995
7164
7250
2578
8446
172
417
61
10728
6260
7179
9648
7433
2253
3209
4140
11844
11833
8373
11443
3585
5007
8036
1223
1876
1810
8180
20
10296
3198
4794
7095
8488
9873
6732
7768
7595
8025
3912
2420
2216
3667
1399
2068
3114
7401
7310
4315
11291
3442
3653
6343
7449
149
4107
6448
8874
6483
5239
2173
2227
9461
2996
8141
11481
9165
2136
5313
6838
11648
9604
10000
3201
2342
5734
2337
9978
7393
4958
4044
10874
4731
3822
2551
1833
4319
10297
2198
9746
8914
3031
1371
11024
9294
4059
9680
1805
8168
11113
781
8742
6893
9607
8810
10389
9376
9684
7995
8559
4206
1828
2866
4336
5641
7501
6509
4421
4940
10653
471
8385
1145
6772
9194
681
4603
10049
764
7862
2562
1763
705
2053
2986
7772
4971
2445
3074
5773
10040
7108
9682
4108
4705
4915
7537
4891
5148
3545
10041
4895
6187
8811
9251
5840
7969
11806
6152
4269
7775
11240
7167
7584
7619
9892
8657
8783
3358
6528
2599
4712
8045
9803
10487
1710
5844
3516
7889
5197
8734
570
4381
8925
6757
5630
5722
6700
7126
4650
3261
5856
3156
10550
2821
9437
3631
6959
8976
7505
6931
11220
1344
996
2314
8866
7053
3200
7763
2985
2628
623
4035
10886
3420
5768
2180
11723
4916
9511
4657
1628
7895
2431
2090
5935
2503
5621
7004
792
239
6288
1603
4831
3272
11151
6608
5939
4628
11568
9727
6810
7472
5737
3449
6640
1105
7639
9402
3127
5473
10090
6964
2264
6776
10622
10537
3625
3006
5095
7331
4049
8952
1677
10633
9596
4707
7957
10077
6138
2740
3477
5332
1400
1892
2129
9701
8308
9720
4501
6179
10755
1464
6909
5730
2288
8082
3700
8547
169
10353
3796
1666
11861
6148
10904
5088
11689
5222
7177
10705
8362
7538
8483
3889
1930
6820
3590
2577
11782
5921
7032
5652
8144
3314
11146
6631
355
6813
4316
7760
7915
11849
8945
9041
11728
6293
5758
10999
7486
4145
6403
2922
4028
7907
3818
4119
2022
9495
10310
2303
2647
11604
4326
9407
4176
565
7246
8833
6745
11368
10050
4266
5398
1314
2434
3389
11791
10160
642
10271
3270
10481
9278
2219
10544
4152
265
6032
1796
4103
10629
8441
11733
10025
8910
1497
1905
1496
4982
224
11252
1854
3571
10980
11483
6400
11236
6306
223
10587
360
8609
3867
9045
7200
11883
11370
2327
9507
693
3834
11064
3497
11813
4890
553
4619
9888
7637
3208
299
6294
8260
518
3045
11541
8659
2474
7415
9287
7882
5419
2297
830
1307
439
7122
9798
10576
6734
7711
10382
1568
5116
2080
8710
9109
9216
9054
10783
3750
9750
6460
9485
7648
2083
2685
9410
537
3702
8890
10236
3795
1127
8406
2063
10923
10100
7041
4673
6692
8079
6695
2235
5537
4499
3129
1882
5711
11561
9776
11276
5312
2507
49
11693
10107
7174
4019
8857
3674
39
347
11724
10477
6175
9704
11190
10185
9256
8787
