5115
10379
11368
4745
2735
10752
3322
7397
234
8605
2470
7360
9554
8604
10254
3199
8901
1279
7561
2442
10983
7522
10191
9388
7782
5317
2793
8842
6520
9487
8043
9348
2538
730
4715
11699
3352
10677
5542
1360
7967
3111
6366
8000
1140
4420
1366
9637
5624
720
2650
8641
3291
10504
1456
2744
3640
3135
11172
11505
6162
1499
1673
2279
9596
5259
8103
8092
7450
11571
11358
3157
4006
9347
6688
11070
10674
10348
5821
4488
903
1309
1121
3826
10596
6437
6605
6549
2928
10666
2886
9710
8564
11397
3453
1020
6432
9417
6315
10866
4571
5911
9012
4981
10299
1976
2828
4657
6256
10091
10114
8267
5341
10724
11221
11157
1474
9124
8560
2966
5767
6879
3629
10448
8696
4714
2012
7367
4343
8979
5777
8391
1712
5980
10894
11297
3968
529
4551
7084
4308
3477
4030
8047
5700
9967
9697
4939
9534
7289
7646
1515
2889
3041
1548
5055
7193
4128
4164
9759
11026
658
9011
10703
4837
10140
10075
7113
8014
7145
1620
5228
8238
194
8876
5217
11908
9142
1383
7868
10632
212
6359
4722
7266
7168
9339
5771
1832
6211
3139
2698
9063
8685
11187
2749
2297
3274
10427
7645
969
6674
11808
8086
10126
7860
4802
3620
9614
417
10999
1278
6945
4479
2260
180
10622
7408
6002
10832
4787
5255
3574
9779
11611
1624
7160
31
1841
4533
10282
11299
8796
11311
2677
6628
7001
2856
11578
1660
3035
9474
5024
4499
2399
4154
6562
506
352
7423
1086
7944
8025
5135
4542
9053
522
7950
3802
283
7938
9462
3293
8107
9144
2140
6164
9102
8502
3233
10374
5894
2711
7631
11425
4109
7083
9508
7436
618
8279
2775
1650
9825
4066
11119
1996
1510
5761
11591
6183
11459
1498
8097
477
7461
3508
2180
7471
9970
5209
602
7635
8357
6270
5410
6136
5486
11094
8461
9177
572
4313
334
7900
1521
3026
10891
3095
10490
8469
6420
10989
4413
7754
11053
11034
2971
8409
7270
10298
7982
10625
4034
4393
4760
3678
11633
10830
732
7459
10175
11612
3129
6049
198
3416
4693
10179
8632
10780
4187
8660
5122
128
5104
607
5037
5447
2979
5429
4573
9625
6379
7680
4539
3428
7446
6172
6621
11890
4077
11453
5039
11487
2892
7701
58
7527
1550
8069
11011
3905
765
4082
2961
6622
7137
1889
4461
8883
207
2291
9535
4875
9359
6763
10915
9273
10877
11822
8513
1846
656
6297
942
2402
4251
9975
9070
9708
10362
9995
9108
6194
6571
9891
6352
10838
7541
8649
4404
2936
11017
5045
874
7526
3406
4828
5736
3661
6882
8055
1970
9634
8105
733
8557
243
11134
9302
2693
11398
520
8783
10327
2984
6975
5527
10194
4877
11782
11363
8814
6794
11729
6627
646
4896
10302
832
9849
8271
9592
8424
6925
3708
2851
4409
11847
7285
3873
910
1207
8387
10620
1232
3741
2960
3571
8005
8806
339
9019
4550
9025
11146
5943
11171
8629
5396
4330
7213
10744
11889
5559
7491
7869
4322
1388
1442
5457
8426
7458
2972
2158
7454
748
9171
7469
76
3575
10988
11342
2002
7689
2802
4831
11818
8693
7501
11161
1658
3020
69
9594
7384
6750
10868
508
4052
11793
7184
2134
6665
2387
8651
10636
8068
7404
3116
11097
8733
7693
7281
199
4441
10209
9251
8217
3558
2088
11412
1230
8178
2101
4285
7082
2277
1768
4284
6112
166
540
4964
10036
327
9189
11694
8106
5321
167
7696
474
6410
2615
1040
11599
2518
7875
6283
11277
5565
4047
4630
1675
10083
5335
7340
4615
2549
5850
2958
8713
1502
4863
5459
6287
8626
7290
3003
10792
224
3212
1276
6190
6544
2349
9565
11403
2358
61
3225
4909
7383
4853
8454
1783
3942
4766
11285
7008
7268
10497
7633
10262
7286
3365
4200
1774
2320
9922
7244
9265
9248
3043
1819
7362
4907
4234
11484
8589
4803
9181
10216
11742
7839
6050
5183
6810
8435
11441
3493
871
6567
4289
7629
8697
6117
9737
4515
2872
358
5090
21
1182
11309
4531
5004
11624
10275
672
5180
4377
4613
8415
9951
2164
1646
9641
5155
10484
11162
9240
10099
6312
1901
3644
4315
4503
5084
8298
3307
109
5143
11760
9986
6579
502
3124
5445
7637
6692
2869
10475
11545
8239
2978
5715
10629
11914
5803
4530
9722
5714
11869
9974
6311
8326
9739
6394
428
1274
10017
1833
1626
8310
9952
3145
11044
3569
7663
5035
191
3410
6934
10142
7638
2337
11669
2081
9448
5582
9714
4405
2465
2170
3289
2800
4668
1949
6124
6577
3242
2329
7301
1518
10246
5695
8815
3397
8296
5587
5694
8579
5701
11251
172
4005
325
2302
11089
6573
1251
4591
8518
7033
11021
2341
5079
11764
10657
3320
238
11613
11164
3460
11598
734
9858
8753
5179
6196
11179
9520
3115
8584
4804
9389
3002
3621
11879
11443
788
3287
8865
182
26
11244
3561
7138
11748
9021
6527
5377
4547
5876
9337
5994
9628
4414
154
252
4566
3854
377
6891
879
6266
2056
1733
1481
10253
6461
1724
4627
1333
6502
2009
3520
5254
2636
2189
8892
11274
3786
4272
8246
3123
8635
2896
10401
3072
11510
10761
1725
9332
479
7314
6268
10496
3389
7041
5326
6888
4216
9429
467
11755
8959
5275
550
8491
1628
2996
10450
10947
3280
9215
3797
6727
121
11125
1027
7407
10742
11158
787
1532
3285
11521
5668
1566
1809
5038
8039
10656
9819
7322
4007
15
11047
11550
4913
5522
3839
3114
1545
10962
7845
9483
11219
8699
3371
1368
1015
8654
653
2696
141
4554
11483
6651
3202
6599
10353
5081
84
8881
8157
11672
3231
4996
7995
4259
2524
4163
349
823
4445
8468
10534
8395
5974
7643
11359
6465
1433
7354
10101
9855
4724
5322
8438
2051
2989
8440
1311
213
9707
8938
10268
1702
5371
2030
629
209
723
3912
2536
4280
145
2258
4396
6930
729
3753
5595
122
2403
6737
4987
8228
8803
11166
11012
345
3777
9782
11592
10055
7185
9468
5780
3166
6127
7750
11390
6563
10616
1029
3975
1098
9289
10273
8205
6725
11275
9363
575
9458
2327
10681
1612
6482
2046
5439
2272
239
3891
1473
2841
3650
4122
3986
4762
3305
9581
3883
8667
11349
3808
5934
8256
1105
10798
588
5604
6576
6062
3659
6654
6082
163
8434
4055
10773
7284
4375
9579
2079
1347
8621
1890
11537
2796
1173
7717
1060
786
5598
9572
3471
297
9057
2855
1649
10953
2122
9311
4388
177
9127
3936
3009
8995
2635
7057
3029
5687
6739
3533
8165
4321
4886
4599
7670
2934
6773
5932
4797
425
7940
10058
4085
10567
10404
8418
5774
7378
9588
321
8102
8721
1145
841
11231
8972
1429
2504
4231
6663
6099
1863
89
3417
476
10693
11114
9014
8111
3164
11423
5912
10466
11060
962
10538
11836
11918
3434
6242
523
739
6952
4101
10690
10512
7376
3549
1810
8949
11376
9242
8411
1087
6427
11843
68
10309
11794
11377
926
2115
6472
1531
4277
5211
6884
9810
9959
8750
8266
10934
3528
4192
513
3180
7014
6836
555
10372
4041
7713
56
10421
3182
5986
10196
6694
4904
10238
9652
6169
10613
9290
9013
10938
9296
9166
3871
7100
1003
6906
11444
193
2575
8146
5531
10505
11717
10519
6875
4103
4447
1526
1300
6068
11515
4160
1096
1894
1814
6972
7812
9475
4297
4215
10313
2850
5908
1269
4212
10054
7892
7148
1158
5008
10741
2103
7053
10269
10097
4373
10619
4430
541
8190
9321
10064
9530
10308
4519
6108
5757
1022
6878
3203
9884
7026
9773
5374
9993
3240
6826
8933
6371
6225
10758
6378
11628
4281
1340
1250
7243
6574
217
9862
2963
7194
9764
4351
7877
2352
10614
3538
3737
7513
6706
8425
4508
2942
4793
9887
10444
6538
5967
6154
1771
811
3444
11319
10511
6029
3874
992
6886
589
10009
5337
8116
4830
11328
3815
6415
4794
2544
6635
222
3823
2587
4703
8488
3318
10887
9482
10968
7500
11168
9092
571
2203
4074
3732
4399
6141
8332
1974
1932
6759
9732
10046
2952
6469
9695
3638
696
294
5175
1023
225
3821
5935
10735
5125
3798
5363
4602
1710
10588
11020
9410
8599
2956
751
6889
8331
8078
2724
5516
2047
3641
1423
7192
8184
4563
5398
6825
11931
11678
6126
5870
11775
3425
2024
5643
10535
10624
1176
5809
6040
4057
9207
10759
2492
7
7044
5076
2425
11216
10889
4248
173
7278
5861
2176
1370
6258
346
11504
7434
8662
10385
7128
613
9874
1674
5650
7233
9552
1135
3309
10096
10829
10137
10192
7991
756
10515
7709
5443
3424
11393
3053
3321
1172
8517
4927
9863
1763
7242
464
1765
5762
6978
4139
3897
7560
4665
7307
1621
10403
9826
9553
5855
4303
1939
7127
5787
5707
1941
4117
3673
10336
7903
7007
11688
7997
10706
8212
4126
11490
1455
4888
9715
8421
10555
8976
9031
8363
3251
5753
9856
10127
7297
514
3484
7912
5815
7217
5236
4570
675
7858
7024
793
10272
6713
8087
928
143
7702
4861
5563
9413
8144
2317
4320
10926
7530
902
2238
11763
205
5634
1797
424
10881
10231
9330
3853
9717
2062
812
10756
5834
6523
1221
3451
310
5307
5790
4143
2786
8671
2785
367
11645
3607
10879
7774
4072
11104
10918
10888
5266
10252
1089
5830
10178
3534
3089
1136
851
9645
2660
130
2019
1093
8226
8781
8001
1416
5227
5849
2914
7895
7823
701
4186
5958
6632
9324
2652
11630
11430
4972
8720
9335
10116
1780
10195
3302
6865
1557
8813
8347
4738
3794
3743
1186
7523
1915
2428
4676
1645
4089
11839
11380
462
7439
7531
8114
805
1054
9875
27
4197
3130
595
1050
6650
4873
11901
5696
1891
7239
6820
3256
10728
8663
11874
10642
11564
2953
3435
993
8015
8917
365
3637
11296
174
1884
9834
1533
5124
923
7210
7245
1363
9026
5465
9821
6811
6963
7580
3643
9271
4001
1294
2716
184
9270
6244
9412
3454
1634
8656
6175
10328
2228
8785
10303
6384
8348
5303
9135
6762
8498
6464
5619
2455
9890
10550
6916
10731
1635
6288
9020
1784
5137
1811
1912
5184
7482
9880
9077
9864
3393
11042
2481
10669
8712
4147
6540
181
11220
10844
1084
10439
2141
11774
9454
9729
11677
2437
3522
777
10598
11369
6261
10449
175
2995
11298
7347
1587
6351
1661
556
10995
7111
10184
4473
2941
2410
3079
5752
2596
10166
9133
4211
11013
2931
10001
4637
5905
2745
215
4917
9129
8965
7598
11560
9065
10627
3264
4025
2333
5331
9777
4406
450
4276
5940
5632
8350
10286
1156
11348
7296
1180
4681
10347
5886
10324
6860
7683
2706
599
4054
10483
2275
6060
3184
11646
8022
2988
11581
6661
7679
735
2054
3568
11055
5468
3034
8594
8956
8810
11933
6055
5924
10459
10255
2822
5334
1888
1458
5810
8730
9605
2500
7282
11549
2239
1454
5590
761
5631
949
9644
8755
8098
7697
2068
8186
6217
2712
9522
5306
981
485
2509
2593
9209
8982
741
5728
4520
10562
7357
8344
3515
5689
11360
7894
6903
5376
7125
3074
2082
3658
4961
11186
3617
7784
5098
577
11025
9575
3213
10662
1036
9160
7085
5260
3485
8173
3499
11031
1509
4781
1584
9743
4712
7540
794
9399
11665
3400
5744
7276
7288
8151
1053
8833
8526
2498
6024
1622
9081
8940
11310
11462
8166
2592
11387
1907
8177
10028
8702
1672
4788
8951
8293
5763
8487
7977
9712
4495
6741
1606
112
3137
259
3600
636
3501
7971
10904
8317
1404
3660
2375
3943
9754
11558
5130
3953
1126
7374
4016
7725
3941
10461
7189
11811
1196
5654
4600
6710
9384
6250
11196
9793
7121
72
1272
9950
10258
3887
10822
11832
9627
6778
10014
1668
9599
3385
2638
4226
11803
762
7711
4130
3474
5564
2649
7611
11670
7456
6838
9989
8563
3183
3368
5926
8807
4304
7251
2075
7622
10094
9924
7925
3277
6021
1446
6962
3102
11500
894
6683
5685
2893
1520
9911
3567
98
6416
6151
6428
8630
5196
7841
5961
3290
4340
7182
3076
4959
5273
2407
11263
8385
6373
2601
11815
10080
4252
1426
2651
3759
905
6611
4808
1799
2225
3977
1519
6333
7195
11528
10034
3982
2280
10204
5018
11623
4611
7986
2338
4490
2799
2528
9486
6662
11597
6724
9756
8219
1236
6474
6881
7037
1190
4801
5953
7224
8453
1539
3387
4014
5100
1965
11916
1831
10383
392
10161
4951
5811
9064
1233
5925
5639
5633
5561
7844
5051
7584
10389
2212
4900
9971
81
9074
9893
10547
9969
8247
4727
1816
8475
4616
232
8543
1246
7175
2423
1155
1490
3663
1627
4326
7419
4824
1244
5909
2224
5449
1822
8633
7535
11057
4033
8117
7657
11819
8110
4271
518
103
11531
7229
3674
5365
8631
8118
10702
8704
947
5213
7918
2422
5693
3140
7369
11656
1403
4336
2031
8289
936
11332
3176
9724
4829
1669
4287
10819
8216
10031
5070
2827
605
8370
5997
9383
2432
7485
2347
4370
5207
6679
10592
3269
11514
335
1287
3311
4799
1033
10522
11093
3063
5530
2157
11853
1264
2489
9536
7123
3504
831
7769
11740
11873
731
11009
8403
3843
8313
8722
8201
1517
7533
10154
5119
3049
1975
4536
5862
11618
1969
10397
9932
6990
1103
1744
11701
704
6193
3675
8996
435
11909
8964
4312
11846
9966
2362
286
3745
9557
3630
9187
5283
9808
2511
10784
1731
11024
6223
6308
10769
9781
11288
9755
362
2626
4521
289
10942
60
5126
7016
9794
5867
9606
5544
3273
6153
4883
1758
7200
2685
8090
6238
8872
3778
1183
9052
9804
3730
9736
2368
10935
11018
10948
6269
5288
4275
331
6340
9106
1110
7927
9748
9078
10406
6103
3330
7941
10912
554
4080
4590
11855
7465
3526
492
1718
10458
11264
8441
2343
11408
158
5380
940
5512
11448
3296
8504
4529
3584
11344
2689
2401
1791
11527
8549
382
3415
3502
6781
8382
551
2845
5661
9202
2257
6232
4757
1345
9136
11374
10651
7216
7910
9640
2035
11371
7414
5641
1073
3390
11295
2315
543
3346
685
7603
7581
11286
246
3461
597
20
7067
9542
9470
6431
10181
7838
5386
2265
3807
171
1080
1554
6466
10920
9390
9186
11769
5645
2531
9692
775
3614
3994
8112
5245
913
4565
9132
3784
6686
5792
3254
8396
6500
10442
1381
9235
9492
1562
9906
1422
5755
10332
9798
11593
5308
7441
4614
10360
3343
9757
1544
1572
66
968
7889
486
4839
216
8200
1881
3712
9437
3790
6712
4726
4319
4580
766
2394
11535
9395
3604
3618
11207
2598
3349
8061
28
11766
9190
5338
7929
3042
3146
5116
11066
10464
9353
6582
1453
10279
3470
3018
11814
9689
11102
8449
8465
10402
1693
4562
4717
9657
7855
8858
10771
3510
763
6477
4367
5895
11762
6243
3924
6328
2563
5996
11907
9200
744
6125
11707
6010
4663
3158
11067
5154
2179
7983
7036
10846
278
420
379
11127
953
2156
4823
5831
11754
1704
8265
11008
8474
10409
4083
6322
7909
7146
6276
3191
226
8328
5291
978
6091
1942
6777
10358
10143
4841
9607
6423
4943
11202
5162
3378
8392
160
3860
3619
6158
2746
3108
11364
10293
8617
7035
4238
6067
11637
55
3413
11770
1690
3093
9420
2683
4022
2951
4
8966
4267
1803
1700
3392
11816
8008
7331
4305
2241
5769
342
855
778
9537
539
1372
7480
8748
11884
2200
9068
6649
10786
9
5395
4806
2184
11706
10501
11498
6101
260
6059
2623
10527
6673
7921
5720
2648
2449
1386
9430
4188
666
3073
6097
6766
8237
4612
8433
7656
459
1824
1021
5568
1397
4219
7994
5858
9301
7937
9327
4481
5740
5473
5966
8770
4218
11926
4165
6360
3894
11313
7961
10030
11476
960
8104
1868
7181
8334
11880
9158
2365
1222
9946
3014
203
1542
1806
3066
11036
10763
2624
4587
16
3999
10317
9358
5253
2057
2295
11305
3950
7271
4268
10740
10872
6131
6235
3329
8284
437
509
2692
6399
8669
7554
1307
7329
2835
10608
11130
776
6583
2
9336
2264
10880
10664
10355
8340
5914
10865
91
5603
11491
630
11837
1613
2844
7906
8018
3090
6894
5681
1475
8648
8511
1788
7703
11577
6459
10782
5379
10150
6677
7031
320
722
9350
9451
4229
1614
2853
5224
7124
1314
6784
11447
10932
10649
9130
10156
2460
2412
8444
8312
9675
11401
8873
8046
2153
10590
3930
7345
5554
80
8500
11283
1917
10400
9685
11419
7265
979
8140
9287
2762
9095
1525
660
1795
6584
11306
9659
679
4660
7425
8611
7866
38
7818
5127
7719
11520
3046
2527
7783
1240
10673
5463
6837
2838
4568
6417
2385
8926
2474
9121
10959
440
7771
3224
4432
6218
4581
4193
10469
35
2515
8860
11617
9972
6398
610
2451
3679
2897
8240
10647
11354
7516
4222
10576
5178
2077
11821
9770
3648
10949
11796
11383
5606
2207
7411
5562
676
9672
574
5186
7992
9701
11386
7029
4842
11709
2937
10606
2705
8250
8967
8432
5665
6436
9183
3803
8052
5671
9564
9365
10661
6631
5746
8342
7597
2070
4914
3546
6612
9204
7477
8849
9941
4675
7770
8352
1961
7692
9461
1317
10236
2356
5995
9943
8004
2880
1065
10002
7398
11778
3718
2659
3876
8857
1467
568
2359
11318
11868
1782
6720
3496
2534
9366
3976
2728
10023
4360
1219
2780
1925
5177
10984
1077
1885
8590
11151
293
11703
10297
6636
2482
11105
1964
815
4189
9927
9836
5339
2717
10542
10499
1543
1529
3430
5080
7187
6345
519
8668
274
6691
4356
11399
7380
10443
463
4960
6985
1873
10660
8234
11007
665
8437
2058
11206
10498
1410
5292
5833
681
7810
9276
8139
7139
188
6995
9326
4729
9892
11276
10720
5091
2395
8670
11845
10157
3193
9229
9511
10462
7153
1900
7167
402
10658
7586
1779
10168
585
6771
9938
10149
6550
2301
9735
6329
8195
8081
11228
4247
3769
4227
3578
4136
9382
11302
4205
10381
3820
580
7065
8890
534
1231
7170
11759
982
2783
11260
10457
1308
6016
7902
803
4946
9280
10793
4273
9338
2950
1365
8756
9354
5472
10960
6596
3750
4202
10757
4997
11888
453
848
2372
7136
7090
10725
1167
5427
1390
5610
3697
10182
6742
3709
4392
8754
6664
2805
6122
7583
3204
9823
6301
3457
8447
9043
5566
5923
11673
2631
8306
11708
3682
10106
3885
632
6198
326
11191
8297
3050
4893
9888
2710
5657
4967
9263
2661
7776
584
5716
3581
10042
8291
7066
3019
7824
2383
6316
9935
11833
2462
3850
5503
11118
9048
5778
5382
2303
9506
1527
6647
9247
4992
8772
8002
637
8752
9615
813
7793
11249
8262
11280
1002
371
3795
5548
85
7249
1384
2879
8063
1091
6795
1578
5349
11910
8680
3536
1671
2795
6479
2642
1637
7173
2932
935
7110
622
5005
9990
8859
6918
8283
9086
499
4677
1056
4710
6186
11061
594
2740
2658
4868
3733
8812
6684
10103
9055
4233
2109
5046
8443
41
7958
187
3717
5320
7120
1275
1743
480
11265
10329
5390
5117
8399
3896
7956
6659
2313
9066
7779
9155
7240
9499
9566
10267
9465
363
6409
3194
9212
9540
9809
3928
3719
4346
1910
1445
2014
3345
4857
7555
8638
2476
3492
1214
7484
5658
3530
4127
11509
3418
10884
5573
1538
3160
5285
2502
9087
9262
6120
10419
8358
10341
3350
5114
3866
8337
2763
11352
9815
11414
9805
7476
827
2770
8003
11840
6755
6089
6998
5721
3179
3234
7794
8009
7313
3818
745
1039
3357
2453
1721
8260
9403
4741
87
503
2234
6743
2414
4125
8343
393
10334
3603
3704
11474
10174
3500
677
3402
6604
4453
11120
5145
4073
8610
2900
2922
10199
5336
9528
11568
4555
3275
6944
1916
7916
3165
3195
8727
10495
6765
641
6600
4742
10810
11424
9180
5258
10715
5984
5025
5006
9501
4527
5627
10718
1428
1977
9424
3401
7676
7101
7058
6149
6775
5523
4776
10653
5020
8567
8455
3751
10032
3725
2424
4246
8622
2367
6034
6950
4921
6347
6150
3120
7203
4511
3374
6863
10085
2477
5238
11361
11245
5985
5800
6387
2628
8450
4592
5208
11112
10969
10218
5357
1785
1565
1074
3811
1927
11851
7798
709
3038
11142
10867
6829
5670
176
3981
719
2622
1793
4419
6247
6871
10901
7017
307
9239
6033
1439
8799
2664
9323
1267
7132
11870
6746
398
7763
802
10609
11671
11227
6209
6698
7326
3724
8889
3792
1418
1281
933
258
4819
4028
9145
7151
6255
3649
3134
10092
11293
4746
1038
6419
10896
6734
6012
5922
2633
4349
4288
10574
7254
8516
7498
3919
30
858
3092
3462
1631
6306
9355
6279
3249
5290
3833
9037
4412
3987
11734
616
7766
8037
4190
5220
5241
9299
11649
5794
6298
7013
5546
7104
1124
3990
2466
8862
4912
3419
1920
7934
6588
4931
6047
2691
11001
2021
9193
7546
2331
1615
2620
11544
7453
4398
10553
6441
9007
817
201
5065
3992
11727
1209
6971
7623
700
9775
1504
8614
5212
8878
3185
6827
5166
861
5574
7234
9630
10201
5164
4597
8231
10061
4979
4265
877
10294
10021
9394
7536
4647
2616
2977
214
3804
7667
9219
1575
7733
6808
7959
6779
7888
6176
2933
8159
436
2797
11575
9783
2209
7987
639
5424
11341
5277
3705
3615
10801
4437
3605
2964
5069
561
10572
5585
8583
9392
4705
6816
4640
10117
2919
1462
10941
6412
6936
2632
6931
9664
9905
7572
7074
1460
11920
10050
7564
332
6984
9381
11465
7687
9125
8962
1507
8729
3315
7960
11584
7223
5012
6221
3831
10689
10996
8261
7786
8923
10528
5495
7658
10797
5120
5123
2842
7178
1592
11546
10205
8784
2226
792
5221
9957
4263
5885
5889
1568
4309
1590
3532
9134
8275
2991
2325
6114
8856
8782
3676
6231
2006
1716
5667
10059
1501
6129
8820
10164
1893
11826
4062
9376
11658
3606
11069
9859
938
3268
8585
7490
4355
11492
3507
127
2195
308
5832
5776
3467
11023
4923
4191
10990
11653
11925
11805
9405
4869
8124
3106
2044
8650
2918
8994
8470
1358
5965
10331
11710
1776
4415
11435
11785
8978
9925
3325
3198
9633
10491
4431
8030
2344
2085
9480
7985
1642
6542
1323
4316
52
438
159
4851
4300
1967
5088
11786
9404
9416
8844
1177
8522
6377
9015
4702
5325
3550
3097
4434
9666
1493
8521
7817
1551
852
3169
7585
557
1596
3478
3703
1494
4149
6732
10667
5802
4593
875
11828
10370
4078
2513
6458
7118
1243
6660
7134
10726
1277
2116
1013
984
7352
1328
4817
5936
11074
7972
752
4631
11587
7344
7562
8934
9776
5647
6075
2643
10569
6335
1951
2350
8210
7457
3473
6057
2233
2247
6174
4936
1839
706
8194
5735
7915
1909
3333
6924
1400
4678
1883
1116
5660
11197
11885
9246
896
10591
8672
8300
5857
2078
4969
10134
3101
10250
2069
5203
1149
6401
4988
1255
4472
3764
5419
8580
10073
10456
3580
3142
7832
9871
1836
8419
3208
9532
4167
8371
2017
288
403
10845
11891
11117
5315
322
6536
8278
10903
1586
955
10841
10831
3324
9042
1352
1115
7319
4442
1934
2270
10222
5240
9291
2064
1708
9298
10247
2521
5749
3316
5351
1992
6885
10283
8575
1085
2213
4963
8846
7098
6653
3100
7884
2066
8927
7078
5464
7509
11691
11455
6278
4084
6181
1108
10586
8719
1500
5742
9422
3694
1800
3890
2326
2011
6914
10998
1902
8188
5272
8183
5785
4865
7984
7576
3382
5141
8448
10378
5791
8141
11583
4075
8548
2718
412
5553
5456
7872
9375
5072
5083
2108
6983
5552
11087
7030
1547
3588
10412
6408
7039
5433
10971
8836
6362
8280
8206
7761
3766
51
9807
6336
5636
57
2404
1169
11320
4975
2193
3178
2982
4250
3355
647
9391
3304
9316
1766
7748
5059
9533
4628
5642
6019
5706
11329
5147
9656
3232
10086
1143
2606
3144
1956
7759
8797
5607
5373
9885
2110
8085
2599
11005
1750
7978
7887
2568
295
9123
3535
7338
8145
3851
261
1359
10219
1987
4667
1014
5860
5649
10954
2576
10644
10796
11136
583
3856
7936
8749
6475
8775
6070
5963
11153
64
9345
1195
4168
9608
872
9940
2721
2926
10432
4264
2171
10722
3944
11863
8541
5770
7316
9436
9024
2935
2188
1857
7859
3033
7917
8683
1338
3431
2400
3758
10044
3727
10655
5741
2339
6920
357
6900
5247
5134
654
7579
1447
11610
6013
10958
10077
2250
10809
6170
5918
8530
376
915
7835
9206
1715
2980
6585
2715
11795
8073
6462
10371
10559
5256
9661
4949
2034
4065
4655
929
11718
2417
457
11852
8125
9600
4986
3791
8640
1100
1617
5066
530
1127
1413
8924
9797
7183
2555
5739
4446
2604
1699
796
9449
3925
8732
3188
9314
9584
1769
9343
1083
3133
4836
6134
3384
10502
3388
2332
8282
8479
5493
10929
5962
9072
2430
7852
747
7165
4759
6069
9527
10602
10342
1638
4401
9126
10839
330
8745
6788
8093
5917
6000
1924
5520
10907
5578
10802
488
1210
11858
573
6606
10304
7117
10509
7607
5158
4564
5898
1061
9283
7373
8429
6898
8939
18
9983
2713
4017
11205
5902
781
4266
9107
9751
9411
8142
10970
4166
6222
8394
108
8540
9378
5540
621
11233
2813
11272
5505
11930
7935
6667
3991
178
10433
5068
10743
11217
727
8894
7323
5772
525
6561
9559
5718
7512
736
208
1198
8365
834
6096
10473
2690
3726
3666
10749
9182
11029
11330
10860
11844
1306
11663
1947
6678
2113
1958
4279
10837
8735
5955
8677
7337
11198
1679
4755
4235
10265
6714
5348
10565
5393
1496
6257
1667
11697
5507
9562
9647
9401
1468
3783
3201
1802
2067
5252
6130
7753
3205
10488
7716
9765
3369
4892
7023
11409
2063
3763
10532
4999
2814
833
9029
9749
8019
8853
5580
3372
3525
2750
2073
8891
2036
1838
11003
7275
2552
10395
1396
3855
11208
3292
10163
3221
8942
3867
4380
4976
6669
10556
3498
5475
9094
5836
8828
7099
7309
10692
3505
6023
3314
11477
11860
5887
2595
8738
1204
9604
7802
5937
7821
1469
8855
4060
8691
8682
1536
2111
11212
6729
6259
3217
11745
4221
6281
4301
3475
6071
106
2104
6056
5939
5234
6902
2695
9406
8983
5452
2854
11262
5628
434
9110
117
8912
4159
4449
7796
6212
5637
11421
9476
11865
2074
2647
1296
11229
6652
5801
1011
2765
10245
5023
1471
9446
5998
773
8213
8829
7625
3652
1153
3110
8330
5085
8378
11154
11043
4329
4773
6489
8944
9866
8182
7593
4354
3939
3057
9199
3154
4485
1821
7575
3216
5555
10415
1652
3282
830
10016
780
5517
7348
7739
230
9494
3945
3541
1427
4791
2384
8613
2452
2091
4105
7143
10811
755
3551
11524
10898
9243
3755
9293
3646
593
2754
8805
10249
11077
1826
11562
8179
11323
1735
324
309
7287
2526
47
3458
9479
8642
6517
2174
1962
253
4183
909
11049
11075
5418
967
3878
4698
10775
6793
2346
7381
9227
10545
2231
6968
5053
11388
10177
5169
5883
9217
1607
8497
1168
4854
4998
9894
11790
7246
8538
2916
9361
8679
7588
795
868
7966
2757
6434
7054
1215
2579
10694
4813
3004
2440
3735
9733
5764
3960
1751
3940
3338
6326
3421
760
6337
1930
9233
404
7681
1362
10367
7299
9466
782
4609
7015
11596
5060
5504
5205
6339
8045
6812
11176
2152
6454
10774
2655
807
10139
7864
3698
7431
11687
9655
6093
4662
1546
9049
9753
3842
9447
10687
2419
9131
249
3297
5323
421
9317
7767
1045
11802
2992
3480
9613
1037
6046
8751
8064
490
8897
11284
8636
6821
4029
7736
4643
2223
6199
9500
5202
11743
1049
11625
3354
753
9840
4220
6443
2639
11547
4107
4744
442
1682
10284
1599
3344
10171
5407
9677
3771
4115
2494
3911
9089
8637
9318
11929
8566
140
10985
2548
8508
5726
4391
119
11175
5919
5305
1030
3351
7710
5368
4561
6265
6736
6640
6180
8950
3922
2256
11705
1480
11402
821
4384
3147
8955
7375
8911
3895
9985
669
6558
2010
3817
8816
11267
3556
2162
5723
10859
11830
5978
4389
1680
5360
10377
5099
4427
2420
7843
10753
4195
5438
7027
10041
5656
7318
11685
1229
1713
8207
2665
5672
8442
10842
11565
6168
1594
11400
7851
6813
4486
10022
8366
9830
4325
5444
8355
7614
6676
3700
9036
5222
9956
1004
10813
2812
6630
11468
6133
6234
1291
10727
3870
3127
5151
8307
6575
8180
5795
10746
9115
6977
5807
4832
7391
11896
5052
11236
8863
8335
11469
10618
11480
10623
5981
2406
5470
7325
2924
2007
619
8717
3464
6992
6080
1224
6901
6524
3103
3091
9362
3155
7690
2118
5640
7582
4210
9149
907
8233
11667
3516
9116
2574
7497
9088
11927
3455
5111
3327
9774
3211
10005
279
2353
4948
303
7636
10610
9377
430
3796
4416
8586
1057
4974
9137
5581
7666
1757
7662
3172
3529
1950
4121
6617
3239
9313
5551
125
1405
11631
4463
7280
11253
6018
3150
9786
6485
2990
5243
7943
3398
2503
9688
612
9457
11156
5071
8503
1854
9211
7034
1171
2381
4526
11607
6064
380
2310
6344
3774
3543
640
11058
2847
6020
5394
5451
2817
2732
8481
5819
7706
10437
9230
8402
1324
5930
9954
9357
1361
2557
860
10278
7514
5839
4585
5216
4090
9726
9800
2516
4236
9356
5300
9016
4641
4838
1847
5400
8066
822
341
10814
3662
7479
5013
394
8356
368
7695
5278
1895
3647
150
406
1079
10003
7801
5638
1850
9556
6976
8042
6672
8071
2276
2139
2444
11428
5837
1581
5289
1406
10239
1118
7566
1112
6798
2769
6289
2198
6997
8767
7948
5096
11686
11702
715
7495
1549
2510
1412
1348
5584
8187
3966
4546
7021
1377
11609
4429
975
2871
107
9374
4172
2490
5605
6711
3125
10349
10392
9539
10799
1123
7263
4576
1075
1063
5572
4253
10152
9868
8263
6132
3181
10923
2142
6747
164
1860
1662
895
2232
9060
3075
2427
6058
11751
9493
11849
8525
6165
10517
7933
5820
11783
6511
1133
7049
6834
4023
2166
504
5297
10316
1886
7114
9226
3752
10398
8990
1380
9916
6426
5484
11915
2243
6853
5710
6492
418
5775
3148
1059
7507
11457
11494
3969
674
6192
7675
3310
1443
1342
7388
9396
5907
10869
7122
10476
9030
2737
5182
6048
3684
5251
7416
2127
4822
4009
221
11777
567
8051
6690
3566
4926
5765
3303
5460
11835
5854
4208
10594
4137
2614
6294
8364
1122
11735
2136
4901
9750
3785
8134
10936
9734
4448
2832
11131
4784
11353
9976
5644
5188
5948
5675
9746
9432
8290
5602
1585
11864
2268
1331
8761
5230
4044
3236
9944
4270
4424
10582
11237
6644
9471
1694
9439
6758
5528
10803
7155
3024
6240
1470
10851
192
9460
8546
10350
9117
2210
269
2144
7616
1081
10566
7279
8819
6922
5411
9393
6015
8968
5
7752
8716
11014
9352
6304
7673
2607
1024
8501
2282
6457
4541
11203
10583
1044
8193
4800
10698
10770
3186
5537
4761
11343
11287
9854
8623
3559
11080
3364
237
10754
9167
9684
71
10102
8999
1028
11721
2479
8225
10225
5003
8545
6989
8510
11086
1720
11135
11152
1066
1817
2727
11595
10393
4454
5095
5987
5804
9616
1576
6787
3380
114
391
9590
3524
7757
8700
6404
5244
11516
6207
2033
11437
3877
3623
7570
2566
2674
10486
277
11059
1588
3250
2218
3332
1859
9252
10312
711
8774
7400
4196
7510
3481
8149
2657
6610
10136
3701
10688
990
1436
1608
563
7343
6623
5583
1310
10264
8920
169
8044
8292
7768
1789
4026
5713
210
3348
319
5655
11232
7677
6774
7315
4983
4492
6965
6214
714
2890
7567
8866
5032
2681
6883
3047
10849
3271
8127
10981
5073
2132
3113
1897
312
2619
8524
1129
4185
7951
8559
11752
7135
1792
648
2602
9663
6685
3560
10074
7415
1185
10679
4740
3005
659
1664
9789
1748
7060
2981
11616
4459
7335
10882
10202
2244
2714
6171
9846
8137
7924
6745
1297
202
6486
6986
360
7641
3848
10189
4256
11765
151
11489
7303
4493
8598
4207
5242
7011
5105
5397
8874
9915
2335
8827
4751
8539
9172
5896
495
2448
1589
6624
1657
8535
5900
8209
7356
3993
5093
465
2168
6355
7654
423
638
1781
8079
4214
9865
6004
11841
11242
7707
8908
6251
9867
5312
9164
4928
6148
7751
4595
3601
11572
5026
8759
42
10062
2891
634
4146
9256
8655
6513
6534
3906
6910
6967
8804
2968
7842
6641
11716
10611
11580
3429
4644
10552
3645
3272
6405
11627
1283
10961
8058
5480
8264
267
6450
6363
7930
1260
4043
9100
1191
6495
11372
11823
11556
8879
7102
8414
1754
4088
6566
1313
11040
9297
2255
11132
4294
8204
165
10790
8383
6723
2485
5000
8309
10626
2473
4682
3967
1295
4245
3265
3067
3300
5768
2386
7920
6913
6102
10748
11004
2768
3613
2839
10069
590
4374
2123
3045
1579
8377
7694
7103
5215
73
8100
6314
7729
204
11417
9518
10211
964
9958
4962
8028
4239
608
2382
8417
1162
471
10424
3252
10578
3136
664
6682
9752
9529
9213
9085
3008
7444
7069
4701
88
686
4020
644
6
2720
7126
9076
5705
7179
7765
8791
6072
8021
3734
697
9191
2215
9258
9690
9844
3547
10417
11429
1197
5760
6915
6768
10132
6073
11336
9551
4535
5973
1067
10573
9573
5498
7359
10826
2974
8798
10049
7238
7644
4397
1770
2020
6449
8780
5599
9312
3827
11002
11106
10200
11126
6391
3308
9595
10321
10197
7474
10260
93
6792
10640
11073
11270
9201
10621
3299
2700
9978
11792
1701
3173
9387
8339
3104
1265
7850
10919
3900
2582
7999
5423
2774
5007
2903
9346
6589
7437
5529
9168
6719
2308
927
6929
9368
9928
598
3690
37
10916
10270
9785
682
3702
5378
11241
6556
1341
9980
1010
7320
10325
6843
1747
7283
8325
8215
3319
10705
1259
4038
4632
4045
10820
3206
2584
1880
6537
7714
7979
7010
11854
1986
9669
2617
10670
6161
7158
2181
1879
2100
4353
9668
6008
2894
3824
5748
6957
1968
4002
11177
9452
9307
11185
8793
5218
3519
10451
1411
916
1154
10549
8471
8346
3228
3117
3131
1655
10641
7836
11230
10087
5699
2927
614
4899
8315
43
6892
4217
800
2145
3868
10733
5608
9768
11406
7432
211
3677
517
5332
11281
7076
9680
9080
2221
3554
3360
5614
5751
7926
8603
9561
5476
1401
9699
11471
7590
4385
8673
5313
3283
1435
11445
9719
5040
5621
946
7025
4376
7493
4133
2585
11538
3060
4525
8519
9948
7237
11373
5549
6081
2542
4345
4514
770
5466
10557
7361
5725
9702
6949
4223
9310
489
1206
11495
11827
5401
4198
8906
987
1787
2418
6022
2266
1337
2194
3859
4086
4291
227
2041
4557
9083
3555
92
5524
4852
11413
7339
9005
6079
8550
10966
8802
5501
4704
2016
897
8386
2161
9203
6764
6928
11877
8885
1334
4786
9118
2831
11732
8607
11079
4439
10537
1867
1864
1903
2629
6104
1812
6357
10040
628
2806
4113
1134
8706
5301
1303
11022
6473
3926
1677
1911
11817
10516
5575
186
2983
10435
6036
6319
6253
10914
5500
2905
9835
535
8406
11594
6981
2962
8427
1717
8907
3531
4021
941
4350
4363
10296
8480
168
6295
5159
8423
6815
1852
2155
7955
4460
846
8013
454
6844
1320
1978
5851
11700
4815
5684
3312
6273
1025
971
6094
446
257
633
7674
5354
7166
3642
9585
8089
6310
1451
4756
1409
4071
11182
4292
11590
1728
705
1018
3085
578
1946
4688
8708
3632
6979
2564
9549
7402
4935
10470
6939
6749
7055
11757
364
1878
3995
6448
11183
1249
1371
6349
8823
9309
10214
1772
7133
1047
2229
8244
2183
11321
3463
4947
5333
62
1508
8675
10886
8294
10635
10924
3748
1966
5138
4680
579
1593
1378
11800
7140
8252
2741
3723
4331
9547
4905
6044
7908
673
7405
7969
3331
3596
5510
2398
10671
7366
4067
3590
10955
10487
3672
146
10676
740
5462
1164
6113
8768
11813
370
6785
7038
7496
6498
3915
3373
4736
11668
10183
7492
9904
7563
8174
1434
1192
2529
4810
3294
1152
1663
4517
716
998
538
1670
11307
7760
9234
2578
6241
5547
626
3422
10118
11876
11396
4713
1262
4634
1943
5871
1448
5891
5157
6539
6948
2501
3852
8515
11807
6092
1752
9220
11304
7298
7998
6383
3608
10115
3626
11675
8824
7052
9869
8416
7671
9073
5367
5596
9698
129
5174
6140
11056
3927
8099
1266
8160
3747
3337
4818
8747
11738
10128
3258
6849
11797
7180
8551
7740
9577
4452
3935
8601
11062
2261
3187
5319
2447
7879
6393
10921
5611
11334
8032
8341
11903
2028
9897
5430
7931
4425
10158
11557
2253
19
7045
3583
9161
3170
5049
4307
9192
9824
7517
9184
4184
1604
3447
11690
3840
4970
9456
1489
6988
9886
6105
1071
2360
1174
767
4158
6634
8974
7806
5893
8198
3597
4178
10147
11921
7141
3931
220
11744
4553
11543
10465
1933
262
9152
4318
789
2397
549
2304
10232
2567
1420
9802
6385
3323
1312
4731
156
10129
134
10048
8686
1263
4730
4169
6959
2373
8324
5133
1483
6805
7587
870
5030
1414
9696
7542
4342
2570
5664
11643
3908
702
7599
7043
5324
4575
2608
6167
1120
5118
3064
887
9723
8547
6802
6446
11258
3917
9370
1147
3339
1625
4604
2038
11511
1107
2776
8123
8345
1006
1853
4749
2154
9101
1997
2236
3059
9939
849
3587
3153
4848
10259
11266
743
3295
9225
7231
2588
77
1463
11338
8251
6947
10144
7628
2507
5960
5990
6872
1402
6921
6904
6429
45
507
1843
4691
4840
2318
6286
10263
11027
2967
667
2431
5750
1552
3972
8653
9658
9787
10376
5359
8163
1335
5793
7595
1511
6177
2878
10529
7241
7700
2059
9292
5856
2216
11638
898
6873
7808
456
3552
5167
5576
3776
7797
3054
9812
4934
4295
9275
5399
11037
9883
3394
5404
3563
7056
5391
494
9955
4695
6942
4286
3914
4435
2322
3196
5454
6348
10835
10322
8379
8984
7848
1151
5733
2938
6476
11370
687
6831
10369
3602
9889
2559
7389
1336
6043
5866
148
3664
2530
7957
5033
3488
3711
9965
1640
6819
9617
9917
3813
11178
9626
8067
11497
3503
2998
11712
3261
8113
2969
5150
6689
6804
1062
10335
11906
5880
9700
5261
1387
3720
8056
4608
10289
8277
8609
5152
5652
7964
6095
11201
4671
4332
2667
8054
4558
3610
8514
4120
7639
4720
9351
6467
866
8412
78
4711
9853
6789
75
447
11711
6696
2392
3595
7198
9425
1165
7277
344
298
9526
7422
9400
6246
11911
3445
11848
1437
3017
4684
9467
9901
8647
4769
791
240
10850
8120
2885
5358
7905
396
9232
9308
970
11103
4860
1284
3223
7828
1871
2600
3657
6375
153
1611
5949
8554
1114
6987
5711
5153
2676
9930
3518
2612
7503
6413
5662
8196
4683
461
8625
4224
9328
4805
3858
865
9274
8333
1740
1761
5010
9477
6197
7236
11657
3514
10650
6772
7723
3432
7686
9428
2357
2120
4098
2959
9169
7741
11693
2821
11585
10257
7470
6334
2262
10045
9660
5600
6555
7896
2450
1482
10964
1417
4458
7724
8168
11324
1707
1972
11632
2143
416
7269
8154
2324
5474
5951
5589
3742
10980
10577
11147
6548
4639
8241
9960
3070
5198
493
11620
5414
6783
5992
7552
6038
7962
3456
9505
8197
6503
3244
5543
4826
6822
4368
11082
6160
1476
3015
6188
9665
9816
4058
11174
2866
5094
8122
845
10354
9682
8036
1904
7087
904
9981
7653
3260
5490
11725
2957
692
8953
11523
2955
10615
4225
6522
8852
1415
2825
4707
7342
11799
10430
8010
5392
287
4327
5692
779
7878
8041
5814
939
7379
4579
8457
3933
2053
7688
11451
1601
9704
9784
3497
11078
2508
7634
3023
1299
5892
10908
6554
3220
2858
3156
1252
3865
7204
2725
7435
4985
3880
195
1597
7558
5511
4487
4400
4696
9648
4478
10560
104
6370
5972
7002
1111
9045
9062
688
3572
2514
5773
10931
11695
2436
8868
9272
5366
10861
2052
8401
7077
4333
4674
7364
10271
333
2603
3439
3027
118
7809
2307
2319
9111
7171
301
10008
10089
818
9822
3996
997
142
5413
11850
6817
5446
3929
1840
3022
5197
8905
2562
3863
9459
10523
4500
7226
500
2435
11856
2254
670
96
1069
3716
10339
6317
1356
3001
8024
995
5941
10762
6331
699
4918
6325
9705
9653
3577
2235
989
4847
5910
9194
8837
11259
2467
1487
9650
2621
7020
6324
7612
10489
3872
10719
6425
82
891
4411
9237
1813
10493
7568
11730
7708
3028
11728
10172
4171
4748
10520
4968
882
10266
9441
2801
2096
3989
1327
790
1537
9728
2870
10207
10721
617
2930
1068
4882
1009
2680
6365
10503
9157
6704
5187
2445
6224
6862
1041
3947
11096
4621
46
6083
8007
5618
9662
7064
3112
8922
1293
5890
2761
4820
1316
8762
7071
2390
7747
2804
7715
6307
4739
1459
10678
11773
6619
2686
6581
9426
1385
3132
7333
7863
8736
3167
3948
9563
8893
10368
4123
8726
296
7250
7682
2306
1602
3838
6505
1503
9847
8997
9982
1491
7608
9525
8211
11426
1101
5489
4076
53
2411
7571
9023
8158
668
725
3706
10135
8295
2124
1369
9488
10243
6109
4278
9709
1696
7965
10190
2836
9236
9524
11454
7942
3775
10873
2222
10843
4314
6290
1046
9649
6468
911
1654
4455
2723
10024
3362
10414
2704
11222
8769
1563
323
11570
2522
8082
6463
649
9109
3814
4379
4135
5541
2298
8080
2186
5171
8556
11696
1095
5233
9244
9861
9831
9902
3048
9097
7228
9934
1995
2487
7363
9245
4209
764
10682
4162
3639
1580
1332
5806
768
1807
4795
645
2917
5865
8520
5415
4369
10306
10423
1034
7426
5730
7005
432
7267
3151
6403
2196
265
11683
10800
11052
9582
4650
7699
8690
10541
9706
5087
2751
8634
2913
8476
9713
2818
9156
6252
3548
4134
2299
11893
11541
10571
11039
3427
10198
5082
7827
11724
6919
8627
2461
4467
2911
6847
270
7660
9138
1285
3359
3762
3665
3241
8993
5372
40
2296
2771
3126
9340
922
9790
10025
11479
3959
2483
2178
11552
3313
2025
533
4010
2172
548
5384
11210
458
3964
11723
7091
8096
6077
8463
1220
10287
3979
7256
9788
6708
11016
1837
515
8084
7669
2861
2843
1058
3889
5982
6598
1104
8821
2533
10295
8689
10646
11838
8172
5403
2160
8695
819
6553
9618
6597
4056
4260
2675
1141
10561
8963
712
9638
5782
10750
4859
2363
4031
797
4601
5214
9003
9580
11758
5204
5781
1598
2137
2029
2227
2819
11573
8703
1268
7300
661
8992
10854
11438
977
606
4244
3841
5246
4114
6956
6267
9001
749
11108
603
8701
11418
9610
6722
10858
4046
742
10104
7413
2187
4625
5993
7508
448
8553
10972
8850
966
1289
7394
10863
6791
4170
9223
11463
9284
8681
2994
5704
10256
8658
6488
2434
4920
6508
1922
10910
2787
7650
1223
3680
10638
581
8407
11634
8534
4582
5679
8486
3693
2904
3731
6626
4382
9876
2150
11415
7481
2640
9333
11189
11099
5747
4821
11857
8101
3229
3121
5201
11621
4254
8645
4293
11303
7468
11900
6118
10700
9304
11475
10361
9442
8867
5609
10084
2191
6455
7853
10772
9071
2167
9544
2345
2760
8420
7312
10318
11404
317
4589
11439
9250
8822
592
4344
4796
4706
7255
3436
1026
4475
4884
251
1741
10113
3171
4957
9503
10603
6699
5210
11362
4466
2005
9909
478
1692
190
7174
680
4177
1618
2274
7332
3744
5281
8825
8478
5875
7609
3754
7430
1734
4941
2976
6264
9541
10967
4118
7324
369
236
3189
2273
10747
1270
3168
4694
10120
2798
6657
9041
1042
8676
11791
1379
9899
7209
6780
8869
3107
5690
4417
4003
4925
8040
6999
1820
3328
3837
2285
7488
4063
1759
5417
8929
4471
4942
6800
3509
7424
11917
2590
139
7395
7790
6993
948
242
8070
976
1558
2376
3715
9576
6516
3521
4237
10447
3983
10524
1555
5828
152
10707
10672
7401
6905
9543
6643
9434
11532
351
305
4543
5416
10890
4438
6709
3696
4079
4456
3037
410
11180
3486
11924
9154
3353
11143
8790
3633
2834
4723
9418
820
8801
3396
7051
2389
9799
1302
8931
8273
8826
10991
311
8536
2743
9210
10917
11871
10479
4194
5897
3301
11539
7685
9257
6927
10004
4649
11410
5616
7730
10997
1375
5015
5873
2779
2862
10300
4620
302
7086
2055
3200
7974
5737
7661
8941
4403
10716
6011
1465
11692
5620
4945
8017
11606
9745
2999
4898
3729
7820
5570
6277
1292
3685
2505
3247
1887
9725
3276
11517
8203
7230
8746
3284
11137
5666
2433
2147
422
10364
10170
11098
7396
6191
4598
7061
6501
5734
2003
5075
5759
3248
7334
5491
537
9478
2293
9937
6390
10226
2190
5843
11642
11589
155
6846
9178
10695
3767
3511
409
7003
9173
3688
7758
1216
9440
8143
2252
4885
906
10388
5362
892
6703
5200
11569
9489
6760
9881
5192
8971
7109
5625
1184
8884
6274
9261
1488
8153
2013
7094
10019
11389
6890
8787
4423
8285
4538
10579
5488
4494
8838
7119
6960
5686
2722
8185
1629
4690
9122
8372
5458
6974
10507
11582
5161
7393
8095
1330
10927
3449
4937
2830
11662
10607
5496
6842
8445
6943
11218
8389
3898
11534
4866
9778
3409
2459
10893
9099
4000
5622
11384
5709
5267
3710
9491
5106
10876
3589
475
1304
9519
7537
11615
282
2627
4497
8694
6629
6953
3946
9631
5229
8369
6701
4699
7429
1582
7199
10544
4930
10685
10468
3913
10878
3788
10356
6656
7778
838
5577
9929
281
9814
2220
6376
7042
11129
11674
4372
1464
5502
11407
2086
33
7594
11122
4070
4606
24
7544
8558
867
663
8254
1019
4179
8725
5279
244
5882
10384
11092
4552
1876
9850
604
1254
5532
7899
10987
11416
5569
4812
9772
11289
6533
2240
2997
587
1861
6932
1322
5021
11812
10440
9913
9921
5601
7684
9984
9443
11213
7188
4932
2340
5298
3246
10789
315
5388
3161
1
3243
8573
8258
4040
952
9546
3278
7349
2707
4652
6085
11499
9254
2910
2004
10899
10848
6481
9249
11883
4148
4642
624
2416
9622
9143
5509
1855
3570
7494
3934
6633
10874
9444
545
828
6969
7475
4306
5434
11375
9903
10521
5248
353
1963
6880
8050
7780
10973
4507
3654
8851
4545
5946
8091
2305
6728
11224
4638
908
9603
1461
5626
8130
11636
1678
5487
2396
6107
2849
2591
8303
4653
6856
3901
2090
4443
4352
6799
7511
8743
5022
3974
769
8176
11110
4772
10352
10711
5262
1170
8875
1513
3984
11163
8413
3728
4679
3149
2778
11064
8439
9344
4474
7274
9146
10185
9402
4175
2517
10043
1921
10558
2321
7856
3376
7428
1099
5954
6444
854
2182
9058
3088
4510
2281
9560
11652
7592
6088
9632
3466
4365
2094
4012
10053
9964
1905
1738
2496
5420
9322
972
11905
6637
2102
1874
3832
3450
10145
5844
2199
3736
3363
1273
2709
8888
11113
7336
9667
1394
10631
1257
4586
10745
5089
337
7215
11647
11512
2107
1534
4310
10648
10840
1478
847
54
4697
2670
9112
4509
3340
2684
9484
8527
113
4506
6866
5521
4958
965
5534
1991
11333
411
4765
4173
11747
2539
8665
9218
5450
9435
1636
10478
10160
4583
2128
5964
8094
2493
934
8582
863
4418
2354
10035
889
991
8591
5160
5280
3627
3482
8544
4966
1945
3288
11804
2946
10138
2699
10460
516
11887
3266
272
3579
609
231
8161
9907
11507
2126
7854
8259
3071
10751
233
1350
8661
7409
292
11820
10320
3420
8989
2159
83
4843
1166
7665
1280
8446
2915
3961
313
826
5249
9942
6857
1506
3689
3893
7727
6017
5903
3653
3442
7945
7577
10237
5036
138
1440
483
1689
3957
8771
8276
4855
8947
2309
5983
7262
5041
4341
10229
9760
5928
7445
7156
5592
7093
10816
3918
1524
3279
4232
5947
4027
7664
6818
3253
9516
2456
11345
11257
5293
2446
3218
2138
8405
1343
8757
8577
6041
5483
7449
7890
1374
974
5879
11291
3062
8643
11083
5034
10224
5536
9141
4102
9612
11238
6832
1479
8587
6006
655
7596
4213
3366
8531
625
8208
11780
10261
9285
11608
4366
1651
5318
7107
6586
8129
1931
4004
8131
6260
10124
6907
3040
4990
6580
11204
3152
1399
4771
10098
4182
11714
11904
3255
7601
5829
1709
1205
5818
11461
8257
2499
10994
758
4534
5766
2284
1908
1148
102
1684
10425
2875
7068
8766
2415
10110
6707
8529
10684
2848
250
8572
3433
4426
8843
355
1641
10584
8628
11271
255
11015
8428
5853
2080
11661
7857
5788
8147
6159
2561
2794
144
1869
1815
350
4779
2271
11660
7070
2050
8973
10482
5840
6327
8932
9059
1639
7351
1729
2719
6271
1484
6568
2121
7649
6249
857
1727
6897
2580
4624
5195
1090
1339
4050
4464
1786
7096
6961
9820
8596
2249
11340
6671
11493
2742
6911
1691
2323
3317
7874
4603
6833
10060
1808
5108
1194
5428
6144
1723
11635
11215
10605
9079
8011
1870
8809
11588
10612
10477
7392
10911
2734
3985
3847
8074
7626
2001
9342
1072
3143
6066
1714
837
183
6139
10072
3010
11072
10937
856
1200
473
9703
8507
6439
8060
11878
9740
3361
7159
2278
6602
4489
498
206
10274
3988
4754
9386
1319
2092
9067
8760
1605
6519
7672
4157
7815
565
5471
2954
8659
5001
9747
8928
3298
7108
3669
10805
7569
1048
2237
9105
4849
6615
6761
8227
124
844
9839
3044
10039
6845
6478
9174
9139
6770
8323
10533
3681
4151
6876
7624
5226
808
11753
4950
5149
197
1913
1790
6705
4502
708
7252
880
5859
4243
4008
1256
329
980
7865
1845
878
8854
6142
5683
1858
2259
2525
4203
6680
6027
1102
11431
2859
1382
3468
1844
11379
7072
9035
5680
10285
4814
1497
7787
4106
1245
9208
1623
724
2112
219
7163
1877
7291
8705
7447
5455
3761
6525
7009
11698
135
7264
9264
6031
3998
2729
4845
11167
5979
7515
1398
2065
11294
7365
10992
7311
801
7988
6917
5535
10314
11378
8322
5823
11676
11809
8351
5031
2471
3829
2867
4206
6392
3760
2148
4777
11160
5729
318
825
11913
7063
9936
11010
374
1094
10738
7861
3544
10645
3513
738
8764
5057
10531
7893
917
6756
6490
10065
10922
340
10337
9051
11133
10108
2810
1344
983
2553
247
2618
8496
6037
10986
10351
5469
9716
2205
7791
2472
2441
7605
3379
2125
3635
1271
8229
4629
9833
3370
5327
9718
7257
1175
5560
5107
5558
4299
6054
840
623
6051
3058
10210
4984
11140
9150
9224
4588
6402
5274
10305
10704
9949
7004
3245
7618
6852
9153
1043
470
384
4916
3055
10686
6395
2759
10109
2975
6733
11518
5426
5086
2495
11442
229
9295
5364
7040
4032
6521
850
7749
6964
2899
4767
11209
7668
3031
9691
6380
11932
1211
1698
8155
266
7789
6084
8181
6731
10000
9792
11664
6859
718
5825
356
2673
6341
6233
9523
6098
9991
5019
17
1719
3367
5629
11035
9694
3399
5877
7452
3746
11713
1227
10162
2846
10714
3978
9294
65
11789
10151
2571
6851
3197
7627
7816
1610
8027
7953
8937
11111
6506
8494
11351
7772
5383
8314
853
7862
11456
2882
5304
8199
9987
2672
2061
6803
3564
9372
4685
6189
3612
5557
5029
3517
2269
10338
2099
10029
2668
10943
2550
316
6786
7341
7907
7822
586
9857
1187
4241
5194
10494
7147
11315
449
6116
6543
2985
3636
5316
2351
1756
1955
7097
5678
9165
6179
4298
1745
1432
7211
11834
6014
582
8900
3582
4908
4428
8038
10643
7788
4953
814
3756
3452
6146
4716
746
8975
6228
9061
544
4174
6155
8410
2211
9147
4199
5901
10112
3740
1535
13
1737
1449
3426
11090
7433
1353
558
2840
1329
6718
3465
510
10386
2669
3812
8666
11561
6026
383
8034
10068
4708
8664
8946
9176
5340
8913
8135
4296
8904
8714
4504
1530
9325
6035
2597
7472
3951
3068
3013
10228
6128
5848
11316
10010
6182
3886
6735
8687
1825
7248
1193
4890
2925
5219
5387
3119
9673
2371
4421
8711
5975
527
426
3592
1872
6721
2921
8919
4995
4770
3707
2912
6178
4902
7518
2790
4161
11525
7742
4408
8841
3691
2545
39
7487
783
4610
1431
5669
445
5344
9288
4605
5682
3805
5343
5915
7462
2807
9742
3864
10165
3411
10652
5185
5223
9453
10082
11433
7505
611
2823
6123
7617
7781
9589
6065
11651
8492
4648
11268
2242
542
2756
862
7504
8597
381
4954
8281
1892
5347
11169
4656
3683
126
9497
11601
5623
8958
7463
8016
9502
3591
9303
7737
11155
5264
6414
10510
2824
5945
11779
336
11254
11190
8925
4324
11563
5265
4993
2214
4594
1146
4872
5128
7075
10
4906
6411
9000
10111
6938
5296
10088
8578
4929
4039
4887
3403
9992
864
754
1438
11235
1954
3881
10856
8255
11365
2130
7840
9730
9473
8136
7819
10736
7022
10760
4035
1595
3699
7963
6090
5136
4559
10453
11261
8126
7502
5617
10601
9763
883
7550
10047
3487
3356
10665
11655
10563
9919
3334
8026
6790
9255
2129
1742
11739
8898
3907
9744
6570
10434
5822
179
10051
10081
8684
5314
4051
7655
7486
10446
3459
11149
2379
6497
6424
10123
3952
1282
7385
1898
10333
11184
10525
11128
10787
1142
9583
7520
10467
3845
2208
4878
11776
8839
7891
1960
1767
9676
6152
6569
4894
4658
10220
11357
4858
4635
7294
256
3086
7310
4792
5062
132
8191
200
1301
2883
6572
9507
6303
429
4469
5237
9860
8954
1247
8808
10895
5594
5369
8986
8652
433
635
9140
408
6030
11726
11032
3553
5043
4646
7726
7499
6655
401
8845
4864
4099
6372
9231
5250
9082
6343
405
7534
8452
1157
3667
4721
8788
2895
7897
11278
6001
97
3692
8368
4971
419
6528
2906
9385
8305
6195
2898
11886
8786
8741
4789
4283
1829
4095
757
7883
5676
5009
6143
662
5927
10311
6087
7355
4110
10248
5435
8646
2547
2970
11460
11223
10766
10783
5571
7939
3286
8620
1764
1492
5408
2782
3668
2852
3932
8718
7346
9319
5113
101
4664
3098
314
6645
6695
9032
10326
3879
280
8059
9010
6801
2808
3713
859
8152
11602
8362
5933
6229
7807
10730
7427
2577
7220
869
5812
7529
7293
4145
4037
6933
8615
11629
3920
5754
9721
5269
5732
843
5481
6753
300
836
3765
8709
1450
4774
10885
7059
3412
5786
3326
6009
1199
7032
9900
2355
7621
5970
5515
570
6515
10474
2248
11427
3628
8431
9463
806
2876
8053
10242
2185
9973
8533
7691
8253
11394
7235
1875
6744
3078
5847
7207
11861
8915
9931
4261
914
5989
6421
3695
9517
3899
8272
4728
11533
10633
4578
10776
7095
6367
5309
9968
7149
7785
390
11478
9084
4924
5586
10221
10436
8121
3386
10131
1906
6074
9046
10818
3472
11666
11181
6893
3770
6716
8505
5976
5817
3962
564
8739
10291
2537
8023
5783
1571
7368
268
8329
10785
10710
6291
6386
7406
5824
772
5355
2413
921
937
2294
5731
2902
1457
5796
10952
7073
5061
10180
8318
3955
3109
6603
8006
415
1703
11240
6368
2731
6726
11100
2610
4537
291
4361
10405
11250
2634
5193
2877
3128
5938
6496
10508
10530
11731
9999
3721
1017
9197
4956
5148
6868
2908
7232
9380
9433
11335
8744
6262
6499
7901
7745
8977
4348
7382
2589
6941
3779
6954
8451
3773
986
7418
1726
11449
5448
5050
11246
912
3381
3902
3970
6593
228
4476
11391
5284
901
8608
3257
6237
10963
7946
11798
5519
6215
6751
8945
2688
8029
2370
9569
4991
900
5310
7218
466
5077
8472
3593
3383
2201
5630
2469
536
615
1218
10471
804
1516
5591
5612
3903
4785
8555
10292
8952
7591
8483
5929
4768
11679
6666
6187
4096
1938
5225
835
5016
9334
10067
7225
3032
6828
1466
4153
5697
4061
3077
9069
9914
11715
9769
8249
4124
10794
10857
8108
1408
2662
11689
5405
6620
4470
6668
3576
7489
1407
10408
11068
11922
11071
5074
3080
11107
11875
3862
1092
1541
10862
4371
9018
774
4881
4560
3000
79
2586
3159
596
7811
6559
2758
7112
1181
7980
9269
100
4477
10675
3414
5048
2540
1477
785
6675
4556
3997
7350
8758
8734
9004
2554
4994
10206
4049
2380
7867
7718
6318
386
4282
4549
2018
7738
5797
3395
9373
5163
10280
5550
9997
427
552
9300
9720
8861
7521
4407
389
9369
784
9910
8422
9398
10251
6263
299
2429
5845
11081
10663
5121
6616
6807
2560
7538
5311
5677
8988
11737
10699
6173
6389
5514
7871
10057
7610
3162
7370
11574
3081
4015
5027
1755
1616
5526
10628
6861
10011
4938
9450
4358
366
5813
11076
2042
11193
10193
2909
4142
5092
531
7399
1472
11898
5478
2497
3809
816
482
10441
657
4846
2653
7080
4018
6514
1393
2752
10454
8935
90
5129
3722
2738
9044
5370
4402
2378
6453
9260
6204
10630
7403
10428
347
4334
5842
2105
10012
3215
3573
2663
8581
3801
1929
8523
196
2468
11503
10791
7460
2791
1688
620
5361
6895
2491
8532
3949
6042
2311
6484
3656
6111
6157
11872
1827
7062
10410
8466
7092
7833
4763
4862
8490
1514
5593
399
9945
2000
1189
9238
5863
4700
9408
11048
10438
8230
7756
888
9047
9873
5436
3192
9962
4528
11063
8436
9920
9515
6063
10777
7712
1078
2523
6806
2267
10431
1088
6923
6381
1896
11472
8602
5999
1834
2881
5165
6752
1918
11902
9758
5878
6147
5054
11195
3051
10993
10290
8167
2644
7775
1739
7129
7371
9305
7157
8895
1948
6309
111
3448
9159
10015
1444
2837
5539
5904
2703
5381
1804
5942
9329
524
10455
3616
10480
86
5805
1983
10668
5299
3686
8232
6864
5841
1161
1665
5874
1540
11225
5263
6797
491
973
1796
11411
4686
4670
9586
2131
4323
9574
8834
7881
6935
1919
7377
7330
7208
842
1736
1130
4850
1203
1201
5461
1695
7028
7154
11467
6045
1035
8499
9870
7559
10847
4505
1659
10691
1031
7259
4982
10897
5479
7923
5673
8375
2165
8886
3141
8576
9817
3954
6697
3006
2135
1326
9286
10277
4672
6757
11317
1188
4807
9852
6594
9801
5345
11452
7928
4548
4483
7880
2788
6899
11045
3267
1234
11644
9188
9996
29
3483
6332
472
23
1237
9818
1425
994
11928
4242
6970
8593
9281
2863
2973
2039
3938
4709
9646
444
695
10539
8795
3916
11867
3177
963
1351
9762
9796
5109
9509
11006
10343
3825
10925
8542
7317
5140
7106
10683
9878
3341
5688
7873
8552
2377
120
7773
4897
7904
1643
7620
10413
9006
4622
4132
4496
9780
496
1882
6400
3810
3262
4645
9550
5722
8221
566
7922
8223
1998
7261
6005
1064
4112
1805
683
2739
2475
6835
5402
2583
3391
7417
6839
11736
1258
5146
2625
3963
7386
9806
9918
359
8360
4834
2421
9587
7721
9643
7975
2611
4871
8076
9623
10913
10223
10906
8600
3882
2045
4482
7202
9163
11173
4940
4094
8887
3230
5518
2748
375
750
2920
3980
10146
5931
1856
2292
3237
1583
2747
10027
9098
10824
11787
1005
4952
3631
6587
11458
11030
7420
920
8381
6870
2868
11046
5067
5868
9054
3857
1984
6687
829
9811
6592
5064
3634
7734
5467
5758
8910
245
6841
8393
455
116
1248
8308
7549
9671
6994
4827
218
10346
3956
6220
7253
7295
8397
1076
8287
8899
3007
7164
10373
9761
5232
3083
2609
9629
11095
9635
5579
6946
7732
5533
6110
2348
6529
10823
1228
11115
2263
6028
8192
10697
3342
2283
4780
2755
1012
9002
6854
8991
7292
10807
11866
2551
9469
1346
1865
6590
6440
2364
771
7046
5431
4584
1349
1730
7952
2095
9947
9093
10215
9513
6210
4775
5872
7186
2641
4317
8031
9185
2083
6493
8742
4513
10307
1681
8236
10526
10828
4451
810
7647
7846
7150
11392
8985
8077
4274
1008
11085
1553
7478
7222
3495
1226
8773
11529
4347
7578
9571
6338
8710
9877
6321
1561
9933
6245
32
11768
6830
10965
5957
10018
559
10141
11746
1630
9195
9872
10548
6438
2874
1523
6909
264
8376
9103
6032
9423
703
918
5727
1632
7777
10905
1574
9609
6507
6730
3440
2463
6205
4048
4104
11894
3270
3263
7451
10833
7813
4498
6940
7600
1238
10026
2733
5295
8033
11506
6354
2312
2701
9253
1354
5329
2535
4100
3227
9485
4778
7305
1937
9216
14
11923
6100
1982
547
9619
3523
1971
9075
10951
161
7525
7705
99
8304
7172
2089
5482
4944
5199
3
690
6296
8338
1775
9306
1609
9555
1559
11831
4661
4825
6145
9998
8835
8840
5056
2772
11290
4116
2026
4540
11551
8588
11473
2594
1522
5646
2581
5432
9040
3965
11654
11101
7176
10288
6546
1113
8319
275
9828
4596
6738
10933
4891
2197
7551
10599
11919
3757
11
890
10416
3875
1106
678
8644
439
10020
10513
1208
5506
6230
241
10233
7201
10795
1202
11144
6406
5257
4654
8961
1830
10391
7548
2573
8148
4119
10864
9481
2458
2336
9104
839
5422
4512
10276
11450
4462
94
11722
3655
3844
10930
4734
6239
3816
5097
48
2114
2702
7532
4915
10056
1648
8512
9279
1851
9923
2943
694
931
5235
11041
2245
6840
6282
6388
10363
5385
6874
652
373
3749
1298
5674
7825
5921
3799
4144
8792
7744
10380
8138
7728
4138
4269
1131
6396
7814
5991
8119
3122
5353
2316
9601
8740
397
710
8349
10737
5206
3306
1082
2873
2040
8674
11540
7731
9570
1389
2572
6202
10975
10105
6483
7746
7206
8800
3562
10875
5888
12
5168
8570
2767
873
3651
1705
3599
4743
1097
627
5691
11859
9838
1179
11554
6480
95
7247
2679
899
3892
650
1603
9791
2246
149
7353
4180
10387
959
6887
999
5508
2409
7196
11422
11054
1016
1430
651
8778
5798
11603
10871
1926
4835
9371
9829
11356
1321
4669
3087
10472
378
5437
569
276
67
11470
7898
8218
10902
6226
8737
7328
1373
1239
7273
2204
10013
1994
11680
11148
4689
1117
8220
7358
387
1355
5412
2290
4626
11704
3806
10323
5724
6618
1928
985
546
3822
1119
8404
285
4111
9056
2049
9803
10411
1325
7191
10976
8616
7557
3539
8657
6300
8359
11199
8612
8921
11065
1512
10217
6346
6313
11650
10037
5011
3408
8268
6557
5916
5969
1989
521
11088
1773
11339
11559
7837
9205
6236
7308
6254
235
7704
5952
1687
10070
1823
11109
961
1619
3021
3069
7177
9879
10063
8477
4059
10213
2289
1055
11123
7524
9639
8171
10604
8569
4091
6061
11481
5971
7260
10235
2860
11248
8035
2149
7722
10033
3780
2569
2829
6364
4764
6769
7799
932
6855
10836
6213
11604
6293
5356
481
2330
1866
385
2097
6353
2646
2173
7602
9282
3687
3884
4617
5956
10155
3830
1656
5173
1253
4131
2334
4718
4410
3787
1137
2366
4387
5421
3476
6323
11530
1556
4811
7528
11350
10422
10078
10301
452
1676
9727
2678
8354
7410
9360
728
5651
1395
7019
10597
9591
8288
526
7604
9642
7886
8109
2792
1109
136
2060
6535
4011
10100
9379
4619
7390
3358
9977
505
10230
9498
10732
8485
3910
4302
8998
5352
2288
10173
713
2864
10107
10319
4978
1935
7169
400
3537
157
11767
6869
6824
4068
9926
7615
3377
5276
9602
9113
5784
7831
8270
7130
4240
3506
2784
4790
3781
2532
7272
8903
9845
5142
133
3190
4910
2694
7006
9091
6551
2202
9221
6422
9531
115
5328
7755
2023
4036
6025
3958
1357
8400
2766
10825
1032
5342
468
11526
8731
5635
9027
10768
1940
4335
1577
8880
7440
4337
6601
10659
263
10130
11159
7227
10153
2478
8012
5440
9128
306
11432
1225
8274
348
2206
4181
4249
5525
10365
4618
3670
1749
7914
4919
11567
11381
1007
8902
7805
5913
11188
8930
5597
10593
6991
8715
3214
5002
1722
10977
11331
8970
10723
7506
6980
3011
4394
4922
9464
7473
3335
2993
4092
3545
2901
5139
8235
2169
10212
8150
1569
7304
9259
6858
7764
7442
5745
9771
11788
6717
4752
5346
6614
6435
698
2671
4129
0
2986
1159
9681
7976
11622
1560
11912
6369
3585
8214
4339
2314
885
10709
8169
4053
7372
3174
3138
2857
6166
9611
6607
7678
9548
11614
6896
7421
9683
10169
6613
1746
5078
6135
6305
5494
3671
11116
2945
7131
11684
9120
4955
5789
9419
6670
7792
5944
9898
996
8336
8482
3281
2736
10546
2730
2217
5779
3438
4450
6578
413
5058
7214
10639
9842
3527
10445
3443
7387
5101
4386
4097
10176
328
11771
4484
7720
6547
11252
4357
388
2192
2488
9034
10426
5172
10595
10485
2820
7464
7743
2230
6138
11756
2781
3789
3489
2106
443
10600
9151
3209
3347
395
10979
4024
2177
3768
6358
6418
9228
6776
2940
9022
11741
4042
10712
3259
8430
956
3036
6877
11681
6491
1653
10481
3834
6715
4532
4673
9341
5014
9979
6200
501
6782
4444
8574
