9655
7387
11245
5622
1347
8134
8370
1389
4651
11184
3359
7093
5187
7267
7795
7550
10319
7604
5232
148
1470
1271
5864
2476
11437
11793
5923
922
4042
9796
6711
7061
6598
1440
9440
11294
11164
6010
1965
832
3491
1595
11788
3463
9188
1916
5805
2002
9915
7700
721
10600
3455
2725
6497
2326
6025
8422
4254
465
1136
3564
3662
4472
5515
251
6495
9559
10262
9764
8230
3756
5337
8872
1940
7263
6648
7919
5519
1972
7964
6776
495
7568
11301
2390
11360
9808
9171
1140
6178
2543
10657
6439
11574
7066
6666
6196
1393
3415
8902
553
2560
6011
7462
6562
657
5071
4725
7738
11894
1812
1342
697
1678
4272
11231
5849
3670
2276
6477
7483
9931
6746
7865
10935
2069
654
3579
6155
4683
789
8988
9127
9585
6424
161
10801
4793
10563
7786
4367
2369
6547
1631
1793
11764
10347
2617
10928
6743
4449
9135
10796
5104
10294
5714
5280
8909
8048
7863
1831
567
6347
8082
7355
1947
9902
6535
3522
1225
8466
2667
6144
5346
7440
2534
247
10164
1478
7918
10356
1124
4160
6904
4658
5656
6965
9911
1280
11512
11746
11002
7849
143
2549
10728
459
8041
5287
6716
8172
11353
3844
9006
11013
6910
6394
11563
7217
6465
3593
3083
2982
8106
11696
179
7956
7089
2203
7797
5291
7574
7219
11646
7935
9855
10703
6137
5118
9124
7307
6918
2653
8336
9201
8135
11234
2810
2903
8686
2802
1212
3588
1311
11166
6301
2568
10106
3580
8820
5980
9741
4899
10981
7681
1305
517
10852
4106
206
2394
1948
9304
8237
612
722
417
1887
6823
10887
1262
2608
3259
399
1877
1364
3179
1026
1367
5193
3704
5949
3194
4895
4067
293
5215
6118
10931
953
5305
8687
1614
4507
11076
1501
2996
4403
10428
6513
11217
2629
3806
5302
5375
4588
6344
402
8649
9266
5547
6423
1697
3582
7724
237
6460
7431
10759
9526
5149
4875
7171
3251
8997
11474
236
512
3873
11522
8757
5264
5480
572
2787
11336
10338
9775
6336
9899
7860
2776
7006
9337
6061
6541
2897
6210
639
289
8216
6244
9852
2222
3744
2732
11386
9665
6388
5392
7319
10223
9123
11163
8250
7726
11330
8895
9570
11581
5267
8453
9371
4247
5060
5887
724
2421
9814
9858
2972
1799
11848
6070
5885
1621
11175
6733
338
7203
3009
1032
10971
7761
1192
7389
9414
5178
782
2709
4332
5411
5434
7624
11224
10266
3253
1371
4770
2526
3698
9881
4043
739
1299
8052
9514
3856
7813
10413
6916
10851
11618
8189
6689
6138
5256
10324
608
9278
10791
4722
7655
10268
6309
5750
5376
10896
8967
7821
5171
2658
11000
6294
9430
2080
8181
192
6624
10733
9191
3446
1741
8114
7383
4559
6461
5088
188
2804
8835
10469
10184
2213
744
3340
4620
4137
1220
7666
9512
4281
3996
4566
7641
2571
5710
7610
9382
971
456
11196
9005
5615
5664
5836
9774
7602
358
11808
1571
2835
5490
9937
139
4346
835
3111
10049
10037
3701
10566
3117
11406
5034
2643
5621
3409
2988
4199
6228
2934
9951
10890
11931
5548
2926
5605
14
1154
4055
1543
11796
1809
9030
8641
10339
8779
281
9636
3738
1646
5258
1686
1088
10096
5445
11142
4926
3047
2068
10345
9145
3303
11562
7403
11410
6449
9217
563
3671
2766
8894
7894
772
8623
4570
9277
420
1842
2473
10375
1363
9328
7887
6232
1302
4596
1460
2909
6328
4813
8542
6102
3287
704
10573
9596
6271
3949
9170
5306
8792
2192
5922
8424
5288
5243
2349
2134
8802
10754
4397
5502
3679
8599
6749
6248
3637
7427
9483
3071
10149
2257
3065
3674
10221
9668
10850
11281
4981
7390
6338
10281
229
9252
8461
6757
2621
396
508
5868
5763
502
7553
4440
9787
4273
4168
1871
2594
3705
394
3957
6794
4609
1838
2650
1092
7443
9289
5609
2000
1835
11652
8143
4432
4071
4102
5680
8397
8564
678
10269
5730
7480
10510
6451
1180
4037
8073
5629
5661
3961
348
10552
10050
5620
1613
1863
2728
4465
9106
781
8869
282
8749
9072
1531
4348
1635
845
11768
1875
7342
7410
3943
6848
10712
345
221
2072
5987
2016
1950
3621
3485
6659
10300
5030
10784
9027
9305
6211
10267
11385
10366
4210
5292
180
4806
9674
10482
6546
1736
9735
3733
102
11107
50
1118
8690
530
6292
1291
5948
7292
6697
2296
463
5893
1558
2697
9932
1001
10865
8973
5023
10470
3252
11478
11027
5500
770
831
10240
9626
4598
9943
4022
6575
340
2691
6762
22
10966
11497
2348
6754
10991
8054
9164
2771
7364
6532
8349
4750
7425
1113
7791
6126
5132
7565
8801
2178
2208
3443
9448
7960
4948
3381
9792
9906
3182
5384
4720
371
3001
9376
11498
1358
4097
400
3452
9533
1509
5988
1120
7658
2098
980
4100
6942
2587
5944
5467
9960
9632
6024
4249
3946
1882
11018
132
7385
3191
11225
5814
6101
11421
8847
1235
9174
1581
5041
8118
9990
7142
299
316
10698
8760
8284
2430
1677
1584
8860
1396
2615
1721
362
2678
8186
9819
6558
11490
8746
8879
6111
4508
3285
5230
3786
501
7589
5380
3542
5657
4910
2985
4088
2060
5573
9352
8273
5746
577
5077
7220
8935
4864
1885
1081
3263
9663
858
1090
10646
9635
8231
5950
6972
2108
6192
354
1854
11790
238
5076
8211
2174
8123
7889
10958
5385
9912
7814
414
5026
353
8263
10046
10661
4130
4509
1408
11374
5008
9720
8199
6844
5085
1122
7028
4986
6549
6131
10923
4863
2699
7202
5659
3803
9043
8868
8225
8332
8412
11015
5321
1681
3319
7377
9929
1301
10672
4123
5612
9600
9578
2680
4878
1040
5809
2637
1411
9895
10892
1036
3796
7831
6430
4108
7362
10090
7770
6050
4706
1477
1007
7412
11791
8078
6722
1903
1009
4287
8675
9007
5965
11596
1833
3926
4582
8758
6527
5016
8460
7690
9538
249
10716
740
3413
1788
7542
7974
10912
2355
7649
11141
398
3450
5909
4640
717
11296
644
9166
430
3462
11158
3690
4307
2778
9575
804
8427
2898
4196
6978
7996
7359
177
5843
1233
924
3510
6471
8621
1562
5374
6115
11611
4113
3561
513
9702
262
673
10035
8660
10884
4421
2986
9494
7321
3622
10786
7468
3887
620
5566
7402
11742
6299
11065
454
76
3987
9313
8248
1696
127
8530
5430
6873
984
8617
1655
10879
823
2517
6132
9799
2573
1405
7354
4327
5508
9831
5497
2239
6735
11568
3774
3358
11140
1927
10195
5858
3862
7937
1157
2268
9361
1023
10367
3232
10789
9034
11736
8550
3152
11189
4773
11218
6453
4766
2304
5901
652
30
6355
7001
7715
6060
4557
10752
2444
4086
7567
8305
9822
11468
7131
10219
2869
497
8925
2576
1149
298
4416
4488
615
7209
4283
83
5342
4489
8067
631
3396
6881
1888
4669
3157
10043
8175
5554
1075
2246
326
3864
883
2577
2212
3563
7421
8978
6838
2064
4696
9011
3798
2187
1995
9059
9883
6298
6926
2109
7493
5438
10756
2673
2153
8836
5130
11423
9458
9923
5031
763
4062
9777
648
3212
6172
555
2314
715
11377
4493
11656
10576
4445
10119
1048
9729
6803
11904
6522
1384
10304
11927
2513
8502
11070
9206
10415
7508
2225
5013
4744
9131
8376
1237
7343
2730
11833
10024
4405
2820
6773
3937
2170
3231
11221
7578
6846
10673
9798
7053
11441
11624
1771
3601
7056
9303
8603
198
3683
11517
3207
8161
9478
582
6763
4333
5791
9001
9181
1054
9143
2236
7451
7338
11893
5271
5377
9274
1173
77
9531
3541
9436
3507
6677
1944
11057
9431
6415
7867
5637
1257
6068
10256
11801
11557
878
3878
7077
7418
5797
2994
2819
2183
4001
3006
6662
1955
1803
8849
4861
4173
1330
4690
9550
4923
8842
6277
2086
4098
11249
3794
6641
2518
6245
9604
723
9317
4901
8681
5986
6534
6788
11515
11291
8039
10842
7289
2666
8362
923
709
4704
239
4755
10793
5210
2045
1105
2963
3500
6086
777
9471
11500
9345
3480
10272
6237
2428
1163
1937
2401
933
11601
7085
2101
260
3090
10394
11535
7378
2900
4788
10689
7573
712
8100
10311
10768
5916
4747
8244
5205
3224
3787
187
5736
3848
844
8399
4610
5638
359
2635
8658
4136
1855
3041
10765
8375
4384
2283
8196
4520
9275
8316
11604
10866
2751
3217
9329
2837
7067
11631
3573
11708
662
4132
11651
10087
9485
2556
7042
5140
5061
5870
2417
4111
4467
10696
3376
4949
3034
2079
7476
828
6179
64
9045
9742
3110
3093
10172
3503
10458
2547
5752
1734
9954
3490
6824
8903
1265
6866
7011
11856
9812
8197
1742
2298
8454
3883
11663
80
8111
9721
8486
10399
7095
363
4171
5441
11589
124
7026
8433
3131
8697
8260
2097
10214
6645
7511
2848
439
1810
4835
9290
7015
6831
8038
4220
6782
10643
3186
6587
4577
2622
2472
5933
8425
10996
6810
2505
2620
3203
202
4686
5998
11315
2258
925
9444
3494
4321
4627
41
9981
10372
2710
7678
11806
876
11155
5427
10040
1252
5446
10465
10856
11909
11035
3709
471
5770
5079
10286
4044
11516
1700
779
4410
3643
9630
1703
10963
8793
3155
2202
7885
3518
11285
7472
8256
2520
2497
956
9519
11598
4941
6990
7907
6565
2762
1979
4339
6443
8674
4344
8338
4575
2669
9056
390
6631
10291
3993
6901
1967
1119
6602
382
1829
9
422
4836
5006
4315
5924
4155
7520
3558
9080
9898
8841
5194
11395
4143
10065
4329
9358
11333
8155
2951
10331
2110
2956
2616
10451
7101
6834
8026
7722
3402
7896
9957
3300
5636
11001
2400
6250
9331
8504
3757
5842
5747
7113
9961
7477
11194
8272
8577
6413
11056
1743
8574
10130
10806
3431
7630
9737
2861
6643
1512
4661
8363
6919
9930
9783
7668
10033
9403
10150
3835
4892
7983
10296
1549
11616
4335
9429
10062
1671
987
1757
9077
3544
5235
9343
7458
9695
627
3724
3646
10632
11878
8797
4649
7556
8378
6142
1699
11858
11341
6817
3560
3054
11725
9326
4209
10702
10977
11899
6422
9977
5492
3379
8604
7751
2877
11182
7617
3834
3833
10694
8503
4987
3433
11038
5873
3528
5092
10084
11079
11912
929
4245
5400
2952
8975
3686
10594
2759
4712
6077
10902
4093
7296
658
1424
11916
11836
2344
4796
3364
4360
2311
4345
5245
11356
2357
8669
5561
1774
8525
11824
2566
9141
1322
8379
2329
2723
3610
8727
5466
638
8267
8657
1131
3438
8419
2180
3939
9956
9553
5057
895
7528
2793
9129
7314
10490
3496
3451
8922
7790
1834
1084
2958
10859
10601
8165
2516
3753
3531
1964
6164
9237
10239
2290
1723
1370
6019
7152
1089
1348
1837
10224
6862
5049
8007
3594
7350
8435
6570
7465
6667
855
3611
694
5493
1795
6857
6755
3076
3306
9602
5794
998
8771
3748
6703
2147
6000
3170
11420
1684
200
11828
8828
2735
1773
2651
11548
4207
4458
6877
2894
8126
302
6958
4614
898
7600
8471
347
11118
1227
5369
8896
6581
4191
9673
3546
9320
6793
10031
1379
7987
11240
11876
7968
3843
548
7558
822
5255
4633
1624
7088
2449
683
8776
6467
8862
7760
10327
4080
8923
1814
3902
9517
9832
9574
841
4857
9522
5817
1663
3880
5386
1483
1526
11358
5089
3741
8255
10531
4192
4460
11817
5982
11707
7705
10273
515
8928
3078
3664
10603
5895
5942
9939
9318
2218
2299
4558
10452
1628
7527
8298
3128
8555
9046
3536
11749
7345
1822
121
7133
10122
7301
629
11612
3461
11559
8131
3976
3642
7252
7719
5134
10998
7606
4831
1206
1433
6981
8540
4019
4729
1510
8477
6265
3240
11800
2583
1127
3740
9916
6055
6545
4960
9263
6473
7837
1569
8346
8223
10346
5093
6717
8115
4117
6062
11605
8458
3920
7728
1258
9211
10829
7845
9117
11055
7469
5452
6753
10680
5686
2936
8450
6223
9301
5705
1873
4248
6714
7801
2665
10602
10775
10561
769
9487
10398
7347
9369
1650
1921
1281
6964
760
295
2167
257
6286
7702
5819
2204
11599
11425
7584
4786
6391
6095
6333
7036
61
3262
1197
10658
4995
7664
5704
7070
6087
2755
7908
7588
248
8192
4424
7143
3921
8318
7283
1849
1521
7703
5632
2347
7516
11173
140
7187
3342
9102
10405
2677
3881
7310
8813
3079
2009
11193
10820
34
11147
4211
2798
5244
3912
1070
9109
9297
4803
6553
7444
7663
8844
5183
6054
2612
10523
6690
6117
5151
1915
11922
6898
11429
13
5979
11834
2649
63
6258
6858
11823
11258
11477
799
9070
10934
8670
11929
4115
1601
6524
4244
8019
3334
10220
9913
6804
748
11383
10213
10906
1013
1326
4256
1397
8438
1263
5122
3465
4611
6403
4317
4081
7437
5596
2991
4375
8047
8552
271
11414
1924
1410
6252
8707
8071
3568
6996
1864
3505
10440
11093
5692
8818
2786
11298
8578
10196
8139
11449
3537
7990
9061
11653
9236
108
11717
607
856
3911
7123
10321
2808
5543
2950
11471
9087
1744
1999
1764
649
7021
1505
2181
9909
3406
9876
8866
4758
1620
9468
4950
8158
10013
6293
10318
3453
2019
5939
10364
3861
7368
11227
4984
6670
8195
5213
2389
7417
10011
3168
4195
11316
9506
2259
3471
10537
8565
6480
6169
8382
10532
6596
10815
6074
4714
10608
5387
10525
1564
6395
1002
6941
5925
2726
178
5005
7846
6045
8855
10956
8865
7911
2249
9829
7075
4431
11816
798
7240
11448
3645
11732
6151
11376
6284
5298
4805
1179
4420
3609
11609
2933
11686
4506
2366
9257
1083
9680
4801
8685
6146
6487
2330
6890
2008
2536
4781
7732
5218
9806
7680
1420
7913
11724
9838
8614
10717
39
6583
8678
4993
3447
4931
78
2815
1078
8029
8962
4373
5606
11748
7294
7330
10448
10444
6438
10922
1307
6959
8602
8508
2317
2946
1668
3174
8303
7099
11171
2300
10809
5734
9477
6678
2935
9222
1345
9079
8529
2018
7430
10078
7096
2090
564
5011
3825
3618
7543
7742
4185
5722
7730
11914
4162
10638
6023
8365
1593
943
7820
6184
7226
118
11153
4804
8982
3790
5366
6282
5372
3776
7866
10139
2374
6013
9502
11781
5880
2896
10390
1377
9270
6481
532
7506
2562
10927
6635
4491
8429
5848
5616
2247
1724
11486
8930
3933
6984
1300
8827
10858
2
10695
8538
6287
3596
5769
6022
4767
11313
11513
5781
11177
5644
802
2040
2065
3474
5567
6123
10533
8072
8286
8268
2003
7329
1522
8683
8936
431
5266
1246
10136
7300
2465
1711
7829
10070
182
10596
3239
171
6094
590
6875
10045
9693
8343
3681
9294
2794
3489
8287
4677
8275
6589
7339
8517
6945
1100
8206
3482
4927
1701
3085
7962
972
11841
3729
5521
11066
1216
5017
4255
5773
2263
7335
11154
3959
6999
8226
672
3080
6784
10080
9530
4850
6056
6698
2423
9780
7870
2570
3931
3520
4041
10644
7888
3910
7288
494
7150
11595
3351
5678
8655
9688
4176
5111
6691
3298
11447
1425
10633
8750
8388
9199
11783
7235
11322
9644
3979
1208
10546
9890
2129
1559
959
8519
2196
2683
6386
4497
2483
5277
5142
7258
11567
5542
9589
5012
8587
3282
403
2095
1490
9497
9651
11903
11507
1982
8500
9681
4672
19
6314
4128
4756
8949
256
6149
10491
7415
6446
9146
9629
7291
5304
600
11553
6967
8151
865
7297
1640
4206
8890
11318
6017
4545
1069
3501
10121
3750
5514
4083
7811
7315
11261
4258
3121
1859
3440
6611
2143
1680
8965
2285
10722
1487
766
7398
7747
5963
10010
10245
10548
6153
8580
7614
977
10705
11003
1580
4664
9869
1165
9071
4551
10478
9251
10974
8218
9706
5670
3842
610
11620
9069
1382
4688
11032
11726
8701
313
11900
5212
4600
9768
11457
5082
9824
136
3695
6658
3927
11802
4608
1898
2907
3805
11219
7002
10933
11678
7729
3634
2846
904
10776
11351
4126
1912
10277
7125
6767
1373
6888
7670
6058
534
1057
3529
5234
8484
4135
5164
1398
6217
9261
7810
4222
10423
2282
97
5216
8702
2832
852
9888
11250
2969
11727
1503
4188
6408
8968
11810
1151
9625
4231
4125
8787
1836
7149
6134
908
1027
8042
11452
9759
8663
1627
1489
125
8628
2529
5964
3830
695
8607
6202
3149
9794
9078
5360
10599
6323
11397
4962
3659
9892
4870
4641
10064
4356
3513
11921
5106
11505
5646
3559
4569
8491
9727
4193
11411
6542
813
8367
5874
3779
7400
10840
8325
1692
3814
1942
11532
1954
3193
6728
3010
330
2411
7753
5110
10918
851
860
9068
506
10279
10961
8295
6182
1213
11776
9563
5113
5785
7901
8586
9438
1168
1438
11495
1733
6865
10494
4833
1806
8652
1820
3516
7146
7963
8724
2363
7973
7332
11248
10408
8889
4644
7720
6774
887
2049
4512
5803
9580
10893
1821
10337
2544
9216
4626
6327
7250
2545
5579
6870
9105
10376
7682
3367
9534
2408
3275
2499
10081
8573
2137
9126
2028
4014
6576
6397
1748
3434
11202
1961
1116
2426
7582
7320
1971
5863
5219
6850
9802
9624
7916
193
6727
10027
11640
98
9190
690
11520
928
7140
11274
11233
8933
1041
3968
4394
6681
4059
8545
6349
9265
5518
3532
1540
7083
8937
10175
1962
9359
2664
1068
7010
10306
3606
3314
529
759
8233
9284
6854
4797
3938
3418
4056
1261
8482
4879
1583
9441
5935
726
53
10571
8859
686
9543
3669
5370
1658
674
2508
9009
3850
9058
897
8489
8694
5237
2681
3565
2962
10100
7744
7238
1869
3941
2930
4973
126
11924
9878
2409
4252
5758
4591
884
3906
1737
2132
6621
3016
3084
2812
6231
9979
6983
7365
2747
6156
2342
5457
2091
2638
7848
3502
2084
8142
2089
4514
11324
7966
7275
4918
6694
9457
10165
7879
6404
11473
8893
114
11530
3550
11884
5524
6887
3391
8449
84
848
9868
1469
279
5295
4023
7034
10967
1278
1091
2748
867
3600
3082
7660
906
9760
5915
2655
1037
2207
11116
1789
9451
8215
6181
2598
8497
3905
3853
4072
5120
6715
7447
7078
598
5486
7080
11554
128
2361
3383
4089
11851
8998
11388
10860
5807
6405
863
6604
4539
5789
6845
2398
1883
7817
733
5926
4485
8612
535
5282
6786
10420
4618
3917
3715
3290
966
8366
6837
8632
4110
3506
6830
9595
130
2878
8002
4629
9464
5974
7917
1645
113
4419
4809
6229
87
4735
10238
294
543
6092
2546
11300
3847
10118
7273
6426
10198
9407
7596
4780
2185
4025
284
3811
11720
5259
5766
4243
3758
6629
361
792
9460
4643
1792
10559
11465
3399
1547
3895
5065
9705
3278
4819
8432
11487
10140
2763
4032
1612
263
1886
3249
6063
8699
4404
2289
9837
9731
10383
8292
3011
6091
1174
9177
8441
3771
10763
8764
185
6514
3292
3533
201
4679
9821
6337
342
8908
8035
129
4860
11091
2315
10506
1240
1563
3817
791
1666
5601
5700
1107
8816
11780
5174
3013
8954
3901
443
9964
3154
1782
2230
4561
9697
10361
8714
7632
1669
1551
1639
1221
3326
2932
141
7110
1248
9795
5723
8592
8016
10215
4446
4513
874
10432
10271
10402
6986
738
10592
2957
4368
1648
4689
1361
8521
1576
9073
11590
5564
9353
11328
1761
8995
5099
5336
2783
11657
7494
9782
6463
1839
5505
3553
10543
4682
4760
11146
1607
2025
1953
946
3632
1951
7117
10823
5520
10708
7038
4635
5229
4194
7733
11299
3312
8309
5251
7115
765
4612
7071
4202
3768
842
3270
9083
1878
4218
7005
11775
37
3572
11132
7993
5268
4039
3063
10782
7241
71
2626
4580
11789
11372
3736
1918
9704
6435
7984
1890
8826
1355
6159
11297
10183
1403
1545
570
6669
1753
5821
2720
9114
7450
3918
5098
10332
4297
10554
4584
9627
7904
1218
7361
1496
24
9978
4165
6047
9804
6312
9350
11089
1287
11852
11144
762
8977
308
1959
7276
4090
2752
10280
8788
9348
4893
5740
521
4448
10530
9075
8950
6634
6932
10881
8447
4051
5726
1366
1841
8543
9683
5153
3648
11569
5782
9845
8611
4674
341
5285
7772
9163
1211
1042
9416
11925
7988
7331
5914
920
3049
7490
7407
5188
11029
6303
5976
3313
11028
4386
6098
5191
6661
2034
965
2910
4182
9754
6772
1022
3630
11078
3129
826
4323
10955
5733
8839
3087
5595
10270
3062
6295
8518
1785
6625
5221
10903
4442
9150
8939
11701
5482
4982
11446
986
3328
6281
1200
9974
4504
7835
7593
2542
9870
9825
7013
10584
4156
209
948
11733
10411
4225
3539
8488
169
7260
8516
8240
1055
10986
2524
5711
11902
3163
296
668
7111
4595
2668
8640
6672
3153
1449
11131
3304
11837
7376
231
3167
10438
3398
6980
3120
3984
2772
4996
7566
1552
2955
10570
11508
3133
6243
3022
2706
4565
8091
3393
11162
6734
10568
3089
8605
2714
10199
8985
10990
5344
9573
7628
4563
5410
10542
7873
2261
9552
1203
3969
9449
4935
9234
1596
9732
1667
962
2816
3859
4638
3922
9098
6085
10564
4200
10348
11582
11453
4578
7441
10454
7502
6429
9445
10586
5575
1907
5343
10391
6380
5800
9389
2376
4784
203
10414
10502
1656
7049
1629
3339
8180
4063
9820
5591
3781
6267
11572
3301
11287
9093
8737
10845
6821
2642
7920
11643
10166
1046
10276
1587
7382
4516
8291
11017
921
6064
2271
2166
1319
10544
5182
2197
7583
8748
8055
7800
7216
5341
3103
11074
7218
3148
5393
8470
4141
3731
9456
11115
3107
9797
7650
207
5721
2293
5865
7975
3257
2874
10921
1386
5774
9461
11621
10467
10329
7485
2708
1931
6646
7062
8327
8904
8094
8959
4854
4911
4954
9557
4904
9499
6410
11702
10509
3661
3574
1066
7405
3629
4050
10343
1647
1365
1270
5527
2970
818
5473
54
8333
2165
5014
10393
8464
7391
10551
5242
6977
447
3146
468
1171
6768
11716
2130
7153
4139
8090
235
5477
1018
10048
4158
2201
1289
5940
4354
10019
11209
6262
6365
602
8506
6051
605
10
4723
1188
10762
699
9739
1683
5912
499
4848
9140
2375
10653
2149
6639
5145
3101
2354
7396
4435
5898
106
8569
5180
3972
3785
4615
3635
4429
6724
10767
11566
11538
483
1728
6350
10755
11329
227
1604
10937
9827
11387
2335
10619
5592
9763
11188
5888
2540
5699
5233
7740
1407
5693
5432
1458
7769
165
9872
4131
6936
11857
3483
9094
189
9770
838
8462
10555
663
2488
1310
10761
5536
2306
4957
9885
1606
11735
4114
9282
7662
3865
4149
4834
48
8886
1399
7827
6224
8898
6592
1110
1391
8919
11667
3985
10970
5599
2686
261
9840
10047
11390
5443
4985
10795
8168
4526
3261
2482
7299
9723
5275
8991
6041
3185
7059
3150
8861
3581
11886
9966
4971
8077
5301
3132
6600
8242
4590
5481
1172
562
9452
10964
10483
10797
9281
6761
379
4189
4492
57
6414
1980
10041
7466
1360
7625
4013
10403
6744
11282
8921
276
6015
11304
1693
539
5331
8759
446
2887
9970
11718
2599
6953
8178
6057
11661
9516
7170
11179
8972
7278
8469
7393
3115
1530
989
10813
8715
3437
6946
11430
5731
5484
5815
6853
4942
9287
9255
9765
7346
7092
2899
6104
2661
5442
3330
9650
3886
8326
4443
4976
11699
8179
2103
9408
9197
9818
8173
9484
2031
3246
10093
10687
7505
3294
6533
9907
2921
8665
4925
11898
5635
10779
167
9647
1401
7577
5969
9788
5444
2487
10026
1064
10818
8709
3955
8064
938
11544
3289
4246
9490
11639
1139
9090
1328
6511
6899
6841
9874
5973
8979
1491
11807
7953
6828
6791
1467
6937
3590
453
6876
3511
9985
6620
10067
8112
4732
3673
7998
8096
4913
7163
8507
4499
9835
7642
7777
10313
7129
8081
9091
4671
6582
9609
9744
7050
1463
7213
349
9214
8511
7657
10190
9221
4262
1619
6584
3760
5717
10719
8911
4794
2601
8149
9227
4336
8000
4905
2467
11170
3183
11461
9646
1986
10128
7000
11099
706
3950
1891
9316
1106
875
38
9100
2106
8582
5425
9963
9654
1357
6009
7439
49
3963
2402
8079
594
1740
8739
3652
2477
8961
10518
6315
2005
10959
6695
6933
9041
9546
4818
11308
3732
734
116
8770
11501
7475
1852
2639
4903
9776
6835
5332
10847
7313
9144
7019
4107
7357
11671
4058
8122
5274
2509
6466
2256
4525
8983
11634
5890
7692
10355
3978
1324
6638
6954
4374
4064
9065
7903
6913
8070
2746
9724
6992
7656
375
407
4312
3127
2977
3832
7850
2663
9752
11370
11339
5967
7789
4568
1285
3894
9711
6836
6550
4270
2105
10867
9327
9470
2462
7157
7025
7581
4699
864
3569
589
6608
3991
168
2471
2767
11139
3530
2892
6510
4871
2189
6997
9280
7271
464
5095
2343
4002
5877
2624
5867
11130
5399
3355
4228
5051
10264
10197
10629
1395
6798
4454
10843
6316
4991
5260
985
8840
3583
11771
2270
43
4650
9910
2138
8743
3046
8637
8615
8253
9160
9462
3307
10817
5401
264
8467
10006
5239
3837
8414
1694
0
10233
3068
2234
242
3196
9051
2156
9669
4728
3158
4858
7446
11256
2572
3647
894
5762
8593
9475
10812
9057
5553
3689
6266
4966
6805
8031
1705
11156
11167
4372
9215
755
11805
4463
7244
11309
2838
2843
2707
4534
2320
6359
1641
9008
10878
11853
2438
9415
1451
3058
3055
5607
10257
1352
6925
4490
8777
4461
5485
8320
8807
11059
3766
9712
5069
11804
10471
9049
10005
611
8693
2253
8986
6425
1034
4077
11092
2595
6321
4234
2206
4832
6317
7436
2886
7008
8671
730
10211
5196
172
3827
3777
9528
1989
4447
9120
7254
6489
11229
805
10701
9967
1086
105
8784
1189
6311
3540
11830
9246
9232
27
3575
7380
2013
10962
10565
3147
5379
7683
9918
9268
6630
2756
7765
5312
2718
6519
767
1297
10434
747
3315
11467
9603
4951
775
8153
11040
10431
8353
6454
9373
5647
8547
6162
3187
4436
4376
857
3821
2942
4239
214
7969
4288
9880
10058
2774
4636
7452
8796
6886
7488
3369
5225
10900
2277
10437
3428
6236
5899
3710
10194
9736
288
5447
8992
6412
5286
11114
5813
11759
8092
2961
11021
8341
4549
4016
5831
5569
5871
9147
8643
4937
11419
5703
9664
7587
3459
11881
11075
4240
7721
11907
11199
3915
3884
3962
1935
3726
92
2191
5241
10648
5316
8129
2205
11063
2235
10097
10699
7221
7193
5420
4150
4959
1866
5824
2210
2383
1994
135
4066
2711
8495
7877
11312
9291
10606
3397
1657
6384
2912
554
2947
910
9209
5470
8856
11303
3923
1178
32
5389
7370
3874
2928
2597
6052
2424
7914
7060
9551
5107
2437
9894
5328
4751
9719
3869
2750
10105
9020
3236
7234
7659
11868
1415
4988
6004
8259
9095
2301
692
7159
5908
4530
1482
5000
1003
7134
5918
6484
5655
11039
7251
581
1738
339
10138
2784
544
8058
11314
2341
9617
522
9355
2179
9513
11483
2684
1498
3343
2455
1223
6699
3233
7923
7208
1682
10368
2269
11669
4343
7349
5771
4480
6623
2768
9381
4020
5801
10948
11481
8177
10841
3940
10017
1840
4517
111
10662
4036
3405
6819
7007
4761
9691
596
655
2440
6730
10242
5170
9418
8644
5598
10688
6616
11674
3599
2966
9505
8164
9959
1452
4737
1767
754
1244
6145
7927
5163
1071
4939
11127
4434
6884
186
10039
625
3619
5414
2386
8590
7281
3944
11004
7909
6771
6358
753
659
4668
2309
2058
11415
412
3436
1816
2422
10022
11440
10101
11443
8600
8837
6736
10675
5930
10895
9097
4278
3145
1546
6991
1746
7548
9667
6256
500
2905
7943
10147
6253
2223
2403
4138
8191
11431
4133
1155
3439
5116
7876
2146
2507
5395
11086
17
6907
510
8745
5666
8673
5832
9949
2575
5396
8345
1718
7946
5572
9165
11434
1943
3243
6385
4961
4075
4932
10159
492
8561
9692
10751
7325
4092
10061
4004
6048
1182
157
9685
6485
2466
9125
1073
8584
8184
8953
8457
4604
9433
4406
3256
4402
9306
4511
482
7774
8562
3728
6375
9383
7489
10614
3295
839
10942
7570
7043
5455
9622
11626
8257
11772
892
10492
6402
1554
10228
3954
6955
1676
2606
3481
1969
854
6552
6931
8329
2855
8087
5558
4538
7144
5208
5927
11536
9588
4451
10951
10457
9882
273
6491
9940
2770
6235
7384
10663
840
8311
2995
9568
9524
1688
11128
11283
2857
5795
6387
9728
4736
3286
15
6124
8137
1135
2160
1298
3389
11602
5348
1755
1902
9726
6664
6917
11278
1
10171
8396
11241
3716
11306
10446
1076
5706
1901
2245
3198
7264
10146
7457
4340
8403
2359
8431
10323
5247
7284
1428
6073
3327
9555
318
571
4653
11216
4843
1286
11491
5634
1996
4359
2010
2514
7824
2585
4528
10115
215
395
1004
93
1067
334
7120
5249
11668
5463
6071
2287
6279
3992
7880
10677
11874
4880
11238
1507
10738
5261
1327
7186
10800
11665
5405
9976
2922
2999
4779
10910
6750
8873
9716
8916
9927
5776
2489
4900
426
7995
10335
6488
1217
1254
9962
2071
2221
2227
4844
6029
5719
1513
5231
4127
8357
9562
2937
8942
8169
10854
7464
9601
10384
8905
7041
4175
8722
9529
7215
2491
8387
3026
7933
110
6067
10734
580
6275
546
10354
391
10583
3125
11728
1801
9385
9312
9848
3144
3589
4869
8182
8331
11037
9618
8269
5889
3202
11413
1222
7679
1447
5001
10143
5172
8647
7859
74
3161
5403
5725
7940
4498
3472
11230
2336
10609
4094
4815
7522
5262
4233
4444
6028
3464
4502
2563
3280
3737
72
7647
10587
7782
8636
11124
9862
4290
226
2696
2217
2063
9324
6813
1985
7932
9987
4544
9465
6950
416
9262
228
6653
3346
4351
2844
6505
159
10435
2727
8783
7775
6742
6230
11369
934
11022
7435
11211
6676
3374
10426
2796
11223
8650
11761
1464
1752
11319
4349
9397
10905
191
9344
146
2412
4325
6651
3577
7303
11349
2272
8213
6305
5735
2062
2758
11561
3020
5327
9606
173
175
6300
2425
10945
7807
4738
7530
7685
2169
4759
2850
7922
4733
8409
45
7014
9857
8198
11546
4204
6393
1502
1454
10668
11822
8439
2876
10400
6829
2379
5761
976
7764
8554
5479
8726
7381
10732
10500
9999
7422
819
386
2469
10640
5355
9944
4955
6842
10235
541
10975
5052
3162
11083
8588
2828
5352
3264
7594
470
6685
1908
11010
1011
9139
3228
152
511
8187
11237
10611
4556
7748
7037
2827
10416
1356
10897
10112
6628
3371
4840
1146
5139
2717
4564
4527
11222
2882
4319
8654
10127
11148
5744
10989
6498
1857
5253
337
3523
5523
11025
7504
5309
6710
6421
6257
4363
1314
6268
2797
6872
8956
7967
10445
1713
9809
4021
11580
1459
1827
10351
5507
2799
2448
4921
4894
3493
6822
4823
11185
1687
9374
3700
10328
10825
3924
10474
10647
4439
5861
5528
10832
8254
6238
10352
2613
7939
5884
3549
7201
11820
793
5645
4891
6747
7648
7991
907
8664
8317
3730
2007
7539
1169
4152
11181
3108
7371
10591
444
4662
7629
633
4259
3524
9044
1819
11814
4518
1928
5491
7693
11826
6322
7598
6450
11236
5464
3778
4146
7796
5701
2564
10834
5349
8646
3037
6708
4594
4103
11012
11584
11110
11850
3986
7104
5038
10357
5971
225
5161
10621
4464
2485
5545
4888
8310
11451
7844
9582
3226
7298
2644
8339
11327
11740
9459
7875
5759
5281
7634
5363
6492
8132
1516
7684
6208
3444
7463
4411
2584
6227
8846
10520
8301
11926
6324
3425
5207
1704
11122
11518
4790
5353
10176
1508
6039
8124
6501
485
10707
5844
7611
3325
2371
4398
5729
10254
702
4807
6790
6668
11782
6911
1776
3360
5435
1800
6927
4053
10167
2834
10969
11402
2831
1474
1321
2757
3587
890
2059
10541
768
8028
4746
5394
11096
6935
6539
352
3195
11459
3407
11863
4481
10978
5162
3441
6310
5716
9089
3975
4026
6974
2294
9194
5108
8698
5289
8099
2780
932
5578
233
2908
9541
6871
11779
10493
970
311
2015
5767
9189
8117
1344
472
2916
4129
10781
3043
11246
9036
4224
11633
410
4383
112
542
60
3592
1529
8342
4726
10522
1472
2419
246
3119
11845
9523
6130
10766
3694
11399
8832
3628
2777
11214
11509
9330
2792
6332
2026
150
3118
4265
11067
9733
7420
11087
5297
3543
4547
7667
10620
11150
1905
9645
3412
10053
7825
258
7555
51
4915
1103
1323
3945
3620
3930
1021
1598
3361
4230
11587
10181
7994
3015
5056
8610
11897
8430
267
2081
5195
7912
11752
1983
1290
11288
8013
6194
6701
3723
7510
5544
5749
5798
6006
2749
2600
11210
95
1775
2047
7154
11424
1911
10385
10711
3585
4890
6428
7601
1844
8162
5100
2391
1000
3260
891
4876
8210
6198
9357
6674
2414
1170
9342
8867
8756
9914
2211
10178
9503
2385
11649
5364
711
869
10111
4745
2968
6779
10163
708
5920
3711
10217
11044
4302
10514
10538
10693
7780
837
11203
565
4515
4897
2535
1242
4519
5143
10120
6649
10802
9339
11033
3755
10342
3966
9660
6555
9755
5804
6895
7045
2527
1518
11864
1661
7507
2704
1936
5580
6595
1060
2567
5185
6016
1388
1251
9634
10069
2538
801
4091
9148
671
2240
496
4920
6556
8281
7205
10008
5688
7839
4847
5146
6530
1851
7326
11253
7094
4849
8809
11867
8798
1644
7121
1804
10681
3177
8778
461
265
1288
2557
1255
1020
8606
10993
8448
8045
8314
5739
8487
3052
2141
9554
11307
1573
689
5737
9230
7334
6801
1981
2821
2607
393
3045
5953
184
4821
9239
3548
11198
1485
3653
10720
9225
5202
5159
1553
9388
2297
9953
4866
3557
11354
3903
11208
8824
11703
7688
9112
6274
4963
5847
9235
5571
9762
270
10528
3994
5707
10726
9122
4934
1117
6860
4721
11305
5689
2698
8814
5450
8734
5456
830
11866
9564
11342
8803
9781
2582
5917
6030
5004
9055
3997
5329
1215
6507
9811
4693
7147
10275
8359
8804
11119
7003
7173
1101
377
7925
559
1049
6574
9748
2117
8219
1984
1453
9000
452
9620
1334
9933
677
4811
1652
4768
7256
8926
597
6197
1308
8410
3227
1461
1895
8711
2387
4029
10597
2393
4952
4877
11583
8559
1783
3477
9521
1210
11915
7495
7661
4236
8384
10750
5199
1524
9919
5397
8015
9219
7557
5820
7046
7268
1272
3401
5413
10001
7834
7017
11337
4296
8666
1720
9789
2037
10774
2510
7295
1109
3840
10549
1374
944
613
9743
685
5058
8499
9033
435
5361
8285
4392
6957
3545
888
9247
1826
4148
846
10336
7022
4838
9469
9336
1592
1884
7030
8662
4177
812
11890
11654
8046
3788
473
626
451
3566
3460
2262
11404
2604
2954
8385
6320
1832
1198
11815
3097
11846
1201
5900
4095
11270
11151
3651
8915
2872
1561
8108
8011
6540
10593
6065
4012
9253
6018
1786
11239
10218
725
9399
1015
3092
4810
3421
5074
73
10439
6975
3333
6569
9861
6280
514
5780
7453
7675
10463
2193
8810
3024
2842
10807
351
8838
10917
11770
3640
4909
6652
10360
9419
10226
7926
6110
4967
1484
4646
7672
8843
16
2852
7805
4215
10769
4740
8790
9412
7944
6319
75
2456
2014
1542
9092
155
7622
3929
1977
4122
5314
10811
250
4753
10521
3269
2012
2459
9682
436
6599
4970
6682
5626
4221
8774
3650
5358
10635
601
7621
10730
8478
8154
8558
9133
967
6240
11391
6758
4065
9614
2407
6696
8721
7819
10747
2609
11551
2215
6700
6079
8938
1016
6278
4711
10302
2452
1504
5906
3445
4642
3302
4769
6444
7986
742
1568
151
901
7607
274
449
6216
5347
10794
651
6518
2801
6418
11502
9679
9243
5741
7853
4586
5310
3942
6607
6601
7224
2481
1815
7397
6573
7696
6568
8625
5147
11396
6637
5697
7643
3899
5045
8347
8713
10456
10637
5431
4666
10082
4830
149
10553
9480
2868
1245
7194
3039
384
2943
8684
11741
11265
10595
10585
245
6459
10036
8639
9826
7731
1441
573
2338
4370
8751
10179
1306
761
5835
2760
11433
2523
3165
1534
11061
731
5062
11418
10659
8176
10089
696
4478
6038
7785
2532
810
8220
286
3053
7699
5391
11792
9393
3638
5665
2591
440
67
1098
1065
8656
811
2713
3793
1904
5589
2036
1333
8914
10828
1861
11673
10940
9031
3021
11145
1145
5048
234
7073
10083
4678
1304
9684
2891
9567
7713
5658
3338
665
10132
6107
7759
10835
8679
7955
1058
2305
936
7449
3509
3965
8204
5756
5047
10283
11610
3188
3951
7137
6509
2480
5992
4118
8505
5808
4145
8207
3357
5996
2674
4015
10598
11773
6366
4980
6578
1600
8344
1033
7895
7842
10579
2551
9293
1707
9859
6930
5133
4839
8022
1949
561
6591
6973
4968
9544
10642
5027
8004
10125
632
745
11750
2919
751
6226
919
2525
3109
4109
9062
2319
8033
11464
5938
9498
5101
3615
6462
2436
10205
9413
7351
1394
11528
467
7182
5166
7356
5557
10353
3258
2046
3759
2862
4837
2067
7633
4462
728
8651
4047
10464
6407
5439
9081
476
643
5777
8755
6283
10569
8395
1714
7473
6657
8786
11710
3061
343
7737
10148
10310
3896
1247
8075
6206
3576
4229
6288
10639
3831
995
8138
10853
1274
9687
11744
10838
524
7499
2948
10649
11251
8957
1649
1017
3527
5035
11799
4560
6081
4388
1685
5390
1963
5934
7379
3248
4687
9947
4441
4567
8202
1798
4754
4166
1031
1813
8358
9264
4631
9244
6660
9372
6792
7854
5453
11143
11005
301
6597
9500
4455
11409
11047
4034
5138
3234
11098
3797
9616
902
6588
5787
2460
5541
2461
8008
10248
776
5135
536
8119
6851
8572
9767
693
9425
9708
5754
6167
3855
7199
1417
486
7509
10721
3608
5059
404
10284
10737
183
6175
8661
9384
6246
9341
1777
364
2927
5682
10641
1818
10617
3718
2022
10651
373
8863
2974
5240
6420
5687
8864
7563
11754
2083
11588
4622
100
9611
4250
387
3626
8194
7424
2241
4684
9983
886
5495
117
9224
1147
1226
9507
7980
8053
9203
2209
484
3100
11050
6433
1422
4947
4851
6027
7915
1653
6622
5039
1762
8733
5158
8490
807
6276
6912
3818
7162
8062
10741
2242
26
2082
10822
5459
4466
3607
8421
9677
816
5415
5966
1479
96
10645
8741
1143
10141
9185
7020
6606
9928
1406
4031
6014
4718
4523
11226
5903
9565
1493
3352
8420
2627
10126
9405
11539
8302
2155
11149
2548
9790
4775
4979
3974
5537
4648
3823
5983
6190
3762
6826
2116
4382
786
9491
10785
3035
3552
6203
1768
5448
11843
10664
979
6561
6656
11871
3868
609
4174
8728
9184
1602
9836
2860
5931
8141
7832
1660
372
11865
6273
10386
8780
11016
4792
10480
7432
7255
10810
11201
9038
5169
10370
6474
9085
11933
12
4521
11427
9402
3197
2087
1642
5859
3916
2093
3907
8140
11577
5840
2024
3139
434
7735
335
10012
10674
9213
7686
6586
477
5125
4487
1566
2358
6389
11024
5955
2377
6537
8594
5534
3936
7532
814
569
1177
7512
4486
11279
7448
2172
6304
4341
1987
5828
11064
4326
1102
10946
9245
10950
8411
455
3276
1114
1130
7902
3717
2990
10289
6083
7618
7024
899
4705
641
10484
6517
6114
7097
10466
3691
2216
8825
1062
5984
6808
10207
2219
9096
11855
7130
2688
10099
4366
300
4400
6036
10526
6738
8251
2115
5651
4652
3220
10907
9017
7900
676
1372
8680
9137
6856
7103
7616
7707
1295
11745
10516
6125
10882
5173
7426
11840
10369
945
1664
8907
217
911
6432
7282
6827
2188
8823
8629
6594
1276
2254
5081
2592
418
9989
10180
6441
8729
2501
2807
176
462
8626
9969
6112
2987
6370
4555
5783
10162
1575
8371
7406
10871
9086
1759
9387
10317
8170
10580
9689
1187
7029
9489
4292
3458
5043
849
9886
3747
5631
714
7959
2231
3242
6046
2484
1662
7179
2303
3244
10558
889
4352
3919
10947
6183
11482
10034
6979
2433
9988
4924
6559
4710
1974
232
4619
7552
5834
5937
8103
8598
8157
2044
11854
3081
4266
2645
3370
2904
4242
9443
4731
1823
493
9099
10363
7828
2278
8601
11730
268
7843
10255
4855
11786
8817
2656
6879
9367
8963
10574
7841
6642
2823
11526
42
6040
10334
6869
9176
5586
6671
1141
6469
4328
3384
10876
10066
3890
8821
4983
1609
11062
3038
3952
11666
11743
10666
9180
8834
5860
4314
11389
9984
5002
11622
11266
3136
1249
6158
11137
11295
1079
3829
6108
9561
10002
5600
6222
2602
3484
7840
4771
503
11753
3721
11348
9558
6943
6163
5009
9455
4003
10409
1848
1914
6080
6807
1273
5494
3213
6745
11641
952
7734
9791
10670
7204
10960
10824
3928
1082
324
2940
10527
9134
5975
4238
2135
4010
10379
915
380
5784
3657
7763
3345
2863
9980
1115
6220
7032
7981
6007
11765
7965
6440
1778
11485
3032
10691
4362
6476
8805
7985
10556
9267
11135
2814
10340
5882
9889
9378
3538
7691
557
5078
1186
7416
475
7324
10151
6615
7401
9592
2405
7348
10259
9633
5994
133
900
4719
10539
252
11683
7757
1988
3535
2628
5618
7723
10660
6259
1309
2875
5340
10798
3324
4387
1475
9842
4853
11913
2578
8791
8127
8277
6859
224
11692
5488
4046
6078
4412
1874
1264
9136
2588
11133
1429
8583
5322
9254
11887
3335
8987
4906
3210
1689
8328
5222
2457
4085
636
1284
292
2531
8334
5570
9540
437
8548
5121
3388
9338
11891
195
566
8754
7891
720
4886
5105
9778
2580
926
4992
5538
2790
5083
3749
2154
2150
6390
2043
6548
6411
4104
599
10578
5816
2949
8806
507
9037
4057
10453
3156
6499
9807
8105
3867
11525
7266
2113
10623
2413
1014
10051
6269
3504
5957
44
9730
85
2078
9756
9968
1780
5206
9971
11275
7461
1712
10098
969
1567
3180
3820
1719
1591
6376
2610
10486
9801
10980
10654
5351
6512
5308
9527
11818
11506
11920
4599
11476
11432
8088
11794
6434
4510
5932
5186
2788
8086
5257
2450
3982
10685
4361
4087
4874
9584
3492
3743
9877
5690
968
9014
6940
8725
7951
10529
3475
6496
4119
11882
9434
9696
6093
3036
4024
3411
8306
10524
670
2504
11111
4550
8747
5440
11069
6702
6399
549
3395
8483
2925
8465
4124
9598
10916
2632
11375
8468
3023
10686
7261
9302
9220
5483
1973
7212
4956
10449
3173
1605
9259
5540
11648
8437
9379
9486
8130
1351
7287
1190
6437
2486
6948
6585
5290
6053
3989
8060
7471
6034
210
6171
8638
8282
2847
3310
7952
10581
11403
10186
1056
6486
3380
4605
10572
9347
9356
3925
718
5765
10063
6802
7892
5602
4271
1266
7395
3321
8350
6026
4035
8324
4541
5978
11613
2914
7799
1617
9169
5619
6033
9803
4692
6189
2362
6683
3390
6894
9365
408
9560
8833
56
653
3025
10330
253
4972
545
411
10161
3116
7575
6372
1455
7640
10715
10914
269
951
4709
1880
1085
8668
11187
3858
9362
7055
10158
11310
1161
2779
2126
8738
11331
10968
7871
7954
4776
8493
10682
4232
2312
8400
9509
10713
2945
4944
6020
5189
8557
9260
2416
2753
8811
1125
3627
1450
795
9319
8144
3764
7803
2833
684
11628
5383
2119
9488
1047
8472
442
7243
7180
3250
1811
9740
6490
10253
5326
1423
4657
7830
2851
5649
914
7766
374
8056
3059
2356
3639
9590
8446
3416
3151
847
10992
9308
11883
1250
8579
2830
11373
7107
10404
5640
9700
9597
52
3030
8551
11877
623
1095
2035
11861
1790
4601
489
2881
8152
1958
10911
174
4852
6369
3373
6400
7778
719
5402
11769
6956
4452
7781
11031
3633
4603
4017
6470
961
6896
10545
6173
4147
9851
11382
11152
3888
679
18
6665
4293
7352
11825
11120
7529
7804
2322
4881
4898
11879
8627
8171
11200
10790
11026
7228
8498
10252
138
5696
3190
5846
6971
10124
1578
9296
8897
4310
11842
7317
8413
6617
11183
4241
6605
618
1993
7514
9269
10925
5624
369
11317
5269
8912
5919
773
11901
1758
9536
10636
8899
91
4450
8901
6609
8288
3002
5087
160
8252
2139
11161
5090
11398
10068
2493
7306
9229
4408
2399
637
10177
4587
3005
6326
8740
3914
4219
11811
7064
5546
3106
11346
3362
11190
9351
1283
4542
11928
3206
8415
5951
4739
10589
10265
323
7644
216
322
9142
1419
9631
3799
701
11103
7114
11321
5131
11323
10889
3419
9138
2791
5075
2142
2561
8720
11565
6254
7323
11123
4011
2396
4084
796
6852
11923
10830
8340
6008
3094
6861
10110
10427
8352
1340
1019
8234
11450
6840
8377
7126
2368
7363
5294
2672
9854
4385
7676
11859
280
7023
1156
8051
10056
5406
7816
8224
5633
7404
4543
6915
1845
478
9012
4377
11220
1867
10442
4154
6213
7318
4713
9283
4054
7262
9406
5556
11600
5063
5220
9773
2965
2088
954
10735
10243
3525
79
7031
1111
3854
7191
6732
7540
5424
2803
3767
7698
3631
1858
6346
5642
9591
10231
2353
11371
5639
8888
5677
2023
8121
3299
4267
1527
5367
8084
11705
1828
11755
2478
576
8830
11693
8241
3229
6938
5643
11592
4639
10441
1535
10309
616
1430
6627
2370
6392
10258
6663
3983
1230
6166
10891
11906
1421
5228
2743
727
6647
9258
7725
6939
9599
7526
392
10023
11034
4667
163
2475
4082
6241
11729
10174
3160
312
4782
11763
877
5422
4964
8852
3668
7890
1847
3209
6458
4417
7545
4007
5050
2689
7515
11911
903
10727
5198
4006
7752
5768
4929
419
5941
10512
11625
6088
2870
10729
4437
3810
9637
357
2670
10004
552
1622
2313
8442
1050
8763
2260
5354
9648
4946
1517
3027
4763
5359
4630
8475
6920
1636
3872
3066
3801
11636
1209
11541
8065
7884
8880
120
6632
7519
5862
10187
4583
4474
666
2410
5501
3498
5064
4430
6968
3329
1434
10201
646
7367
11364
3268
6373
5715
6777
1565
9994
10209
6296
3816
9511
7899
10575
1381
4413
10497
6760
3713
109
3392
2715
1010
2502
3877
11645
4101
7541
2765
11125
8104
6707
8769
5028
3562
2415
3934
11896
4304
6783
3014
2889
604
6650
7893
4862
5539
3142
4990
5157
7597
3841
6374
736
28
1919
1946
6970
1480
8730
10909
9332
3885
7523
11463
5506
329
3430
9322
4395
5532
3403
10208
9828
3838
7950
1087
4073
6557
2432
1369
2944
5684
4752
7758
3347
4694
7167
2640
9758
2038
10877
9154
4548
7207
3435
975
2085
5070
1751
4079
10299
211
9800
11870
1256
4589
3556
5674
4546
10888
1473
4337
2496
11470
960
8597
2979
11178
2676
7982
7236
8083
3487
538
4005
10185
241
8203
1279
10485
10475
2133
1414
6766
10222
6263
5997
10418
9024
220
8059
8934
9333
8290
3141
11242
4716
2073
3678
2224
10679
11444
194
153
5764
8444
862
33
8526
5451
7878
8239
9161
9394
8391
8049
9411
11543
7822
7257
4798
5610
8765
3423
2941
4774
6921
4298
11046
2195
10949
8913
5276
6729
3870
5007
3499
181
7823
11384
3584
4787
1934
3208
1332
10373
5250
518
3892
8348
6713
6409
6442
144
2056
9016
6456
5627
7309
10534
9875
2237
8133
1727
7076
9454
5156
9815
8270
11690
4469
3114
7674
4276
3368
4859
2232
3692
11272
3824
7708
1494
7091
11484
2824
7399
11263
7898
1152
2511
1282
5960
1702
7139
2226
913
9420
8885
3408
5812
7851
526
8485
5760
4365
11243
940
2250
4883
3863
11084
2053
6143
4214
2579
10846
6893
11555
4186
10873
6905
7482
3819
6129
7044
4764
603
1317
11290
11910
59
9623
3675
11215
2569
5022
4197
3172
6880
11408
8308
1589
9492
3667
750
433
4291
2388
8148
11053
6571
6867
7269
1970
8920
645
10168
1754
8262
272
4414
8009
11533
6448
8710
4
7869
4069
1625
9204
5334
3512
7369
622
2864
4040
6371
7058
9422
6218
9640
3665
423
2859
10498
5732
11165
10885
6704
4187
5381
5876
11095
3614
551
5324
4482
7794
5845
1468
2738
957
8299
806
5117
4456
2854
6482
2789
9200
11080
10875
9975
2006
11700
2182
4217
661
9432
10742
2603
8394
255
7102
2685
8717
1952
1643
3826
10371
8767
6049
7479
5345
6928
7706
11892
9846
2333
5428
9101
3605
10246
10994
1796
11660
9048
5526
7910
7847
3696
5350
8766
466
4134
123
9537
836
3658
9309
2122
1710
10015
3846
5503
1138
6726
2076
8556
10612
9182
5462
1059
7942
10496
7546
2373
2574
5728
4331
5641
10134
11108
583
11778
713
11014
2492
5875
5398
9248
11644
949
5371
3140
1900
10092
4680
2168
7304
7579
2255
7169
4494
4673
5531
9810
1520
11197
5999
3050
7787
8208
5458
10301
9108
1129
5775
7286
7755
11676
2733
5152
344
6219
4884
7561
5897
5436
2310
11869
3017
4285
6160
660
2605
5423
6419
1160
1623
7188
9152
5811
7470
10973
11416
277
7861
6686
6816
7958
11637
1025
3792
5576
397
853
9805
7227
1375
2879
9076
10305
8761
3649
3137
519
6059
8703
11594
1588
321
6251
650
7637
2429
4172
6204
11020
8688
8473
1030
7231
7525
1185
1830
10488
8696
2537
4120
8293
8881
2162
700
1039
7184
10930
614
1294
2176
2340
8800
2811
8768
9593
7590
5738
11255
11552
10460
1239
2032
1909
10692
11839
1175
8980
6406
1443
8393
3225
9965
9023
10244
2321
6949
5303
1784
7518
10381
6765
10430
4928
1176
378
7836
5474
2554
1404
9710
5977
3382
1637
11380
2194
5565
6379
9186
4473
3871
1121
11570
10550
6847
8296
3897
634
8304
1126
7496
1338
785
9292
9066
10799
10018
10778
735
6416
2885
10380
5568
5373
5109
383
2100
6563
4311
978
2530
6989
5160
6610
3948
11685
6457
6141
11812
8183
5141
9479
5962
3426
333
208
3288
11571
2648
4169
8128
5335
7277
3143
10417
9717
11712
9366
7168
29
3044
4074
1181
7638
3028
11100
8136
3004
9871
11368
1532
9391
716
8704
4068
9715
1409
2431
5823
1956
3893
6526
8014
158
5426
1316
11575
5293
9325
1853
947
7549
10736
2323
5584
8535
7771
7340
4872
5879
11191
1594
4791
647
6331
10297
2924
11829
7491
5588
3882
1725
8010
6261
11607
8984
5472
1917
7872
5590
7072
4535
2883
1312
10744
10804
8773
4305
8456
8110
4695
11615
10535
2454
11422
3291
9922
794
2960
9535
1930
4282
8812
2175
8653
9924
11488
5254
4427
9657
4994
8723
11232
7016
7745
3999
3598
429
3486
10819
11503
6785
10476
2039
10684
5181
1787
7949
896
2729
9233
8785
3947
10901
2981
4157
3077
2741
2017
10450
6089
8589
7124
8608
1133
5177
9396
3813
8892
8274
5913
1094
7160
4799
8799
4280
2011
7972
9155
147
5850
5040
8613
1519
7756
3663
8633
7928
8563
2498
8960
3554
8815
3051
6833
560
5021
592
9542
401
6193
3331
6531
8107
1892
11426
4938
8616
9707
8917
3703
3804
9722
4676
11774
305
6506
5810
8948
10261
8528
2915
9569
10234
1957
5574
9427
6205
6066
958
1104
3181
6382
3104
4917
10631
10627
4353
6693
5896
8390
1894
10189
2273
10957
2121
8229
2453
6234
9501
2075
8017
3214
356
11593
5067
7106
931
7809
9368
7012
1572
6170
11650
5583
7768
3323
10103
3783
9839
2918
9004
3971
11104
1077
11036
8887
5593
5827
6849
5869
8113
9130
8929
6787
6874
1006
6348
10926
5509
868
7438
103
1577
8692
9472
8408
6165
7122
10919
3457
9439
3320
6343
574
5283
4748
99
10295
6147
1167
9713
9395
2631
10503
2744
11496
6307
3909
7793
3956
5907
1932
8043
9162
8857
4216
8940
667
10326
3666
516
9223
3138
4496
4624
7571
8775
8116
4656
7524
5748
5246
988
1732
10407
4235
3284
3595
764
9545
458
1756
4322
2029
7938
6525
4814
5921
1339
4190
1574
5362
7531
9621
585
6995
2131
1137
10007
5757
8682
2745
5778
8955
2522
1735
2171
3773
2144
4765
3497
1096
8620
6106
669
8355
3350
809
7445
11205
8570
6099
8160
4602
2365
9941
6242
5115
5150
4965
8742
8858
6002
2128
991
8061
7564
7047
4096
11872
7164
9583
3105
8321
6764
963
9525
4295
8361
4802
9993
2441
2503
9156
2657
3908
10740
7411
9299
8373
11917
6154
5751
1856
6944
4433
223
3685
5712
3904
355
955
10883
5855
7802
11259
10278
8452
9010
3332
7487
8918
8691
8209
1231
8576
4357
7274
6468
10723
11880
1199
10303
8882
8416
10154
7977
5123
7181
9400
10943
1219
2586
11576
2652
5611
3466
3130
4808
1442
10899
5211
3851
8436
5825
4562
8567
10655
4922
5672
1392
8989
7035
11521
5594
11862
11737
8374
8581
3189
9467
2764
7460
9607
8544
7229
2822
2251
10071
1536
10250
4099
23
4261
1063
199
8398
11344
6572
4930
11697
11054
6626
290
11689
6199
9539
8193
879
11045
11672
1320
6987
4914
10615
3199
3201
4364
5097
9064
7087
4334
1476
7501
10760
4908
10009
275
7857
5947
6157
7709
1260
10401
82
11271
9424
9295
2959
10618
7906
4953
6796
10557
6603
5857
2159
9205
6998
2902
4355
8981
6909
9701
2027
7716
9310
9641
5990
8708
4303
11366
6186
5323
2350
8474
2703
520
5184
4762
336
10987
6116
365
3719
2724
7190
9149
3722
3222
2199
10995
3964
5673
9423
4495
11731
5550
10358
156
797
2339
3682
6335
1729
6043
11709
6962
5929
7429
8406
5792
6168
2719
11932
7750
2809
4882
4975
6864
5608
10424
11747
425
7328
861
3644
8351
10292
9276
7230
10582
7645
11174
10979
2479
11058
11088
6361
5409
6285
4978
7806
4401
10984
533
1770
8368
5155
4885
9860
10421
4842
3712
9751
10953
11905
145
7838
2244
4616
4425
7586
6566
10225
11195
9816
5516
10936
4418
5881
2384
8585
11113
7242
2286
7394
872
3603
2474
9671
10880
3660
7156
4707
9662
5190
2382
4009
2094
10547
6109
6906
7290
10344
1862
7455
47
3075
11289
7069
11608
5648
3166
4358
8609
3454
9421
3048
5660
4933
3098
1331
1537
1579
9380
1380
4822
5755
4670
5981
10894
10504
9314
11492
7408
8630
2976
6868
4783
2458
6780
10251
5806
5555
7027
9018
7717
8648
4330
8003
1541
3221
5985
6330
5025
743
8221
8417
5604
9973
1991
9594
3727
990
8845
10076
1318
1514
9349
3238
11832
2559
882
164
1726
4284
1045
11340
1825
4887
2107
10094
1158
7749
10038
8994
10588
11023
7673
2061
10855
7388
11401
5223
8875
11445
3123
2325
5263
6128
6174
6398
8159
9576
3216
2980
3308
7883
9273
7245
1362
7172
10507
1337
3387
7921
7609
2818
3377
2266
3281
11762
9675
916
7145
2805
2682
8313
8297
9996
7174
9579
7132
7185
5833
6436
7855
4212
9334
1080
6340
4606
3467
10077
8261
10436
9793
2054
3113
11176
10042
9548
4724
3591
5818
5416
1695
918
3828
1550
9446
5091
36
6504
3687
9946
5080
6354
10316
2308
10129
9495
9903
8407
10803
3420
8389
3752
5325
6560
7626
8451
9901
8146
9779
5429
4553
6797
9936
2992
10872
9639
5989
11860
328
9833
4691
2888
9207
3266
1416
3495
10290
2731
9986
10298
314
11558
8822
9549
310
5296
833
11136
1910
7302
7360
11767
4647
11670
8509
9226
3072
981
6960
4300
2884
6985
4049
2911
3223
1772
8946
9952
6503
1093
9991
11531
11695
9813
5204
10422
3697
8023
2953
10515
10704
11262
8190
5958
4628
1444
8322
5136
10155
10461
7195
6401
6988
5841
9841
7812
2445
3245
10706
10814
8312
6947
1488
9904
5311
527
5167
7592
10920
5902
5581
2123
528
6289
9052
7090
4350
9925
11213
10972
7671
3517
3655
4142
3469
10406
746
5530
6878
3636
10021
6464
11510
5993
10395
3623
9995
8076
11524
107
7776
10396
9784
6806
5694
9370
1548
9917
9769
4426
1791
7151
4785
8027
8515
7327
7701
3508
6152
2030
7176
4052
9453
621
4703
1802
89
2813
10932
2761
9638
3297
4912
4253
7054
8951
2679
11235
9409
7161
3096
10397
5681
7353
3040
1923
8212
1466
9242
5698
7196
2973
5535
10827
6494
5412
10227
974
6775
6952
1876
7897
3977
10320
10455
6075
578
11809
7484
2074
3414
3742
3735
10473
11008
7613
6892
5577
1269
2200
1376
6922
9926
10939
1794
2494
7585
5144
6908
6133
3763
8976
10003
11363
788
4000
6756
2590
7127
2337
8546
705
5517
7536
10429
9238
3617
1012
7826
1611
6427
10870
8214
1672
3099
5460
7474
749
3849
5529
7989
11362
7762
10374
780
6554
1511
11777
5094
11675
6976
9938
6687
5333
8510
10263
3981
3070
1745
2048
304
4471
11436
568
8330
1556
11180
8532
4607
8097
11454
4856
8534
11393
3456
137
10625
11630
9390
307
8222
640
1486
4453
4634
3175
3935
3967
4151
4846
3241
4597
3237
11212
6455
10029
2439
5252
389
6417
8512
9003
9508
9179
9613
9649
1207
2867
9884
7500
5822
1807
11472
5650
11206
2840
370
8050
8492
7970
4715
11756
10777
11106
1495
5128
5995
9642
8854
8080
6529
2302
6472
9734
10771
9830
6031
9250
3586
66
11311
8782
2152
2190
11713
2565
10831
6654
6135
1670
5317
2923
9104
366
2381
10725
1159
3018
783
9785
827
7198
2998
9694
6247
2495
406
4213
6215
6493
675
6383
3069
8970
11051
7079
4531
1028
6883
11292
3122
303
3995
205
1608
11698
7308
3751
10613
3571
7247
8459
2906
3417
4698
2705
9615
1698
8943
2442
9151
2989
2447
2288
10247
8719
2145
2929
11048
6521
7547
474
5796
575
2618
9766
5124
8238
8624
6445
1229
3348
3815
2274
1492
9612
9652
1739
7544
7177
9442
4184
8553
9749
4260
2630
9202
4112
6675
10142
870
8265
8531
5068
8243
6721
11172
2280
1325
5024
2229
6139
8356
11160
7694
5786
7971
2694
9786
7265
9019
8906
556
2033
5054
1523
3385
7098
7517
6044
3029
664
1865
6035
8996
9893
7486
2660
9482
7619
10425
10079
5278
6351
9493
10511
10753
4727
4681
9686
1431
11642
10025
7677
9021
6593
6502
5603
5972
2654
4251
31
11908
11379
1353
6889
1191
11655
11585
1074
8496
1205
1456
558
11438
9666
10157
1538
10410
5042
871
10788
2140
8789
10805
11412
9286
11614
10792
9847
6127
935
7999
4554
6577
11623
11442
8631
2739
4428
2158
4829
5720
8443
1870
5829
1193
7166
4226
104
9556
4505
8969
4479
8874
6818
5404
9447
3060
10160
7065
2646
243
9279
3807
5272
6712
219
3366
5279
3889
11367
10378
8402
8712
7739
4038
4393
1893
10104
11523
6334
732
11738
7978
11519
7018
10610
9063
3265
11082
6739
8772
5454
3273
9272
3215
9661
11157
1292
3734
6329
9566
5563
3988
6475
8876
7941
5192
8
11102
1717
2692
9082
681
4033
46
4827
8536
3211
196
10783
7312
5368
5365
4552
8568
11455
10387
9998
6140
11469
222
8188
9887
11400
2364
3267
3088
4477
2553
1896
2742
3932
10314
4623
5952
1610
7874
55
8085
8944
6543
7714
1570
11052
1029
10816
10605
9658
3839
10169
588
2623
9678
7783
4825
3654
6225
11042
11847
4179
9982
9992
7141
8947
1465
6994
3184
964
2042
11687
1499
1585
2964
9532
11352
8732
5417
5114
3720
8156
1166
7344
10567
9905
7210
10192
11734
6176
3316
6084
5910
11560
7492
11664
5203
7856
10915
11629
3095
5727
6209
7533
6929
480
6770
11597
7862
11394
6291
10772
10560
7704
3866
2800
1638
6378
5318
2332
8434
8095
939
2238
2112
9879
8883
10312
8753
10519
4237
8635
3337
11320
9364
3254
8539
278
1634
11081
5663
6185
10652
381
1412
6640
10073
2539
5512
2161
6567
6523
10983
4574
2625
3953
9039
10359
10086
8036
2836
58
5418
3845
11097
10315
142
10758
9026
122
5003
11785
1432
7653
4734
8848
8672
62
3684
10057
8533
815
9867
9896
4663
10085
5179
7560
5799
4974
1162
4205
6612
7336
2295
7392
10976
3706
5790
3033
10886
6951
9067
8032
5313
6891
3449
10746
170
5201
9029
11207
8205
2275
5437
7259
11466
586
5471
10864
9375
1781
9240
9863
450
1899
11204
10650
9619
7119
6684
5476
7754
8418
9175
5320
7136
2124
6619
10285
8005
3386
9817
6368
9853
10748
7112
4999
2177
7741
4907
11186
11795
10341
3008
756
4777
9401
983
3822
3205
1051
3672
3602
9746
11715
5029
376
8910
9173
2895
1418
1615
8401
8966
3739
10656
9891
5489
2858
10536
6614
6136
9714
8527
9466
7818
4778
5214
9053
10472
993
9157
7285
11844
5433
7521
9747
2671
8289
5560
7175
6180
11326
7200
1387
3745
7148
5073
7428
11435
1150
9196
7100
5378
2533
3488
11694
8174
817
10861
4378
7409
385
6120
1544
8069
7434
7934
9115
1148
3775
11849
11493
3200
4338
2983
2817
230
11723
1872
2619
5826
1335
4841
9377
1716
10837
4379
367
8125
1922
8677
9212
7305
10102
8163
8831
11094
350
11684
9300
2127
4299
11527
808
9398
1471
11688
8744
1850
9844
5388
2997
1992
942
4500
3007
2378
35
7222
9103
10349
5852
5226
10241
7272
6705
2096
2404
8145
1525
9042
6150
1132
3624
2839
11564
2829
438
2186
595
9119
432
2435
8781
2291
7178
10459
11293
6751
4407
4632
9311
3086
2541
4772
619
3274
2641
21
285
7665
7456
3057
8522
5175
11121
259
320
703
6357
5421
630
2265
2975
10203
6483
7646
11918
3293
6069
9865
2555
11479
413
9315
866
7767
9771
2198
635
11722
4391
10075
628
10307
9672
3688
9586
166
1413
4896
5854
4161
8877
6902
9942
8952
11428
6644
8093
5137
3410
10232
3479
3998
3876
4945
4167
3761
800
2647
448
8098
7651
4940
4936
5468
8232
6341
10382
8560
579
2659
6759
9745
5691
2782
11813
6012
4121
2397
3019
8700
10182
2702
8300
8476
6815
2737
6618
5019
3515
2055
4060
8479
8884
10060
4381
5562
10236
2740
154
1925
5936
2736
992
11343
729
6855
4347
4579
1769
6290
10508
7788
11704
1061
11706
4178
8619
9285
1632
3612
994
2500
9864
9128
3012
10844
8524
487
10718
5315
2931
1528
6001
2328
6353
1968
1539
11138
11549
2184
3990
5866
11578
7442
5499
1889
11662
7569
9849
9249
11264
9392
9753
8891
5319
9955
8520
6096
457
5779
315
10202
1277
3296
11365
8571
3970
8924
6187
7669
4845
11494
11350
4320
11071
7183
8037
8958
218
4289
7108
7605
1945
8993
6520
1195
3570
6795
10462
11269
2781
7864
10697
6360
3322
9060
11030
8596
3354
7697
8705
7924
8381
1730
4537
3074
9218
9015
8927
11766
7279
5904
5511
10562
7419
10212
5630
3135
2173
7979
6005
10282
5248
1196
3521
10054
505
11784
6515
3800
1926
10116
5010
2695
11041
10929
5126
7815
8380
7459
4180
5449
3891
2001
2392
803
7270
10028
9725
7712
7710
9643
7736
2512
5475
9670
8057
2163
4697
1214
3442
9013
68
11405
9107
4045
3309
7249
8030
3702
1234
10123
9172
5238
4409
11277
787
2978
3272
10667
5148
8752
10749
8566
8404
8990
7116
3349
7128
11355
9900
7639
7223
996
4140
9473
10944
10419
10495
9463
20
3218
5469
10188
6709
1194
11011
2248
937
1906
8018
10237
1024
9823
5419
1184
5961
11499
6897
11332
1760
4655
8235
1457
90
4438
7105
11504
7214
2214
4153
11638
346
6781
8463
3169
9515
2754
7886
710
6528
8549
10156
11529
4637
7333
2675
8851
368
5943
3958
11489
3898
8481
909
8166
4700
11286
8445
1296
3616
5154
1817
1500
6177
10924
4274
8201
3279
9761
820
5652
10773
6200
2521
9703
7727
4743
4989
4977
2004
306
9856
3708
498
11534
8354
1112
4919
8068
11439
424
1390
10676
11758
3534
10839
593
7246
6207
10770
2984
9132
11019
11090
4701
4457
3247
162
1313
11714
9610
11573
4660
687
11627
1035
1997
11049
1976
8440
7711
5072
8871
10274
4576
3230
3746
5667
2395
10204
8718
6103
4665
4396
5096
10665
6508
11591
2434
7386
10145
7322
7454
3305
8227
1709
2120
2157
1241
6148
10322
2292
10700
5946
4503
6655
11357
3693
5872
4227
11579
7538
8423
11334
10173
682
6579
10904
11603
5892
2971
5465
824
2845
2051
8808
10965
5582
11545
10985
1763
617
4308
7197
10988
5742
9958
6260
309
6885
9750
4997
1860
4371
4061
5878
10607
4203
2360
2687
8931
10193
4475
5
4159
997
11751
4998
5200
9153
6195
7503
4522
1275
2633
3468
1515
5037
7084
4889
5478
10499
6188
6113
8063
1267
10365
7929
1349
1582
10780
7689
1427
6342
3802
1437
2380
5830
2506
4675
11105
3124
6839
2806
2662
930
6516
2920
1005
10055
10874
10032
8280
7337
10170
6741
707
9690
5676
9834
2775
2826
5695
3875
6377
1920
7414
4028
6590
4708
5853
7947
905
4279
3547
7603
409
11077
7635
1236
4529
5587
6924
5585
2558
6364
8900
2865
11680
325
2917
10088
9271
8245
8386
7537
6993
5084
8167
11109
2901
8964
10443
2825
4423
3879
4048
2279
10604
266
11873
3973
11798
834
1354
6452
1043
5032
1378
757
10862
