2536
8398
10849
6162
10816
5766
4307
10814
9650
9025
10067
6045
9787
1085
858
449
2569
6279
278
2736
692
412
4468
7958
6443
3720
4355
10268
988
227
4539
4473
57
4093
5144
4255
3238
8793
6534
3328
8950
7316
241
7661
11269
83
1169
5081
766
4980
7831
9277
7578
1330
8459
4960
9253
10885
10954
894
2245
2074
10931
11348
5016
4292
8830
2377
8809
3588
7790
5338
6713
6552
5517
9329
2799
961
648
1191
5506
11902
3338
9254
9730
9147
8705
2667
10716
1017
9640
52
8762
7171
6933
4320
4593
1062
3298
182
8862
5395
8743
2182
8001
6074
1334
7985
3228
4930
30
2974
4801
11369
5142
3377
10846
2321
2669
197
5084
7512
7017
1461
7271
1393
7769
8588
10083
7592
3580
4133
10206
4852
11657
786
8859
10607
9426
1618
2558
11132
5204
1933
1162
4299
1592
9012
744
9823
7431
5661
7545
9510
3710
7816
2424
10970
5509
724
10080
4993
2313
1182
1522
2702
6869
7718
10407
6175
149
9474
331
10153
5319
9105
3739
9669
10471
6286
11861
7329
9773
653
6422
3055
1478
1286
11825
4055
8087
5299
4928
1318
2876
6744
4701
8368
8869
1713
3317
11900
3451
6375
8385
1239
5536
4891
349
672
1
4358
6191
5090
5362
5601
7159
11230
1806
569
11588
2162
1207
11594
7736
8041
7348
6951
8474
7466
10675
8623
2361
6447
8668
4459
10850
4868
8355
1860
1856
4052
4038
3952
3166
1071
1849
6866
5645
2807
971
6719
7654
2537
7021
6606
3477
7224
208
11351
931
7505
4962
10598
7185
8481
7492
3742
3939
7699
7361
11789
6344
1775
5169
10582
1723
8620
163
537
15
488
2107
749
3432
6057
5499
6197
11103
10646
3838
6821
8823
5719
4895
11559
7030
11268
10519
10986
2350
5727
3375
7787
5970
7414
11338
4076
9750
38
7459
7530
3697
4713
10028
9746
5331
6895
2363
8568
5565
1643
991
1617
10937
2191
4711
1487
10644
7135
8315
9310
1145
5335
8840
11611
2006
3318
6307
5148
11006
9660
9853
10070
1587
4630
6106
3577
3426
150
7276
1774
10684
6675
10784
6129
6628
3931
7844
2972
7602
1217
6245
9827
5020
1620
4534
1379
8021
4489
4669
7937
11367
9677
2953
4916
8504
6
3640
10809
6454
1935
1057
255
5379
10010
4611
10264
9110
6098
8731
11123
10371
1724
8523
4612
8108
4721
6982
6837
1622
9720
1883
4763
9271
2433
2586
5775
4010
4648
1702
6500
11921
9733
2252
11019
5931
1944
8236
10782
5255
69
11142
6507
850
3705
3368
475
8184
4475
7731
8309
6711
1975
6104
3305
3793
11485
1692
8069
11774
1798
3115
2721
4277
8821
10272
2666
10449
5080
4396
11020
2572
977
2758
2783
409
2965
2235
8207
4605
8596
2408
4560
9042
3549
8942
11344
2985
7659
5474
11513
10708
598
1648
9942
7889
7796
11334
10576
690
8651
2261
8392
10353
4865
10194
3031
1772
8863
5697
5926
8799
9338
9840
6782
1084
1523
2345
3918
9148
3886
9404
1527
3587
1144
176
3175
1434
868
1377
9785
11904
9578
7841
11484
2495
5398
6333
10301
1308
11690
1646
10687
3213
115
509
10423
5119
11436
5250
821
2539
6604
2135
6464
9517
4740
9170
6937
1429
11737
10404
6546
3565
8800
1590
11742
8268
10932
5343
7326
5355
6703
1785
6466
6989
8653
8221
4032
4875
6115
2966
597
6993
4807
11858
9848
10060
7795
6359
6468
5197
3015
10127
10131
5706
8175
9305
3058
10121
6966
7121
2105
5086
7555
3880
6060
1922
10596
8534
5027
9150
2078
135
2779
2941
9770
567
6644
2463
8199
1468
10719
4618
8301
3856
8824
1658
5124
3842
1585
5252
8564
9923
3448
4057
5845
1896
5545
4513
3968
6529
3660
5056
829
11716
877
296
339
10204
718
6775
6105
1008
7062
11801
3249
122
1529
7511
1417
8754
173
1636
8657
3534
8210
11012
5478
1877
1095
10651
9727
1815
2757
6007
9540
2400
4401
5328
8353
7981
781
7019
3796
2597
6283
3161
2032
8608
4614
534
11782
3407
6661
351
7647
5822
2222
3218
3390
7049
7606
6503
3556
172
10984
1831
9849
11355
10616
5939
2279
6864
8446
6787
8297
6114
3303
4819
4348
5874
4185
7609
2562
2197
511
9489
852
10971
4216
4049
6646
574
220
8810
4554
11682
1199
10863
1252
10574
2258
2723
7970
2834
10900
6721
8864
6812
9647
1807
4437
8249
301
2747
3763
1094
4283
5715
2465
9546
774
8755
1254
10584
2342
5585
655
4406
2946
940
3433
5849
6205
85
5547
2991
9907
967
3788
599
4424
10201
6460
5963
6655
7494
6269
11196
11776
8845
2731
2891
6047
5363
10203
6733
7404
6672
4386
243
7728
9625
1638
10122
11692
3381
1164
5969
4366
1082
2480
11612
9215
11002
4053
8338
5672
11182
5352
4564
7954
353
8922
7772
7820
4281
3999
9406
3447
2425
2714
6954
3291
5982
5921
6948
4287
8615
6470
8047
6999
1360
2442
4381
10600
3316
8387
4876
3009
539
11818
5069
542
9117
8687
3561
8898
5755
3926
9862
753
7173
4001
7364
7842
11556
9067
6953
3530
1072
7064
2507
5344
9001
11288
387
879
11810
3081
4647
5606
3308
1787
11102
8360
79
2884
9537
7223
8215
431
265
3104
3063
6588
6346
5190
631
5751
608
1528
9932
9323
10226
4131
4608
5007
5011
9895
4890
6511
990
4728
2932
10989
5508
4361
11297
656
10743
3386
7813
10553
1113
6297
426
8919
224
2709
8905
5185
1058
10744
10113
2496
1451
5173
77
3709
7516
1803
11138
2529
10605
7707
953
10051
4107
8902
6076
2265
6323
9041
5943
2587
5134
544
11580
8985
9236
5516
9210
8563
7775
3730
4996
2790
3871
1202
292
4047
6506
8986
1647
4054
1827
673
7596
4583
8945
3411
262
5972
6226
11787
10678
1176
5361
4714
9556
5771
771
3997
10556
11822
7079
2913
5087
10961
8253
9782
7727
8002
5052
7565
1725
9936
3130
9162
9419
7798
6639
2267
9481
10054
6903
9250
5813
676
8178
9536
10424
5487
6736
7622
8489
1388
2753
2534
309
11771
395
2238
6547
1957
6194
6292
5491
5507
4703
5194
11535
5520
4650
6848
1697
6132
469
6478
7415
10685
10529
5189
3643
8182
11325
11786
11092
6723
9941
8887
5102
257
2384
4912
3342
5630
8241
10430
3267
11194
4716
4065
1548
8270
1554
9991
11832
8983
175
4007
760
6026
1000
6516
5206
8734
4915
8656
693
7811
11140
1101
10023
5778
10800
11694
9506
10520
6399
9231
4615
9550
443
10003
1139
867
2409
2577
5235
10611
7319
6475
2418
7392
839
4120
2092
11532
678
6538
6199
3350
86
7837
8642
5047
5482
10242
11728
2042
6806
5180
792
10917
5282
10129
8604
10558
11701
823
8258
1631
5828
6329
8137
9902
6414
7624
9963
9844
10725
10701
7040
3190
2205
11270
6453
5104
6910
4498
2200
2066
11578
4938
1316
6144
4903
4039
1721
4787
11185
4547
3484
7591
6456
6916
9256
6792
8441
11741
2775
3069
5350
8280
10550
4556
10484
10726
9608
2099
10432
3340
396
4071
6154
4654
11730
7331
2662
6581
2322
4330
7634
7249
9835
962
10742
2906
5439
6424
11205
5254
9747
8876
6095
3300
9943
3269
11468
10123
4041
6021
41
7389
4112
8590
8777
142
6801
10759
3273
2671
8050
4527
9915
6810
7375
2204
6899
3470
4745
11435
4914
107
741
4466
11918
5396
4753
10973
3111
2124
4068
1327
7391
942
636
1973
10328
769
5100
5739
9232
11812
8980
3169
4411
6751
5160
5121
3087
5971
5293
9604
5050
2174
4393
1266
9089
11003
7050
8625
2824
11644
10755
3336
11631
2571
222
1010
10762
6819
11843
2544
11613
6338
1993
7983
9595
11409
730
8206
670
1865
10134
1431
4474
11488
11910
6438
2867
1152
11335
4628
11315
7557
7692
7638
3617
10255
4911
5323
7738
10844
8238
5096
7929
2802
5374
6902
955
7248
3089
2565
3764
6046
1120
5472
3623
1052
9393
888
9346
9617
5952
9464
8302
5291
1138
1517
8458
8372
7704
7131
1868
11459
6364
6285
1628
8237
1257
2908
10429
9798
5848
10391
6859
6432
8706
3537
9293
6439
6122
5294
9376
4506
9059
5903
143
3735
3349
7095
3024
8525
369
4242
5915
340
11476
5405
9953
4263
10693
9228
9557
3940
10779
7071
377
6496
2584
3053
8208
10982
8818
9661
5241
348
9251
8468
1997
7002
8139
7235
10695
3531
4867
924
11734
10095
3137
1929
8661
10874
6774
7605
9427
8979
5040
10554
6935
6557
3442
6058
5500
1246
4601
912
1864
10926
2230
4818
1905
1579
982
2936
159
1249
10690
6166
4882
6682
3800
8728
10125
5918
11122
3573
1111
7403
1927
10288
2064
5628
7013
6823
297
8718
9320
1124
11744
2441
2401
6092
5208
10817
712
11924
10771
361
1962
9990
10689
2116
3472
3937
9585
8101
5014
9509
6764
9820
2632
6531
6365
5414
717
8649
4167
9218
7432
1439
856
2776
2605
11554
4582
5415
767
3656
5141
3684
4181
8932
5867
1582
2622
5737
9916
189
7232
8123
5998
11326
193
6476
659
10317
4521
7711
7862
7941
11761
5284
8417
4847
10940
4332
7950
10564
7695
6830
6093
7429
11376
6512
1150
22
959
10721
3679
6413
4
5999
1656
2853
6101
5198
8975
3708
10425
7857
4275
8733
3444
9968
6117
11285
6239
5801
8630
2226
10303
2898
5995
7905
11431
5146
9707
10494
10158
4044
11599
2636
1235
559
9674
4550
1350
11679
10367
7633
5731
1171
11427
6985
2648
9632
2856
1466
8285
2087
6022
4850
3092
6452
7520
6109
11343
10015
6622
11100
6220
6425
3326
5872
11751
11199
5653
8959
4926
11475
4461
9929
8930
10853
2169
9386
7687
5068
11673
2559
1845
9659
11923
6094
9013
9572
10486
90
7814
6255
454
2680
9587
9477
10281
3991
11676
7233
1223
7225
10362
4972
11908
1818
10993
9359
5205
3897
5618
9860
1263
2388
127
625
11176
390
7302
7975
3879
6988
9279
4836
4944
3907
6508
1493
2176
4441
889
9889
4839
7337
5932
9441
10566
10007
5436
5036
2888
5330
11830
4767
3930
10930
6892
9887
6426
3954
3475
8403
6409
10
8250
2474
9665
10594
6641
4935
6088
7269
4517
10492
8112
429
10543
3497
5986
7187
8895
3284
4105
5790
5305
1128
10442
8191
7740
5615
713
7907
9268
8039
6054
9466
105
10699
9912
8364
8128
4098
9193
5975
11147
7625
1076
6178
11573
8172
8185
11448
5243
5193
2437
8311
7128
1073
3983
6861
8796
800
2082
2664
6934
3898
11614
3438
7978
9361
820
5838
8852
643
5811
3825
10517
10599
8727
3975
11200
2259
11337
2623
16
8643
9549
7132
10464
4033
8381
9109
4022
7763
10111
9589
10731
2732
9300
7517
7894
6479
9167
1270
3689
10834
10897
9478
3982
2016
5538
7961
7804
9063
6455
3778
3945
872
8484
2059
1492
477
1577
10490
11189
4412
11407
4152
8856
209
6650
9874
1288
5730
11112
4090
5912
9917
4102
2971
2861
4544
4174
6930
8903
10071
11857
2058
9143
11617
4403
524
11190
5247
2546
8552
2289
5569
3655
8602
1814
4567
5777
3127
5523
7254
4638
3529
9681
1261
8748
3430
11590
5125
1677
9204
7509
2943
1033
7240
11593
5879
5103
6585
5895
6535
1838
1314
5631
1629
3696
1089
3036
2638
7630
4619
8180
1004
1245
8503
10398
2312
3905
4440
11033
5526
11225
6863
8455
3389
11035
1502
4810
757
5449
9962
4219
6815
7313
3903
520
4117
10688
2602
9375
1971
5798
5773
9187
10774
10967
4096
5880
2000
7242
9364
6726
8005
5468
11282
5851
6790
8721
7178
9442
10914
9857
6034
9036
152
4487
9344
8150
10029
7737
5550
4746
8498
7336
9956
8209
1142
10402
9944
1166
360
4955
3095
7412
4123
1310
5930
11251
9425
10298
5253
1873
2741
5962
4480
4781
11880
4571
11912
6707
9858
3839
5215
7241
5058
2165
11034
10990
5979
8976
10639
7369
8900
6849
128
6817
11400
2716
11350
11165
9521
9261
11879
10507
2153
9416
11170
812
4502
3814
2589
9362
124
1914
2303
9196
6566
11733
7115
6884
10164
9052
6611
1029
3700
1928
4119
9221
7962
9561
2616
8431
8655
11373
9801
4871
9722
4854
5733
5071
6041
6030
6334
359
2421
10959
4352
8350
9544
3393
8014
11562
3628
7012
11549
9806
3733
8833
8230
2668
3994
3780
2912
2995
7150
5045
2663
3990
8153
4359
4491
2128
2760
7325
4213
10796
6071
1441
3670
10825
8396
11876
6498
1760
10479
5571
7499
4557
1834
3694
9061
5662
8621
5454
3956
9738
9856
7563
5382
10586
939
1061
259
8907
2202
8143
9156
8061
11212
9317
5772
45
10393
5564
11508
1946
6009
1675
6718
298
8219
10778
4598
2634
1043
1858
9348
1458
3302
8081
6073
6832
299
4735
18
3023
6127
10373
5425
9921
8964
5046
6398
5279
10619
7724
7621
2525
9367
7289
10299
3712
7472
9699
4345
8017
9843
6309
6860
7799
11478
1374
3189
3728
4214
1863
8211
4374
7261
10025
7464
9779
9004
3225
2849
1430
7965
5239
10229
7900
4752
6991
11927
1572
1731
1712
5764
11610
1479
10330
4995
6620
1918
7729
10632
10120
1571
1276
10775
6036
2547
7096
5114
2909
9255
11241
10858
5495
6962
7043
915
2652
7347
5388
4559
3319
10141
11606
3222
9391
6881
11540
10753
3248
7996
10864
7677
10073
9701
1452
8144
1063
3070
11441
81
4296
7005
7843
155
7041
2178
8198
1605
3634
9353
9813
3188
1097
9569
6865
4137
11204
6619
1990
2674
1536
95
1575
9570
6230
4443
4642
3539
424
8071
2541
8991
9726
9487
10902
5819
7572
10666
2919
10140
8558
948
11084
1129
10144
8220
8479
11839
5019
2922
4727
797
865
9718
9627
3552
3474
3869
4016
4346
9994
1184
2688
4456
1228
8617
11078
3287
1118
8418
1481
2233
5957
2582
1406
6979
7642
7921
8105
5314
6565
7133
3198
9596
10154
1204
2045
399
8848
1570
3434
1531
2695
5604
130
2389
1936
9398
6325
388
2968
2490
1213
10758
1161
11829
10124
10443
10210
7968
324
4269
6704
8613
11715
1801
10390
5033
6685
7334
10630
3399
2811
5401
8084
3870
9257
8709
11157
9703
2225
1224
2555
6181
11362
1841
8601
4208
3454
4351
11428
4874
2734
2028
1371
8062
10877
6601
4657
1607
5380
5908
11608
6061
7812
7678
1612
1507
9680
11686
9518
3074
3758
7541
2256
6946
9897
10323
9762
5150
647
623
1679
8460
684
4463
6059
8722
5066
9802
4310
4190
61
11244
10182
10542
8135
686
34
10635
11310
1156
8356
5029
8145
11041
2054
822
986
1668
2979
9115
8583
132
10522
7139
3538
10577
3124
830
7238
920
1840
7631
4708
9511
4494
1960
4379
3440
3358
8303
5461
8171
3224
9287
181
6597
7293
956
1032
3057
2012
11055
3666
6771
7027
487
11133
6289
5558
3562
8384
3737
4870
3200
8569
906
4397
7477
4756
2280
9708
9458
510
9078
4154
6222
8951
8639
9213
10106
5945
3384
2471
4176
11499
6492
11134
1292
10792
11173
9810
10043
3522
1666
2722
2614
221
4297
8506
4222
1135
11798
10812
354
10855
11833
10081
5043
1857
10191
464
9922
2933
8377
3420
7402
1981
10068
3429
9771
11163
1797
6316
11524
3636
5184
1665
10979
2924
914
6754
6963
9077
4518
6053
7883
5213
6665
11867
5477
1346
10467
8010
2187
3084
10770
8335
1265
9538
9216
11544
6107
7922
7979
5807
11729
6616
1238
9666
640
5038
745
7418
3721
10854
5447
518
70
3341
4641
4450
11718
5681
3048
7684
10233
860
8605
2008
2260
73
8218
8310
9678
102
4757
2061
9867
3030
6491
10876
11296
731
7264
3961
7169
5381
1830
1649
1978
7008
4627
6976
2938
4434
3861
7584
10034
6586
5734
4636
4015
5492
2997
11604
9507
9127
2211
10824
7009
836
8205
8699
4483
9122
891
2620
10422
6089
3163
336
2789
10342
2468
11796
10221
4084
6213
9568
1367
4766
5483
8781
3505
11345
8341
7897
5188
7047
4742
6405
8407
6293
5199
4426
5459
7032
8811
1449
9946
10628
2768
9514
6396
3627
5938
10508
8943
1699
6656
11598
342
4360
6319
2351
8330
8445
6556
4000
2487
3060
9363
2820
6356
8190
2877
601
928
6461
9523
7083
3985
9788
10491
11541
4455
10614
6938
8607
1155
5196
6737
2567
8556
8388
11587
8482
389
7827
9967
8399
9223
8240
10483
8865
4372
2022
4194
5535
1661
11328
5370
7195
3693
437
5928
3621
2821
3535
8745
7452
3280
8805
6797
10300
8376
338
2850
805
5745
8629
10039
4747
6183
1230
10654
8129
4515
11067
4726
11797
2382
10022
9778
216
11577
641
7754
1991
10969
1432
5582
6996
10957
9716
785
9238
7552
862
3883
4655
1753
8574
6669
796
9913
2552
8677
11262
4472
3400
3555
11171
9072
3571
9339
6873
5098
8761
3466
10562
2746
6878
3428
2479
11779
5357
5935
8011
11332
3259
1561
468
11097
3908
11213
10451
3496
4885
6207
707
10306
3602
7575
202
1796
3029
6964
8981
2029
2047
4224
194
8892
9884
8033
5078
3852
10159
9584
7417
4574
4519
1039
7689
7201
9845
7957
1375
6372
1391
1383
10439
11666
1550
9927
11828
5178
2334
3073
6629
8485
2456
4017
3773
3887
10012
9209
11430
9269
5154
1891
5298
2654
10836
7449
7141
10943
9453
9094
9931
9098
1242
1054
4363
3805
10176
8881
10671
10867
1750
2557
4990
2348
11758
9805
9085
10324
4074
7999
10818
5795
5511
3794
8925
3379
4166
8638
3360
4160
10181
4377
10166
8827
11318
10528
8173
8874
1387
1882
7931
4961
9545
2570
0
2399
2108
9097
1533
6357
11785
3281
7377
11652
9199
2026
4272
5427
5440
1446
8803
5244
9797
9057
699
11527
11010
6302
444
2039
6510
2700
504
2414
10344
6589
11215
515
8676
10147
2450
10773
1186
6389
2430
9603
3462
10912
11193
6065
10278
10359
9123
9006
6778
2367
10749
10427
2951
11655
7092
9280
1890
10580
7794
4562
5373
6575
6580
4685
7688
3374
3581
165
2263
2854
3744
3732
3061
4316
1203
4920
8839
919
7956
4278
4344
10388
7202
10327
2692
5228
2670
9378
9229
5902
7422
4803
549
3293
9136
7887
2301
9060
1098
7854
8467
9
954
8393
403
5266
529
9044
3949
10631
4410
9357
29
6420
2580
8420
1603
1337
9679
5885
9377
43
11099
9607
11894
1215
6249
854
1220
6501
2770
8775
6542
1734
2800
4528
11625
2497
10808
2485
7747
3635
7471
10828
11000
4940
6077
694
3757
10009
1298
2518
8697
11107
5626
3959
7189
4978
11403
5827
8405
7448
1067
4106
4370
4704
8454
708
11769
2601
1264
5900
2083
2343
633
5441
5210
4383
2020
8057
8660
11306
3315
11493
11445
9133
7656
9308
3491
7550
8539
11381
974
9854
5417
7989
4542
4191
10481
264
9815
3153
7614
455
7809
1109
303
7838
1790
946
5063
5191
4609
5444
5857
568
5218
11331
4042
11595
8726
1319
3373
7273
9400
2041
11505
7387
1501
2819
2921
6248
5165
11892
7683
11093
11072
3356
5967
1173
4341
11474
7340
7363
378
9075
9446
5128
4040
9833
2910
819
471
10308
9605
3193
9621
4183
11530
8669
2091
4308
11755
10548
784
5310
579
7125
10365
5153
994
3086
246
4067
11674
10741
1320
1508
10570
5369
10992
11378
3450
5048
8497
11824
7445
5059
10389
5044
818
5110
10227
11159
10333
3650
11491
4777
1436
4968
9244
9885
1205
1271
4599
11458
5225
2840
4577
9736
2063
7057
6004
2739
9760
4394
7749
4446
6671
513
8866
10297
4448
4271
7098
5107
10238
9935
9373
5263
11004
4821
9088
3066
10321
2314
7478
5397
6517
4470
5042
5532
6845
5136
106
526
2394
8910
10336
6231
8683
5622
11329
1817
9958
8382
1216
8390
3034
11320
10504
11394
8133
6336
8591
3452
1023
11221
6825
10578
9807
3864
9335
9979
11648
6662
258
1315
3419
7777
3550
11276
6055
11623
6196
5513
11572
10626
9768
7551
7496
1193
4949
6701
7693
11308
9961
1423
11920
8113
6174
11726
733
5432
2304
3585
922
1568
7385
6763
4444
6540
9656
4580
8587
7447
9706
1639
6649
4536
9043
11043
8000
9164
3544
7467
7085
5223
6169
1848
3002
9146
6072
2478
4809
8424
6840
11135
3564
6521
11816
8662
5698
3707
3006
11601
9154
4291
7836
2049
180
2368
6513
8029
9009
10861
9900
5525
2600
8984
508
9330
3652
2432
9183
10545
4830
3768
5769
7808
4568
439
1937
9548
2356
553
7752
1515
627
527
5049
6654
4934
10767
1426
8694
8223
807
7546
3867
7004
9186
7127
3714
10703
2046
6381
7199
1038
7600
268
5201
3512
3797
3914
317
1737
10950
8717
10794
11589
10686
5092
5670
1384
3857
9333
8577
824
2969
11130
7160
5147
8776
6621
1364
8632
6915
5390
4948
1412
10379
9709
9737
10184
11392
5366
5783
6600
1739
11399
5017
522
59
4204
7800
3944
3599
3702
9851
2072
1980
11853
11372
9131
4884
2973
680
1499
11419
3489
1262
4652
9119
853
9189
1293
6746
9914
7776
10378
3827
8963
6756
5770
6299
4693
902
5358
4234
7915
7216
3040
3465
9769
6258
9476
2355
617
9371
4282
1482
5163
2422
3647
11290
1497
2836
134
4504
3675
2402
9352
7119
10417
11933
8835
4186
186
5268
413
4963
6208
5892
7437
4681
9230
187
634
2366
2308
7792
6625
4141
8867
1376
10165
9332
3541
9316
450
3996
10843
8437
277
3345
2726
3762
10482
2295
9157
12
10249
7456
11585
10756
1277
9412
10905
11463
10878
2134
9307
4405
1200
11356
2785
3699
4526
8242
1879
4856
247
6031
8321
7299
5101
7450
2737
7930
5359
11518
7034
1237
8177
3237
2347
3366
3135
5295
3047
7852
10538
4908
3822
4706
9876
9383
4428
11670
4921
5334
9235
19
4002
864
11472
1272
8671
6037
4059
3313
6539
111
7636
11379
9565
8600
10555
10942
7274
7168
10948
11178
10643
9965
3245
8765
6798
11064
3012
1070
4760
1011
1399
7007
6975
3501
4100
11242
3208
3988
3455
6219
10536
4924
2718
9975
3211
2784
9609
11424
5061
11757
7498
6345
8772
8916
11804
3108
6971
11815
1457
2696
11039
11314
6151
6369
6482
4772
588
10455
11095
4649
2282
4009
3485
6666
1850
6342
10590
10132
8934
5257
4210
1800
5665
5910
996
7014
11186
9757
7365
4353
8659
10237
8451
8807
7573
4625
770
4780
9265
747
10606
1194
4429
9670
7209
7910
10733
3134
1333
11340
540
8016
6553
8688
984
9100
7409
5663
8158
7527
7022
10978
5624
10908
10452
7321
9343
8197
11642
239
10920
329
4020
2288
5214
5409
3846
3854
249
1757
7519
3077
578
6658
1711
5265
10148
1108
10463
7674
6752
8548
1250
10473
2848
6147
7953
8627
7335
1092
5820
2330
7925
9846
8323
362
6427
5703
332
8023
5072
8009
4804
2470
2483
8352
11047
7379
140
11915
1306
9423
3834
11889
6643
11760
2188
2625
7188
2177
3456
9992
5202
8043
10615
10746
4677
5290
3819
5803
4129
5455
9985
5289
9937
11114
2190
320
2489
4679
3578
2925
5138
7272
3408
2396
6016
8972
9817
4522
370
849
11377
6343
8308
7955
5599
545
10020
11834
1854
10426
4532
5127
878
8521
3099
4060
326
4286
9694
2679
2273
3977
1624
11162
9129
6875
6305
5130
8028
9409
1972
6457
6735
4373
11106
3743
8430
5762
8289
206
7306
7891
5384
5859
9242
10945
7287
2604
4376
9454
252
6303
4329
3251
8295
9468
3068
11677
2593
6267
6839
6431
7967
5593
8626
7263
9891
185
11151
933
5037
3128
1397
10195
8006
11226
3117
8782
8374
11120
10076
4200
9744
9526
1555
10287
3122
5700
7698
11913
8861
5837
2592
5648
4043
8927
10047
4171
11723
8966
10350
6850
7538
1985
5123
11229
2750
6525
3056
7694
10658
1328
8464
8914
7113
8054
4072
6256
649
9071
3014
2659
2742
3197
9930
7626
842
4917
1765
4694
5668
3443
6146
2818
8213
7229
126
9580
10282
5273
999
1498
9515
11167
10137
2327
10167
6039
6919
10202
10205
10006
1963
6936
3965
5018
4842
8970
4512
6914
8457
6741
1544
3835
2133
8156
9368
4046
10539
4029
10385
6579
2626
11802
1671
10251
6119
9696
7818
10477
4509
9593
5419
1189
9759
11054
10024
4705
2472
9046
2065
3829
9558
1483
8616
10291
2077
11675
9415
1332
6739
1593
10830
7918
3810
2777
6228
2198
8565
1403
6247
9582
7681
5120
3098
9434
9045
2473
1921
10250
11547
8255
6932
9654
5312
9190
10674
2795
499
9715
8428
8426
10700
414
9198
4723
11602
4467
743
109
11895
10274
9205
3946
5629
9658
11402
161
9258
8070
11040
3517
6176
63
2543
3461
6444
4265
307
3509
6185
1853
3363
7650
1655
2210
10412
2603
1419
7703
1909
3847
4637
4604
8333
9165
4128
10641
10466
3638
8889
6530
4439
8915
2452
10027
4492
2112
2145
4570
1212
3139
3140
9021
550
1464
9952
7200
2212
10356
6458
472
1899
626
1597
4910
1805
11283
10547
5899
4063
11263
2317
11089
9220
880
8786
55
8580
2771
11284
489
6410
1696
3504
10745
3067
7873
899
5782
10603
6354
10988
9974
3446
1576
4165
7102
2369
2827
3677
6515
7383
2274
1789
7655
7318
4791
6434
9495
4392
10369
6786
7211
3152
7294
5542
5424
10314
2639
3
8849
8946
10410
3976
1351
5595
2096
4833
7376
884
11208
10625
5919
3274
10997
1091
4795
11747
6282
11146
432
5238
6242
589
3658
8337
6888
5122
11363
7111
1359
2338
6012
5738
5371
2812
616
6928
11068
8099
5901
3770
4748
4588
1309
10928
4334
10875
7001
8977
5442
11443
68
2804
8138
682
9032
6834
8875
4113
8389
4454
7607
3103
1538
1662
5514
5288
7564
2329
6280
9018
3809
6578
8179
11313
494
3376
3255
3032
1998
3282
6262
9688
3882
5692
11575
4683
2257
3855
837
3148
10865
5176
5094
10214
8931
1273
1777
3548
516
11422
7529
5642
3766
1769
8130
10101
8132
1989
5365
1670
5095
6890
5577
4806
10888
1438
2843
10253
3234
9629
2949
78
2311
3268
6591
2294
9056
9505
11347
8436
1743
2521
5073
5946
2439
8032
9132
9531
6006
10621
4992
4476
11341
4918
11291
6698
2765
5446
9096
7923
5428
8648
74
1986
6435
4116
8067
4367
507
1424
9824
5961
8146
3187
3817
410
4313
10649
9789
742
6332
9390
8551
11058
6921
9403
8696
9033
7881
7190
3181
9099
11023
1159
1780
8790
1469
3097
9969
11177
10487
1305
6493
2448
618
7354
1719
5978
1897
811
11641
11273
5527
8850
2704
7872
5729
2637
3910
1462
2117
6882
6762
1115
5504
930
11265
11188
548
8036
2585
11065
11512
8870
1075
3657
748
885
8998
3576
3661
7322
6592
9286
11386
7833
2081
5591
9513
1783
11207
1589
3215
4061
9739
2715
2864
8958
2380
9898
7508
7652
10310
9686
10789
1344
10916
343
564
6502
4684
9672
2159
11301
4228
10833
2232
10683
1563
4670
11453
11113
8586
11321
4073
5540
847
51
6018
11432
7976
1964
5725
512
6155
4783
10958
6564
9284
10413
2780
8284
11498
6551
4178
1953
2093
10220
7390
9093
11647
7588
3022
6635
8788
3463
1974
4622
6905
6355
2436
2931
9816
6085
966
7066
2573
918
8410
2886
6400
7362
3283
3503
10761
6846
6182
1657
6870
11382
8004
5109
3239
2627
6642
2869
1280
8287
4172
4140
3120
10956
1421
7163
451
9502
10215
9394
1268
11871
480
1088
5422
4565
5603
5421
9270
9571
8689
3096
3292
3403
7475
8690
3808
6599
8936
3637
1044
6417
1970
6366
10681
5076
3174
2357
8509
8654
9417
3337
6265
2013
5985
5875
273
9155
7503
9203
1567
9191
5917
8751
7771
7015
11247
11066
1409
10588
11074
3110
3226
9976
10795
2183
8141
1984
10346
9960
10965
3483
3486
8317
7700
11216
10676
2761
5453
11492
7024
3343
9121
4732
5904
1895
3149
492
4635
9349
8770
3906
5625
10059
5140
10401
6488
4147
5522
7100
6121
4312
8049
9462
9084
4951
10312
838
104
2782
9095
4811
8815
4540
188
8116
2957
5342
8072
11542
328
6808
7663
4092
6918
6537
7425
2545
8196
2011
7213
1988
11844
3995
8412
9337
6524
725
6807
1887
476
7864
3392
7943
1096
9202
4145
2320
8174
6676
114
1706
11143
5968
60
11385
7154
8678
5844
5300
7850
8814
5313
1959
3622
2694
10697
1886
3803
20
8073
5476
2249
3913
4712
3412
10899
5894
9408
3515
5612
9473
1751
6759
13
5353
8074
11028
1747
4045
4823
759
2942
1813
8140
10072
7562
7995
3618
610
8741
8967
11522
6678
7726
4479
4817
3863
6544
4077
10364
8883
10718
2392
6714
8200
8007
1634
2903
10692
1099
8294
11374
10414
629
8055
4715
3199
1644
6288
605
556
3557
10345
1659
5475
7806
6626
7151
1340
4794
5408
8440
3028
9978
716
2810
1027
5383
8273
6163
5064
4209
88
3394
8252
1547
8769
3978
9313
9358
3553
1241
108
10199
5407
6391
4237
2098
8785
10647
9971
7768
10208
10521
1418
1147
1756
9380
10021
9543
3021
3826
1968
5402
11592
2646
10612
3191
10665
1369
497
11469
679
5413
7884
6543
10660
11304
1640
6017
11082
9865
3219
1770
2517
5493
2607
11311
3590
5496
1269
7476
6893
10929
3499
6981
385
10962
8260
7413
8089
8992
8877
7637
514
9142
2842
9385
10406
11305
1196
7436
3004
5256
276
9479
9388
4425
5304
4404
8470
11032
11515
4349
4800
2988
3673
11111
1500
2959
10901
1090
6384
1810
1014
3836
2902
5574
2653
3256
7781
4206
9859
2467
806
6331
7218
9576
9920
47
11884
11568
11209
2136
11650
8342
9472
5800
11160
3832
8490
4205
11183
1842
6130
7805
6958
8909
11079
6683
7710
5065
11731
8097
11383
4927
8461
2272
10729
1047
11763
11929
8188
2491
3527
10189
7553
7706
11339
2228
10168
6135
8531
10764
10981
8251
721
714
5694
6011
350
4998
6836
6660
8802
609
3320
3828
5812
7705
566
4225
10193
6862
4761
3471
10620
10592
773
674
7442
8806
2996
7203
8204
6210
11528
11846
8561
10968
11700
7314
685
8248
8340
1641
5386
8480
7734
11223
4202
11813
8753
11211
9776
8093
9281
5302
5561
5878
9448
7440
8443
2606
10295
558
11174
506
10394
10155
9743
5843
10892
11749
11566
3105
4741
4369
5060
6791
1923
9671
10478
310
3967
6179
7177
3136
2645
6570
1020
10667
11756
4590
9834
6078
10648
1185
416
11739
10972
2875
8351
1767
5108
1680
445
10040
9188
4484
11878
10375
6362
9262
6068
1077
1687
3701
7025
7753
6610
11109
10276
8679
5463
2983
11261
752
5437
9185
5249
8394
3131
8829
2712
8744
2763
5171
4813
6157
9420
7744
4538
7994
1720
2498
11882
11905
11214
9919
4853
1870
10793
1473
2987
7739
5640
9724
10405
11736
28
10953
3706
3414
8528
4967
4631
6128
11038
910
10004
3334
8052
2530
9074
6997
9541
4235
4645
483
11042
1435
6924
3690
5817
10069
11862
1433
2362
9553
7895
3791
985
11646
9195
9586
4548
6099
11523
5835
2283
11127
9160
9619
10706
6404
4303
3035
6326
2113
7401
8495
2360
125
11166
5914
8450
1861
9392
7658
11849
8098
11031
1028
10002
3917
1844
4244
11366
11071
10171
274
8518
6310
2798
5794
11616
9711
6931
8637
4259
11076
1829
10092
1758
3998
7155
7275
4762
9501
1231
9163
8082
3458
6826
11903
10026
1007
6842
44
357
284
2516
998
7469
2423
7253
2370
815
9763
8131
2579
11831
9457
8314
11514
8429
2207
4419
7673
987
3178
780
3840
2817
5416
9882
2297
8192
1852
6180
8953
7164
4525
2762
7405
4193
6253
6192
1651
7082
3674
3192
8229
9296
10177
9528
8186
1543
6486
3402
7586
10169
4114
8164
2264
10084
6202
1445
4182
1708
8508
11838
3691
7080
3662
10541
6387
50
4788
1908
9475
6838
7574
8046
8449
229
1874
8225
3367
7593
5781
9996
5638
5994
10292
8254
6462
10860
5632
10247
3045
900
10622
1654
11711
7207
4754
5958
8473
7927
1843
6351
10707
8261
9740
9847
7632
2915
8571
2014
6584
9414
8636
7876
11640
11581
8871
775
9786
3007
978
11678
2656
6430
3790
4298
8789
709
33
3254
10618
3830
794
11287
2860
6572
8247
2378
704
11411
9653
7855
10243
778
4091
8486
2950
8633
10265
4109
1256
1703
433
7345
5869
4062
8674
9772
8400
7310
5955
4945
10498
6833
4799
4689
1826
10750
8738
3569
8736
587
11387
976
5948
4553
11368
8969
1884
3321
9428
1456
2513
1685
732
851
1415
11564
3593
11398
2019
5360
10448
7428
1392
7742
3457
5713
479
1041
3019
5426
4828
6138
3678
7247
11820
10634
8114
3207
9111
798
8672
1812
10810
1545
8256
8347
9869
7217
10355
5322
9480
6724
10514
1744
857
7234
11037
5339
10437
9731
3717
586
31
9070
10052
11457
1539
2596
11115
5950
3915
2220
3919
8879
213
964
10728
3203
2447
6573
7919
5151
3151
6779
2560
875
10446
10717
7832
347
1945
11607
6926
9405
8322
11490
2015
3378
1878
11121
5641
7715
6753
2954
8842
10531
11179
6693
7063
5285
2141
3413
3604
1694
1566
11323
470
5761
1637
2298
585
7623
8397
3724
4656
6645
8325
6490
87
2531
6943
7948
3339
9240
72
223
571
2930
7667
6313
9664
8090
10230
427
8603
10604
8579
9030
256
207
1698
7802
8675
7231
8846
10050
2462
1673
4739
9370
3888
1214
5452
2794
11128
8714
10313
7307
6229
4110
3262
4717
11615
4929
9684
8227
4623
10284
11153
6907
5896
7266
3601
7745
10434
6020
7298
4192
8419
9911
7568
5716
2216
8161
2619
7338
6983
3889
7885
1026
1942
10061
3591
4845
9881
677
6394
4602
196
2980
4835
415
10906
9830
10617
5406
6574
9306
1635
11257
2701
7785
9079
11105
2880
11583
6315
4337
7300
11548
4939
8670
6960
6390
11688
8707
10152
9201
581
4841
7853
10090
2130
490
1087
8159
10821
3812
7533
10544
7421
11546
9192
7964
11636
5161
263
4896
4668
2678
5317
4573
938
10351
11086
3925
3811
4991
10363
3518
10219
10668
5166
8048
4180
10694
8924
5106
5868
8631
9411
4325
726
4790
10832
157
7045
10573
7863
11659
11390
7181
1172
7243
9573
11841
3928
7723
1031
2397
7174
7490
1474
2287
4878
8896
11218
2454
7367
4768
4481
4021
10663
10261
1416
1290
11536
5757
4236
8290
5524
9758
560
4997
11070
3525
3649
8562
7286
11874
5002
6640
6259
3347
269
7077
3123
10698
892
10065
573
8757
5616
7569
10737
11931
6236
330
7595
5856
8018
10397
7620
3476
7875
1174
11519
4378
3526
8742
4827
6868
8890
9396
9852
4164
2650
4111
9685
9456
6549
2164
7179
6909
8019
7939
4343
3142
6968
7257
4965
2213
3385
5592
7438
1081
1925
5074
4887
5434
5557
11049
3494
7906
4529
1093
6240
4894
6795
7665
10936
1177
446
2859
10839
10747
696
2948
6415
7789
7598
4678
8354
11501
1934
6250
10235
7026
5551
11506
9725
8444
6312
10823
4859
7612
4115
814
6184
1051
6623
8533
5172
11053
2166
6668
1460
6847
9172
11354
9490
1820
7780
7560
10659
11452
2021
5639
11848
2071
11119
3642
428
5501
8168
9751
6757
6116
11096
9073
4591
4284
8685
3667
11788
10277
5067
3146
5678
1674
8189
4103
2001
6700
9890
6852
3818
6246
10325
1910
10340
4156
7886
10780
5572
7061
6472
2724
3900
7384
6110
2524
3354
8804
8573
11203
4218
10802
10267
6738
3685
5203
7497
10031
6956
11277
9484
11865
7355
7535
2621
11101
3922
9382
3962
3405
11660
3784
5866
1773
374
3307
3929
10664
3216
11633
2376
4495
11704
3332
9020
10241
10246
9355
4499
6203
4592
4663
1816
9449
6923
11538
4764
3938
3630
2796
4793
9303
8801
7000
10044
2080
11408
4088
4725
4919
11087
1110
8162
11201
1134
3422
6927
2899
11013
6193
7020
6761
10889
8524
10256
3877
10595
8929
5554
4889
3741
7810
606
7039
5596
1763
3147
11275
8183
3168
5519
4906
5587
6728
7419
663
1055
943
2102
4024
3767
3125
3753
2970
10150
9152
10145
3816
3970
11057
7303
6957
9309
2482
7069
2010
1996
10441
10493
8276
9734
3371
10934
6822
2598
791
10311
4008
53
10136
7146
5673
7997
5589
4624
1167
3740
1888
3493
8020
3460
6843
2706
5756
5898
4667
1275
9748
1931
8760
9986
10711
992
3243
7859
9116
7935
2576
7618
11732
1465
11557
8035
7942
11279
667
1291
118
5392
11558
1653
11293
9206
6709
1385
5347
6463
6019
2333
3947
2025
7097
4966
4802
1504
10691
2528
1741
8316
291
8817
8982
10736
2829
6040
9497
9028
1168
7635
700
2927
1516
7226
3204
4838
7360
7386
8416
4251
1046
5786
11545
2615
10847
448
7741
8362
2725
5183
9292
5980
6306
418
1401
3754
2553
2253
3495
10307
11634
3309
5403
10381
10842
546
7192
5818
9345
5852
1304
9181
7236
1294
3787
7940
10512
3921
2803
2838
9445
580
11571
10880
3646
1542
10183
1180
2823
2386
7366
1557
6083
1443
11233
4427
4690
9294
8906
10805
8652
2564
6358
5711
10046
4027
9552
1227
6152
10103
1513
9828
8614
9038
2831
1506
6473
5659
1898
7117
2689
6514
8267
5992
2173
8933
7406
7106
4087
2051
8216
3076
10231
1192
5832
6740
8232
11845
3545
2048
5562
2444
11896
3270
1833
2318
4984
519
9555
4864
6800
5704
2251
7554
11624
7709
478
5448
9983
10583
8165
8947
7506
3312
80
1839
3194
3843
6633
9819
2110
1195
8609
7821
4279
1297
4675
5431
9583
2710
8752
2002
6260
11206
8402
9622
3231
4899
5345
430
11481
7846
9369
2193
5217
5264
7116
1722
8121
1667
2088
334
3333
8937
8517
3586
2431
7114
8282
532
9302
9698
10798
6281
11116
10495
8357
11609
9780
11375
1363
11220
8263
8415
11808
5377
8142
3715
10228
10395
2935
272
1289
5030
225
1977
8044
4170
7803
6593
10976
11060
7761
3920
9120
2871
2337
3276
5863
7371
2797
8438
9601
8478
11389
9007
11663
2255
7982
4305
6272
1549
8288
2708
4893
1652
10403
5211
8756
10910
9803
8956
4855
2828
2140
9103
10066
5683
4982
10841
10790
4004
582
2446
5280
9563
2488
8888
11098
7285
3507
1601
2727
7280
10722
9822
2774
8380
1001
6139
5539
4873
2163
3365
5248
2962
2171
4503
1313
10894
1633
7963
4543
6266
895
10085
5705
9285
8169
934
10881
11319
9663
4013
6195
3681
6215
7643
9745
2554
9108
10212
11563
8681
6252
4672
3020
260
10322
214
8894
4514
2214
11316
5650
11699
5451
5953
8391
5750
1779
7548
1489
191
11856
5810
1598
10089
7858
2841
6851
651
2336
6027
3583
4317
9866
2316
2788
11466
6725
8882
5656
5897
5634
9429
5583
10567
119
9959
2504
9933
7515
669
6615
7291
5940
7206
4579
8243
945
5891
10499
10974
6386
11312
5691
1042
2341
10331
9667
10485
9588
4632
5853
5541
3605
7759
3624
248
10503
4816
11629
9926
9101
6634
1402
4099
401
7424
2658
8278
8432
6062
11250
1222
10609
2887
2900
903
10318
1381
7444
683
3409
1448
6204
949
200
8725
11349
5412
3431
5941
5944
1353
7946
3397
11108
6548
681
6287
2566
2296
5168
923
11423
10513
8746
4064
11232
9494
10623
8037
6382
5309
2832
9997
9437
6084
5840
11417
4229
6131
2132
5633
2007
9616
8126
1686
1759
10506
2914
7524
9126
4994
5987
9040
10358
893
305
7536
2076
4436
2123
11001
7567
5246
2754
9641
9554
11899
3837
10497
5951
4606
2415
886
9954
9995
5521
6376
703
1219
6371
4163
10266
8371
5627
11433
2548
4336
8878
7899
232
4733
2004
10702
4907
4496
11753
11007
2111
10289
7407
285
8918
9904
941
642
9488
2413
9704
8170
8538
10360
6904
5387
5222
6096
8201
6596
5677
8271
5865
459
957
293
4051
9311
10045
7717
9321
1104
7479
3157
7352
10925
10727
8519
7611
4139
5749
3294
6973
4220
6317
4215
1619
10188
621
4755
5776
983
11388
2038
9360
2194
5175
2129
3244
2738
2527
11639
11361
6925
7791
11783
5876
2955
9864
7122
6716
6042
2923
1552
2328
2391
2535
7344
8466
6440
373
7986
2138
6734
1201
3916
2532
4797
11489
593
1560
6108
8313
3435
6509
6449
613
11253
5883
1302
4808
6776
4981
10672
5695
1410
4682
2018
705
6590
3288
2505
5333
245
9872
9988
10734
10608
4860
9893
237
4233
11062
8944
5977
751
8122
5747
7526
2847
288
4709
6748
4211
5267
10552
620
1904
5685
8015
10254
21
9615
8379
9233
11136
4902
6605
9948
2905
2168
907
9825
7161
735
5187
7144
10343
5809
5949
3777
4987
8557
6064
11835
3909
3229
113
9365
1825
11697
1045
8666
6879
4673
11888
8025
7640
4035
3177
1370
286
9436
2358
2806
4340
5924
11600
5013
7246
3132
7671
8488
3901
11274
1372
637
2940
8452
289
8224
5113
7124
740
638
11219
11245
10712
9387
9091
10960
8320
5418
7867
7341
5714
11048
1119
9149
9467
4097
2687
1450
4011
4510
9452
8640
11658
9767
10094
8433
3594
665
11521
5337
1414
2977
8647
5746
2385
11750
5192
5009
8768
505
10187
9322
7847
9551
5696
935
7194
9374
345
1485
1037
8283
8541
8773
2060
2719
1107
3765
5623
9439
7840
1650
2816
11645
8619
3162
39
4849
3862
1791
3479
7537
8281
5546
423
11586
7615
695
10918
4898
5041
2865
8334
6608
8408
11477
5884
5997
1943
2179
3083
5157
11669
7051
8307
10293
4258
9175
1453
11442
5916
9581
2419
3513
1339
8784
10642
7874
2185
8366
11483
2691
1394
462
7666
9764
10053
7590
7260
4826
6612
9812
5548
10262
7770
10713
11930
137
3295
10146
6487
8487
5091
10036
3186
3950
11722
6257
5933
10474
547
8102
242
8828
3369
6603
10440
8106
10709
9945
5348
2352
4371
8854
5954
7137
10636
1519
7713
8040
2484
10915
11620
2152
6708
8663
7087
10919
5796
10037
6028
9687
9069
1440
11628
10509
6520
3885
10679
9354
6111
3936
6408
11842
5752
1345
9950
3782
11460
1866
486
7208
11872
321
5093
3971
3989
5556
4736
7528
6437
10579
9905
2375
5965
1778
9493
535
7410
3257
1380
6874
6271
6518
158
2556
3579
3957
11721
1078
9029
7162
9829
116
5462
11154
1002
944
2781
8386
9435
11144
4431
7037
2717
1867
2628
10568
11891
6690
6965
6587
11077
7029
2833
11877
3924
3141
4199
4516
4616
11537
10079
5021
7779
5277
11420
3018
3054
2503
825
660
6290
1463
6481
8361
4136
1876
1642
5759
9461
10804
7239
1074
10438
8343
9217
7991
8066
6814
10399
9796
6284
3263
671
3668
10258
1024
5785
7481
6889
146
3421
7483
929
4465
3993
5465
9051
6818
11526
7219
6066
3324
8231
10656
736
937
9749
1153
3893
4304
8899
10829
4702
3841
4674
3510
5664
7183
7556
552
11684
3687
4245
3184
3480
4082
10561
4771
6769
8024
5767
1982
4469
521
7075
8868
405
11745
5308
5804
112
3221
1836
7251
11777
1999
9577
4462
3568
7044
3524
9831
1611
103
8572
1148
5882
8831
2244
5145
11056
6164
11401
1537
11152
3516
2809
2189
1341
1705
2665
11868
3202
9547
217
363
2286
11852
8269
11510
4365
4311
10884
2247
3972
56
425
400
5470
3519
3013
11352
5015
3570
6695
7394
1040
6647
3878
11551
4943
2879
4886
8962
7
6793
6341
8045
11487
5576
5936
6337
10366
6158
3314
3158
4108
4267
9503
7532
890
3164
9683
5182
5611
8104
9169
5486
11052
7544
2131
1717
7583
6233
179
6173
7457
3424
11603
10922
1525
6563
7601
4610
5457
10086
3160
1766
2271
4101
7399
4335
5306
1229
9141
2892
3747
10883
2290
6732
1602
3933
6445
6891
4759
10088
4075
2947
10565
4169
10055
8277
10109
8928
3000
6577
841
1495
2144
6367
11181
5307
2057
4302
8155
3382
3473
481
169
2381
7156
4326
1994
9139
3876
6264
484
4153
3546
4977
5760
3427
8493
10082
11069
9982
2118
5584
7932
5423
11907
8593
2461
10537
1924
5490
11235
1012
7513
4253
2084
3388
6533
7540
11901
2154
1518
10890
8373
7055
5261
11437
596
6729
6484
7990
9008
2085
11765
3563
8176
11228
3974
10927
8843
5984
5469
6897
7214
4511
936
10472
3820
10977
230
1181
7721
3874
7651
7773
7493
3195
3521
9719
10500
1823
10964
8134
4328
6712
6898
5913
8553
11754
4594
4805
3595
5207
4710
3180
691
1470
1190
10951
3942
5907
3182
9567
5906
3676
4230
9693
5410
3626
1583
4239
8336
6567
972
7826
7068
9597
3769
697
9791
3560
318
4324
7865
7543
1407
9444
2309
10739
5552
7184
2416
11271
6558
5116
4973
7880
8053
3584
1056
2379
6497
8109
10510
8606
8065
9283
4146
3114
6090
9863
2206
8244
3065
9498
2276
826
6056
2043
979
8499
10357
5839
1520
4834
10869
9124
2501
4904
6347
9422
8522
5053
2160
10571
5825
2561
5435
6805
5438
199
8855
4285
9783
9626
4478
2581
7686
8646
6225
908
1329
11180
2787
1408
6688
10302
7256
5555
7463
4086
9023
2299
5669
10130
10270
7585
11914
7167
8103
5680
3806
6318
576
7879
11471
3718
10994
6395
2928
6328
2673
11145
8691
897
5600
6403
4640
5079
2324
10527
6156
7308
11015
5466
10279
5613
632
7825
2801
7969
8383
4290
11790
6877
11327
8792
35
5062
11814
11534
4095
756
6632
1586
863
1274
3059
9016
10104
4814
11638
7186
8326
8077
1022
6013
100
8068
2976
3528
9290
3172
11336
11800
7411
3212
4321
10275
8581
4150
283
5707
2326
5411
817
7107
3955
1444
3761
4941
3071
5976
3895
6670
1609
10627
3064
333
1551
2882
591
4382
1626
2550
5315
2683
4815
10431
3220
9112
7282
3121
6368
3616
4398
8512
501
5012
3242
4385
3025
11292
308
5888
5494
11473
7679
3665
3713
8147
8546
11342
9981
2086
6917
2364
5340
9318
94
6075
8774
11217
7400
7351
2813
536
874
9599
10857
1565
10017
4958
3948
11380
7501
3100
963
5736
9645
10376
4415
993
10983
10309
2284
344
198
1299
8949
10244
2703
10637
10096
3600
808
4134
3037
8702
9559
10222
8592
123
5326
3654
3416
9808
3322
2825
5570
5805
1354
8012
10638
7518
11649
2404
6048
10777
8527
170
7839
561
9460
3607
10048
9174
11743
11155
6789
2926
768
6244
951
4232
8532
4880
9227
10098
9113
9492
9424
2595
5793
3729
594
10740
3258
3449
10680
6749
5032
4603
287
1969
6652
1729
3277
5559
7086
4535
9055
6871
1035
7947
5947
5720
7960
4014
7076
6896
365
5724
4822
3692
5158
2649
1521
5325
11202
2756
2986
5155
9246
6311
383
6133
178
1614
6082
3848
11231
1322
5219
4408
9841
10819
9151
382
8358
2594
4243
3966
5721
9200
9524
10213
1510
6894
10786
6086
8570
2510
4274
3866
2929
6929
5005
7829
2024
9705
1420
3050
10502
10955
10720
10135
6624
9729
3091
3892
3250
882
8149
11806
3980
9837
1112
5690
1764
7081
5376
3044
5278
7936
11714
7453
4442
11507
1752
7349
5993
10411
3608
4545
10835
6715
2100
9483
10074
1811
7851
10093
1390
9530
4909
6102
1030
6730
8370
3372
6681
7603
8540
1559
2509
1248
9114
1321
7909
8549
6001
2186
1532
10207
6340
300
2469
9966
11014
11864
3960
4629
3884
2142
10038
5025
5758
11893
8299
154
10099
162
9662
11164
5510
11036
8535
2161
9562
7279
1049
7470
11461
8038
2268
10005
8658
11780
4617
859
4177
8767
7972
6710
4734
10304
7031
2122
3253
11643
3536
7819
6900
3296
9635
1059
2475
1733
139
9450
8286
8413
8597
5780
1987
7112
8409
1690
9153
2897
4666
6251
10640
1083
2405
5156
1427
7134
10696
3745
4250
64
4464
4273
6134
6696
6469
5934
1226
7949
7221
9989
9214
3979
10475
2411
5689
3154
7860
6377
3951
9702
11885
5842
11464
2393
6560
5594
11045
10428
2151
666
2805
8088
6044
3875
9224
9050
4030
11110
11702
9598
6360
1786
2583
6561
11258
5349
8873
5399
10461
6003
615
9066
6052
8952
9525
8891
8701
11909
1663
3776
5057
5450
9855
2395
11016
4413
11709
4569
9102
7616
11075
8367
4699
4546
6124
10589
8589
1210
2148
6348
4407
9194
1919
3698
5974
7719
7309
6969
11898
6856
9809
6029
7722
5821
11509
8078
6609
11916
9138
4151
10613
11706
2863
3872
4357
932
1955
1211
11926
6198
7108
6853
7460
17
3209
2062
765
9590
10257
1396
1808
8469
9861
2686
2120
5743
3102
11748
341
10118
3813
5717
11406
3736
10530
9379
9274
5341
9455
2835
8880
5321
1562
4863
2234
3464
7691
7342
10269
2147
1742
10788
607
1349
8031
10935
3106
9870
3279
9179
419
7290
6412
2293
6436
5051
9447
5346
9579
5602
4188
8096
10259
5768
36
6385
8547
3492
8414
1471
4851
11158
3364
6238
761
10735
916
11198
456
3246
11567
9347
7980
3327
11632
2755
101
2426
7521
7664
8514
11681
6314
408
9048
1086
2677
1021
1143
166
9299
6442
8111
219
9618
6263
5028
7764
386
2125
201
11289
7697
4773
4552
11088
253
11863
9752
2846
3039
1700
10911
7746
9532
8995
6796
7182
11024
2514
11925
5841
4207
3574
323
10585
11494
4339
1948
10030
11124
11656
5688
4144
3482
5329
1509
8917
5378
4168
1187
8766
2035
4905
6911
398
530
2095
3176
6416
7210
2195
5617
164
8292
7558
8791
7118
7822
701
11883
10524
4989
4189
869
7268
1064
1625
5654
8008
2588
1716
250
5186
5651
4390
7587
5389
10633
4362
8851
6418
2748
3395
4173
10591
6950
2766
2139
11237
1855
3759
5111
11529
8974
4724
76
9327
4957
10526
11725
9000
2568
11161
6380
4256
11364
9500
2250
9781
4288
8463
2707
2575
9838
6276
763
9107
3611
10813
7758
9024
2466
4260
5227
1066
6429
9082
8635
4433
6901
3760
10223
5588
5753
9161
10374
8904
1400
4923
11622
4931
9092
6942
5364
6677
10239
7725
8439
6883
1965
600
7091
8279
8812
9755
2618
1188
238
3891
2354
5303
2069
1361
8778
6885
8971
8798
6324
958
3093
8411
11630
7193
5983
7542
11021
1342
10944
5744
11897
1832
1889
2373
7714
3771
706
5234
7430
7507
203
2857
211
10572
4132
10882
1477
3815
11627
4221
11759
6858
11576
698
1324
7059
1357
11418
5802
10891
4453
746
8664
3090
2660
2866
3963
7797
795
1588
2533
3468
9973
4089
8030
1300
2786
10904
9433
7748
10042
11685
11137
754
4749
375
7952
4432
3179
10785
9496
6984
4184
7058
8544
7288
11239
7067
4738
4037
5942
11693
9395
4744
4695
921
6232
3943
7904
5497
722
9999
4477
3001
831
5553
10077
5726
7926
3423
8034
5220
8960
4380
3299
10225
457
1267
4501
11197
167
801
7227
9080
4159
7196
6947
8462
11063
8406
9295
1019
6854
8965
8993
848
9212
3566
3085
4331
5609
2964
9237
8713
8997
9799
10126
737
687
3785
9886
3275
1541
4691
1365
3297
2481
270
26
10372
10457
7649
6383
6583
2617
10211
7912
11470
6125
49
3310
4925
9259
420
1952
6165
7433
9239
3487
4688
7245
5270
1669
7120
421
6145
1920
6906
218
5200
1735
2387
8266
8813
11809
8779
6638
11227
11051
379
4257
7359
3981
6035
8737
2699
10783
1050
4563
10348
11479
5937
10468
11719
8181
1114
6274
5647
10260
861
11621
658
5754
4692
4395
4776
7093
6967
234
7382
5458
7890
280
2870
10175
1131
5082
675
9054
9691
7473
10587
5281
7849
6742
2050
9591
3514
5533
9282
11396
1594
11854
7784
9998
7597
4198
8
1691
10724
10907
10105
2306
7788
2578
4050
11887
8808
1748
9418
11184
4585
7896
5258
2070
7060
10921
4922
9047
10110
4959
4155
6562
1976
4831
3603
2460
3551
6631
11222
6237
1149
4956
1782
10806
7204
7166
5960
2999
5075
4730
7018
7670
11104
9011
7488
10872
9291
3659
1137
10216
1362
2878
2713
5636
10019
8344
7987
5911
236
2858
2729
9176
498
4196
7766
1285
11286
3038
5741
595
7604
10610
2990
10511
1707
2502
7608
2945
11429
7078
7878
6944
1141
3436
6170
777
6227
8245
10705
5430
7916
10822
614
3615
10489
10459
266
619
4988
1296
3789
11855
7504
4375
9381
2201
5336
6143
5324
6298
4254
10898
1060
6673
11256
1336
8908
9879
4175
8566
11873
4913
11482
6379
9987
8222
3663
1995
5646
2845
322
4661
5276
8228
3264
9712
5905
4881
10341
3167
9260
10294
6571
1714
635
8797
5000
4621
6781
3119
7613
1949
6939
3704
2720
368
8107
3969
5283
92
898
10751
2920
11619
8324
7259
4858
5170
3227
11917
261
729
5404
630
4770
3648
10334
3236
8536
1442
7149
6872
177
441
6831
10871
7644
91
11553
6659
2874
5327
4662
9144
1218
1862
10523
3633
8124
9888
11299
2752
9027
11781
4758
11713
3540
11772
7489
8305
10939
1183
7619
4421
3252
5723
3304
5826
7882
9675
1151
7462
5139
7262
7877
2353
10496
1573
4986
11395
9535
7458
8826
11724
5929
7053
925
11710
10115
2372
11486
6499
9896
1939
7579
6855
970
572
11708
612
2156
8502
8999
3437
1105
6970
7016
6637
871
3357
3078
9836
485
3329
10559
10011
7892
10163
5791
9104
7648
8941
10826
1768
2989
8083
7252
11637
10710
5164
5544
11371
7502
6273
6402
3543
11635
702
3145
121
8085
1664
1709
2291
8628
9034
84
6142
2608
4246
3786
3439
2792
3748
10001
2428
5806
5530
6172
6804
2937
4729
3033
4933
6448
6772
5543
6032
10149
3404
1244
6221
1672
5529
911
9315
6010
10421
4829
7110
11792
2740
5824
97
2542
3680
9399
11440
9700
233
1746
11358
4950
7566
6168
10738
10670
1003
7577
9800
1556
2406
2030
7487
7408
8125
7072
3088
809
212
7142
2855
11234
3726
10252
7398
1621
2904
1578
10827
9520
6684
4848
11365
3865
5368
1581
8060
1604
1627
4493
5675
10460
7172
8729
9522
7594
9372
7712
9673
8246
8955
6667
10142
5460
3851
355
3723
565
11280
9633
9721
4094
1956
11455
11008
10232
9407
3272
5010
11307
9486
8003
7629
4126
5245
10108
2981
3824
6959
6653
3223
790
557
25
5966
6126
4212
3469
11866
644
11236
7495
5607
835
2791
10143
4452
5861
5763
4471
3289
9832
11667
10887
8195
11811
7454
1851
2365
4985
7534
2978
11446
6270
204
8704
8723
9177
10525
325
8148
11465
9624
8853
6949
8780
6123
9049
3290
9637
2221
11260
9642
5687
1930
7292
8511
7774
4500
1738
10160
411
2523
6186
1080
5240
9668
11870
6428
7333
5614
120
8515
10349
6955
1395
7510
7147
5864
3173
9793
3567
3629
10470
8543
3355
6392
9934
9723
11360
6097
3609
5597
1958
10913
4247
9304
174
904
6952
6750
1356
7708
9351
6755
1802
4249
3734
4241
2885
1941
870
6008
866
4289
9263
2540
11467
1689
9336
3498
5174
11691
9655
881
1103
1600
9574
6321
3881
9646
11238
6697
3896
1608
7645
10013
8858
8359
2630
5137
11410
11393
11129
10661
1116
8884
10178
4837
6809
6657
6235
11847
1704
4388
9289
5512
2624
4270
739
6423
1901
11662
10848
6459
7423
4786
8650
4952
3008
1950
2907
5480
6799
10185
9341
8560
11683
6100
2837
381
6569
9002
1459
3425
9252
11187
9794
590
8680
5799
3010
4862
11295
4707
3362
4626
9639
2647
10845
5816
7215
11425
7180
7901
8836
4157
5356
7807
1983
9469
1331
1282
584
8296
9918
6441
4036
6978
9695
9234
3016
4252
10170
2705
11821
10016
7157
1917
1875
7468
367
9909
5152
2844
11668
10326
3011
9197
9397
9010
1926
7933
4238
7328
9512
10458
6361
275
9482
3927
2036
8599
9908
148
2893
6451
3899
2657
8901
8349
6224
9389
3850
11807
9638
8423
9792
440
2292
3079
11795
1718
1992
7434
9652
6397
8442
7088
4389
1915
10107
11539
4533
1163
4135
184
4970
9575
9611
7917
6617
4309
7971
9842
7848
3798
1494
1279
10895
1428
1133
3614
9471
833
7869
10987
7358
1916
1488
10597
4671
6663
4620
7685
4399
7646
9014
6049
7474
6120
9765
99
5024
3644
11823
8542
4832
4731
9925
3352
4217
9761
10868
4142
6393
10339
6613
5181
7589
2538
1745
10087
3682
10000
10730
8058
719
4333
3285
7866
4264
9777
9211
783
10041
4775
11511
6802
10138
5320
6532
7152
6159
846
2269
2143
11240
290
3858
5126
6091
7395
2126
1366
10870
10505
8582
6717
10139
235
6920
11698
5728
3645
4660
7301
11009
2158
8740
4600
834
10476
3589
7668
4384
11579
10273
10192
10581
11503
5212
11569
2227
6471
8136
3133
5836
10669
11875
6081
1253
3266
6150
9118
10305
7455
2349
10064
10157
2889
6294
4149
11717
8735
1234
968
10382
1102
11011
1534
10765
1425
10873
5671
9325
7056
9421
9005
6419
1405
9516
2682
7130
8516
11555
10799
10462
2956
6694
3080
6768
2181
6200
1079
3445
11740
9226
3912
23
9342
8272
7101
6679
3418
8401
4179
6217
10075
1660
1197
10791
11654
4460
9790
1352
11252
9249
7416
2520
7003
7339
2101
2170
1015
62
10234
5117
6495
1940
6160
4697
7730
551
10673
10156
1258
1784
4227
6378
1683
5927
4798
9184
7191
11254
2862
3610
4319
8152
4430
10049
10540
11191
5400
2172
3508
4774
4575
4508
436
4976
6974
1837
9068
7823
1794
10032
2285
4026
11516
2745
5143
6824
364
10732
11817
10387
9964
11840
3873
1819
5149
7767
9804
4686
734
1326
8328
9410
8422
371
8234
2735
3233
10629
727
1710
10549
1524
779
787
3774
2073
11653
10445
10856
2611
11707
2175
8644
11791
1835
750
10447
1348
650
4999
3849
6880
2643
7485
4409
9873
7073
4356
6794
4979
4520
5055
9222
9273
2218
4779
7871
10335
8712
6664
2403
3159
9314
11502
8369
4584
1676
500
3520
4023
7228
3201
71
5981
4646
304
4953
5260
11764
873
8265
6777
8471
9519
2184
8732
2591
7140
11454
7984
876
7461
2681
5643
8086
9602
9137
1771
7951
2508
11404
4722
11664
11770
1016
4782
2901
2149
7743
7304
5216
10924
10315
6687
7531
3686
5275
6555
11094
10769
9984
4644
9171
3799
2728
5179
11450
7265
6243
10091
8075
5232
397
5031
7760
6300
10392
9754
1240
1106
5070
7028
8994
10338
9297
1580
762
3107
3632
2486
9219
6651
8939
10286
7148
5518
9430
3490
3410
855
7212
11712
2335
1821
10480
1455
6627
2685
4451
4323
6614
10535
3109
7835
4974
7751
657
9620
11246
9443
4892
9384
2661
7023
4006
6554
5375
1411
11860
3311
5788
2655
2458
4318
8897
4820
8920
11859
764
5655
1236
6731
9713
950
8978
7070
2044
8940
10133
6103
7176
7296
4719
5287
11026
5088
7783
9267
4197
5922
11156
622
2551
10063
11794
758
7924
11626
2675
11309
11303
8575
9606
7945
10283
11552
6411
10200
11426
2109
5209
2097
1136
6528
5085
624
5765
3370
2203
4840
136
3042
5537
8698
4969
8120
8911
9035
1208
8500
6705
11738
10815
6961
2040
5573
3775
2511
2814
1530
9158
8795
4877
4490
2883
4124
7582
11672
3026
10601
6686
3772
1569
11357
1880
1025
11773
652
6406
10879
231
4869
2121
4555
4066
8837
654
5635
1018
4416
1123
5710
5515
9508
3868
442
1632
8624
3171
4696
4486
435
8332
3860
6033
5237
9366
7373
4572
10361
11073
8421
4537
523
9062
793
5621
6296
7104
312
6327
2635
10933
7680
4750
9076
776
5608
8724
2961
4901
10862
3082
1233
192
9766
42
2239
11696
7561
4743
2254
7378
7914
2090
4019
7675
6000
8233
9594
2208
3833
6005
9613
5815
4812
4866
6505
1932
1278
1512
5920
10975
8375
10820
5598
5959
215
3559
10469
728
9899
1684
995
3987
11085
7627
1259
9431
10991
7657
6261
896
2633
10923
2992
9022
11259
6087
10723
3792
6335
6813
1437
10859
3206
8339
5988
1584
376
7549
6177
4975
6987
10035
10682
2917
738
9334
8730
2429
5229
6234
7756
404
133
5269
5581
5887
8695
7815
9432
1894
10532
11689
1447
1232
10516
3401
2698
8988
4844
4946
9145
8475
3348
2277
2764
11083
3301
8456
7928
9247
9328
5590
2067
980
3613
7312
5479
828
10197
10575
2302
4947
3664
9440
422
7435
3853
3156
6945
10161
4420
9910
2512
1824
10056
4028
7038
8559
6171
11922
9600
144
5054
8293
5674
1804
4201
11148
8610
9081
645
9612
5445
10714
10760
6211
5429
5873
11705
8716
9298
8027
3631
5877
7920
5881
3323
6702
6373
9756
3641
11605
10551
8686
3396
10296
2248
7732
11531
3143
1287
6504
10117
6209
3043
1312
6743
10999
6002
7006
2266
4718
9015
6780
6767
9276
5489
5605
2631
205
3572
2590
7372
3165
10456
7153
2733
4085
4769
3361
9839
10763
2034
4240
4883
3387
8885
6015
2769
3391
2427
10354
4364
8275
10488
2767
9648
3958
6857
5372
5003
7856
8912
5231
11175
11928
8127
4651
5129
6278
662
11439
8529
3695
96
8763
10677
6051
6722
2079
8291
4342
6141
313
11570
7033
7035
4122
372
7123
9542
6992
4338
10218
9470
960
8665
1847
6602
9438
8968
6699
131
3973
7295
7610
7165
5789
1701
7966
8545
5989
9955
4937
11517
6607
6038
9775
8203
2515
3359
11118
2383
6149
3620
7988
11543
3217
11456
3683
3964
2493
6148
1307
2993
10624
4422
9130
6322
6370
5132
6523
7998
7327
3150
2963
2684
10563
10190
8819
4932
1069
6689
6980
32
531
1788
8594
7834
10450
6526
5505
9877
913
493
7267
4195
6489
4070
9463
10271
5871
7581
3230
843
7129
9499
1761
8513
2445
4633
8298
5660
117
8079
2420
5296
10980
9928
8720
8496
2873
10186
356
11766
6450
10217
8948
7888
9243
9717
8667
458
9774
9135
7484
6421
3554
5311
4680
11919
10662
2994
6803
997
4276
10593
9728
3144
9692
3247
989
905
10119
7065
6595
3046
5686
2440
9710
9628
4676
628
4418
3688
3725
6648
772
2398
10236
4056
10533
11090
10370
9058
10245
7370
7048
11826
11735
2815
2434
5301
1301
9166
11869
4488
337
5996
9951
11720
2262
2773
4438
8990
9940
384
4581
10952
4012
4294
8693
11850
7523
46
4846
10515
5644
9826
7547
11322
2037
11281
3859
6758
570
9741
6189
4293
6519
2023
240
5834
7332
3502
4792
10546
8319
4121
8262
11671
7346
5133
2005
2053
8954
3075
4354
2224
4003
7136
5297
802
11300
2759
1795
11533
8187
2476
3523
9957
1048
319
10465
1900
5118
10569
7480
1809
3094
10752
3129
1892
5433
11496
1140
799
9564
5814
11168
7861
3619
9301
3890
6692
8847
8346
6788
9972
1715
1490
7599
3240
4079
11149
9906
496
6140
3716
11768
9451
4125
10209
5274
10008
5829
3500
2031
4784
6275
2150
2374
711
8872
9053
8913
5195
6630
5860
4824
5652
6828
11881
8758
4018
2640
2332
5230
8331
11799
2089
10995
7323
10602
10377
1546
8117
3441
6674
5385
1281
7258
9241
11762
5718
11346
5578
7934
715
8404
10938
463
10645
8202
3265
6388
592
4127
1610
4162
1225
2305
8095
3155
2106
4300
4942
6308
1476
1358
2270
2451
8747
6295
528
2793
4589
8092
11150
1535
5676
6201
3781
156
9275
3923
10866
8973
6747
4482
8673
40
755
2967
11752
3116
4025
10757
917
6350
3823
2939
602
5236
11224
9182
3138
6268
3755
5909
4485
2453
4457
1793
8618
4261
7103
5420
3653
8505
2219
316
3582
1209
4595
10803
7778
1822
8257
3331
145
4414
689
5575
10058
2642
8711
1505
3669
7138
5022
5792
3278
447
3072
5774
6986
93
11727
3738
2275
11597
4447
491
2056
4130
8110
10837
7762
5699
1130
5620
9178
11805
5735
5748
4665
4266
6940
5566
11462
5846
6407
452
1146
10704
11046
6070
9168
7944
8483
7902
1511
5471
10748
8820
10196
9465
1503
1343
8501
5077
9087
789
82
11618
5162
1885
2808
9401
10811
294
453
6494
5484
352
11405
10290
9623
10224
7559
11525
8567
89
832
5847
2890
6374
11272
9106
1132
6977
2944
1893
2278
7938
4596
5135
3904
6527
10851
5221
8212
8832
434
10560
4765
7639
2390
4148
3353
7500
5712
11415
1251
4368
8576
840
8921
1859
2103
6433
1454
11803
9534
10386
6483
583
8076
9880
5503
11255
7197
10454
1553
2743
4034
3749
5259
147
5742
3795
4613
3935
160
10319
2499
251
7576
2477
8492
6188
10754
4158
2613
3118
4789
883
11438
10840
1100
2574
4879
1726
327
782
11827
306
7786
9125
1491
14
1681
11210
6867
4698
8363
7682
11248
4118
5177
8453
2676
8427
9064
5534
7570
9649
1755
10198
5889
11370
6972
3232
2697
9173
4658
2157
7824
5679
4400
5023
6550
6913
7427
6785
8692
2975
3325
1881
10116
7324
1160
4861
10162
7084
1175
8447
2934
10383
6618
8510
