2307
10793
3397
8310
11043
734
6906
11476
2245
8761
468
10334
37
6542
506
7064
3860
9658
5686
11586
9941
10230
7871
1159
6892
4503
297
1077
8873
5392
4266
10260
3279
11494
5273
8957
4823
3913
4817
1290
3409
10779
921
8086
4920
6061
8847
2516
3763
2995
5983
7811
10633
8841
7105
6230
4413
1007
4247
842
5098
10521
5126
9303
7971
1651
6859
6661
11618
8654
9201
7240
1313
7371
8031
6578
4457
2203
8848
6047
7230
581
5111
9451
9014
3236
11599
2097
4311
6450
9130
5687
9560
2891
6673
11257
10483
7834
6963
160
3000
8510
7569
10702
3773
7135
7736
1123
10081
1724
3849
10426
5944
1810
10504
11884
5830
9612
6474
2277
9523
2634
9012
601
9370
4662
11511
3016
9575
4362
10397
2114
11454
4538
4883
2722
867
1031
10559
10067
7591
5742
4894
3427
4454
8089
8537
9222
3934
3717
3323
10450
5193
6691
1784
8103
8274
7351
5665
10189
3329
345
3618
5808
6667
8545
5866
2624
10255
55
5806
6255
9164
7658
9545
3836
9467
11052
2792
3041
198
5049
2310
3911
2981
8877
568
6406
7225
3778
1414
10298
9822
2679
9132
6586
4922
11131
6958
10362
4068
945
2864
6067
1799
2873
10620
4948
617
1719
3004
2831
8117
3816
4296
4860
5278
8230
9956
2713
6817
5802
7046
9684
1938
1823
10989
62
9024
8911
5404
5655
8727
8902
2734
877
11671
983
6403
2160
10434
9421
5089
602
1426
10506
7594
9625
9420
9247
2115
6497
1252
4670
1125
9952
9670
622
5682
1674
10729
5587
4313
4227
11198
9976
5695
9116
8707
9756
5782
2787
11186
4003
9328
3026
1865
4375
7108
5702
11427
1749
7655
3441
5956
6366
4749
6258
1404
8443
8832
2833
2608
346
11485
4718
9845
8344
3083
2934
11004
5415
654
2164
9776
11482
10287
4366
1558
8798
7665
11741
764
5244
4992
9366
8553
8924
3840
54
4294
801
8863
640
141
6804
11317
42
6266
23
5876
6723
8594
5957
4845
2999
3217
4521
3556
174
5372
3693
5683
5698
10354
7378
4278
542
7247
10641
11823
2741
5436
7763
8250
3481
1269
9337
953
6329
5304
9643
1567
2961
5984
972
3325
2990
8739
277
443
11744
3021
3186
3923
9168
8169
5076
11396
6878
2390
6164
1963
9886
8035
5897
11788
7661
7782
11081
10680
3880
1647
301
9548
5145
6601
5473
11441
7639
384
6587
10660
6920
2491
439
10240
1820
5461
10009
11037
11893
9052
10077
5072
1226
2975
6396
8627
9679
5051
5488
1713
7393
1677
2526
10643
6079
8673
5903
7499
1819
1528
2242
8554
6072
7283
8048
4043
10910
4691
2198
176
7984
9141
3510
11533
7708
4144
2083
5066
2210
7080
10349
11872
3252
9568
10438
7377
8088
9334
5044
2416
3089
6190
347
2452
8012
1664
7072
925
3152
5295
8078
9636
6649
11414
6221
8588
1165
1776
5495
933
9690
2718
7142
201
4859
9320
5315
6999
4963
9672
9541
644
2264
7087
11694
3372
4240
243
10221
2159
10424
6784
1495
740
7374
3899
10455
4516
10566
5512
2542
3692
11607
5101
5316
7981
11508
2219
10999
9606
8316
320
3850
4244
3330
4147
5634
11541
8347
6272
10499
5721
3455
11115
11226
9177
5452
10119
8207
8814
10757
8923
958
3987
5309
11327
5305
11924
795
4029
8256
7762
10167
8949
1259
11051
4741
5435
10830
370
11759
6511
5669
6195
5367
10299
3254
7350
2858
8752
1359
7425
5122
6253
11683
10391
9194
4320
6783
6778
6276
10661
1321
373
2100
6653
5758
5420
2763
3124
6421
6521
5462
7908
2231
7891
2257
837
7527
998
11513
3056
9734
6348
8985
6477
4796
3670
3340
9056
3599
4679
3194
4075
9150
1456
6360
10131
2762
10387
10678
4510
5468
5437
4058
6149
799
11838
2702
2425
8254
8872
5969
5971
11217
1332
659
733
4826
11150
9464
7358
3898
10630
3593
1197
1470
6977
7076
697
9550
2311
10881
4102
6302
10802
7109
8612
5723
6933
2703
9733
6702
9336
8450
7345
5317
7791
11372
1665
2006
2557
3925
10345
5860
4856
8643
10155
11907
11710
5158
5157
2795
2453
6769
2109
7233
7276
5603
9255
302
1473
8869
5552
1323
2658
8297
4924
7583
8311
474
10059
8562
9209
1374
222
237
5968
11713
2799
1386
770
8281
7373
3025
10406
3700
10812
3656
2818
11602
9427
8500
6761
2543
1807
11097
9631
4387
10747
6157
2440
11864
9278
9183
625
9203
11161
869
5444
409
8940
3143
3488
3448
5222
1169
11165
125
6939
4195
2021
5821
9854
1202
3477
3983
4146
4571
6479
7603
2639
2153
4330
1432
11403
7030
11134
9388
10071
7214
8980
2476
2078
7780
1000
10484
9650
10054
9559
3869
3231
10599
9142
2216
10340
2442
10400
6454
11108
11337
9135
1139
4390
5277
83
10542
6184
7548
1595
10355
929
8431
8338
9008
7088
5379
4173
4132
5087
7627
7911
2201
1244
7951
1465
5960
9030
4485
11309
4153
6383
8084
8628
8492
5609
1544
2927
5374
8574
11447
173
4609
10296
11850
8966
6930
8368
5057
1547
1841
6894
4437
10512
1882
5068
9996
5550
5514
4412
11036
8294
1838
3768
8551
9465
3046
9217
7162
4339
8437
3404
8831
6854
7069
6099
7503
2548
3945
8214
988
4329
1143
10356
10952
7095
1857
6020
431
10339
2798
1283
340
9256
7400
3344
8391
10330
10650
10163
11055
4235
11119
6820
11053
58
8754
8521
10514
4944
7408
4335
11156
6623
10117
4989
7500
9674
3839
7793
3830
5559
5351
9490
6927
1188
7997
2112
1702
9181
11299
1824
5333
3216
10385
6293
3958
1183
10577
905
4799
6657
1009
809
6074
10898
234
4582
8306
2173
2802
773
3193
6634
6240
5144
4557
9323
10336
5786
7924
4873
8175
1671
7952
928
8182
9193
10805
4917
4945
5730
11815
10624
10231
9820
6086
634
8390
8934
2044
4483
3485
4978
132
8543
6196
6191
1692
10936
7614
2095
9900
2234
2809
11733
8604
8511
1083
7017
1910
6012
704
1093
10982
8280
2123
968
6646
5597
7067
8533
8973
9397
2621
1597
2449
6768
11345
8921
5508
7399
7359
8928
10533
822
8412
6922
179
5779
4892
4185
4874
916
2260
448
793
1690
4272
255
6280
3079
2991
4954
1939
1725
10089
6638
5756
3739
10840
4403
10719
8935
2925
10472
8304
6839
6162
8051
1428
11662
4771
5354
38
3150
10687
2541
4941
2235
1520
1354
3812
11039
6965
8354
9293
8252
11638
2597
1716
9461
10594
30
679
5549
6872
3311
435
9966
9034
2146
3570
7269
10948
2306
8678
3496
2838
4370
9758
7612
1629
912
879
11204
4569
6603
1798
6489
1966
1433
11755
3394
4919
2066
10959
175
1569
9569
4424
11764
6451
980
2155
9687
6152
5382
3581
5834
7152
1046
5580
669
11099
6160
4111
8376
3573
11825
9992
1468
6440
632
4777
235
8540
7584
8363
1094
10218
5913
6071
4653
7894
6171
9
9697
7580
1
10357
3658
9049
9744
2819
5757
896
289
7668
10060
3033
8365
10147
7694
9023
11128
9294
6881
9308
2224
2249
10740
6316
4464
5996
271
2600
5997
9083
9251
2024
1122
9124
1936
814
4072
8428
3769
8665
3719
172
3619
9436
4148
7277
6947
11183
1201
9496
5930
10084
2615
5440
4612
6686
11377
9762
6957
10544
8049
942
11239
2916
7536
185
3998
10198
1383
226
3657
9868
2845
9338
76
7423
4074
4152
4273
1234
1026
3540
7988
7265
7341
2976
2299
8358
1613
10507
1886
3905
8558
3723
6249
11534
8656
4479
11335
2687
7287
9714
11826
2880
4755
8932
11094
6415
9175
2866
9584
8146
8198
7849
77
4965
7470
218
5338
1531
10671
4178
3667
10027
2740
3284
9588
7562
1738
7560
3862
6098
1306
7052
9933
4835
369
3517
4898
9075
5844
6730
3920
4189
7465
3382
1258
5646
7933
5974
9051
3067
5735
1410
3604
7391
10972
6197
1033
6016
8942
5519
450
5662
2834
10946
1659
7241
6218
8879
9428
2439
3728
6955
3615
9344
11882
8512
3133
7019
4396
7750
6373
3288
1168
5726
3919
1431
5637
9696
385
3147
11555
7945
3689
10795
3820
4553
6290
7772
8451
4295
3116
10567
4576
8313
9940
9346
3541
1018
10136
6389
5289
597
5370
9955
1142
4671
4916
635
5207
3582
6588
10771
10774
5773
414
3580
7930
3305
4527
3716
11229
5403
8716
11407
573
8343
7084
9259
5933
9884
3179
6119
7906
2909
2648
3223
2068
3558
3636
1539
5065
3045
7220
4219
5506
1858
2371
6049
1933
616
3595
820
5456
5761
5339
1922
2107
121
7825
3246
3346
5798
11007
7344
4360
11279
9768
1325
10903
8136
8991
306
7640
1519
7508
1267
8758
4739
2503
8726
2629
5299
4212
10682
8212
10172
7853
8646
9446
9842
11173
8120
3281
852
3030
9501
6701
2335
464
4561
4881
5601
251
2836
7989
10625
10227
298
3240
9046
11
9826
4196
8577
3886
6259
11080
7802
9703
3142
4517
5725
10749
2824
3118
5453
9873
9140
4665
8430
4837
5375
296
4120
10440
10213
9229
11379
4910
1210
4409
8106
7923
7619
3327
9282
672
10760
2387
10640
10538
1548
419
9803
11159
6985
7289
10280
9063
9583
10949
10708
1335
3837
8132
10303
8478
2582
3950
11305
7684
5441
1992
7328
10961
2309
918
9792
11210
10243
11889
7282
9549
5100
5214
10993
2612
4977
6332
1368
2709
7507
1157
7845
8854
7752
5693
4086
3975
9522
5490
1054
6561
10656
1423
732
245
6492
6941
5869
10835
7625
6416
7816
9129
8552
10849
8974
1199
11574
10308
847
3258
11556
851
11624
3491
8745
1212
1696
4321
7535
3247
7937
3195
6094
4486
9473
9745
7001
4324
555
10233
9766
7691
3506
1940
1291
11313
1058
1064
7728
4000
3170
7300
5558
2342
3088
1765
3476
10627
5181
56
94
9677
4031
10724
11917
3759
9920
8636
9214
9327
4121
8104
1156
2131
10407
7861
4999
8730
10480
2514
8307
9529
2652
5284
5197
9581
7789
4532
2963
1447
1040
7822
567
5046
9060
7422
11271
1441
657
490
268
4101
834
4801
2375
1113
1231
6236
1760
9577
9951
7180
1090
11193
1585
4073
6176
9260
2343
11839
8749
3464
6303
6350
106
1737
3724
3188
9161
8466
8608
9863
10878
11042
5746
5651
6692
5116
9518
10851
6951
462
8866
5283
8660
2566
8664
10584
391
1658
2635
11667
5820
9449
6063
11360
5898
11830
1780
10997
6105
10021
10491
7664
11324
9077
4666
8398
931
5361
10474
2947
10789
3249
9300
10826
1223
5036
10291
2423
10693
74
10466
8962
10523
1974
7221
2896
9989
5177
5127
5962
10763
8818
10598
9302
1995
9038
6855
6823
5422
9399
7146
2793
4619
2559
10919
3469
11653
5868
5230
10114
8721
9732
2133
605
9693
9369
1579
2590
5349
8681
5038
888
4136
4627
5487
5348
10766
7103
1129
5734
4163
9711
4253
7678
9158
11450
724
859
2748
6367
11758
9187
6887
6424
643
11523
6277
3691
10859
762
5409
9381
10142
8239
10343
3833
4651
4151
10215
5775
2137
10275
3443
9533
5321
128
6103
2315
3961
5975
7876
8933
7449
6216
1481
10831
10069
10539
4925
1464
11888
1675
5187
8963
5329
2643
5595
7919
5573
6849
11112
11149
9872
8381
7657
10638
10283
3549
4418
158
7899
5849
8816
9115
1582
3076
6161
380
11024
6564
4327
9442
1334
5002
11833
4980
9929
3092
66
6883
7557
11458
9101
2063
6665
3383
1728
11891
4572
2065
5671
8487
3415
6075
7126
10020
8958
11480
7848
5151
10154
10325
8486
7338
5947
7581
4535
10157
8331
8350
8008
7885
8645
3134
5950
7062
5911
6333
11723
2825
199
11663
2389
2922
1852
8598
5161
10844
10672
6766
1896
4562
8747
574
10127
6000
6388
11589
1833
9156
4222
11470
8439
11008
894
9010
3295
9068
11623
10416
9458
5434
3444
10829
7721
2132
3596
8796
11824
8733
3730
6050
962
1312
1437
472
9999
6746
9781
6274
1474
6465
1336
8772
3368
11473
6281
7284
6239
6301
348
11302
10266
3906
766
7295
3424
2276
6938
4876
878
6708
6787
6163
4455
7392
2019
6837
11654
6992
7437
3611
97
7741
1797
10486
9326
9061
3393
52
2102
11010
5171
8919
10210
5376
11585
8794
6295
1829
7956
2812
3251
1027
10853
6565
10368
8780
3753
258
9948
4165
3081
1701
8415
9532
2863
11236
6434
10503
8825
11842
1478
5174
4960
9668
11040
7441
917
9236
11121
8336
6747
1450
11780
9169
2317
4548
5445
8327
2443
7533
11484
5301
11059
8748
6988
3678
5419
2949
6158
886
10488
8427
6023
756
11783
5566
1279
9916
10631
11023
10411
10284
4187
10074
3261
10845
11914
6509
11064
10915
9009
10146
937
6842
7663
4089
8993
758
839
4019
6633
10261
9953
223
2776
4996
1988
11714
8507
1596
9814
7376
8036
8259
6722
11503
9852
9112
67
1892
4317
2218
11800
5783
11449
10149
9879
60
8565
4188
1827
4879
6400
11087
9212
6652
273
1254
195
4544
10945
4316
6934
9333
11242
5741
827
5945
8201
7904
9439
3039
4558
8211
4811
2780
9924
6214
6945
2955
9510
1330
3037
7165
7102
8534
10862
10096
7874
4287
9905
4783
11018
503
4308
7075
2942
11437
5575
11510
6341
3646
98
8248
10270
11422
3772
2433
11124
7114
10917
1154
10305
3632
4199
11116
44
4600
10947
8548
1673
252
8950
8263
2747
711
8127
9184
1514
9042
4971
7055
11230
5640
11158
8501
1638
8085
2549
9698
3813
5925
6814
9376
1190
194
10727
9100
3454
9834
6739
11617
2512
2404
7016
2704
7316
9654
487
975
11171
10954
9273
8265
6592
3408
11151
564
8179
6585
3002
211
5070
11237
322
11896
9753
6052
10209
7889
2143
2870
1365
7877
6637
1114
10174
2588
2774
4076
10388
1805
2072
8458
7116
4205
7555
1367
1902
3552
4505
11098
3182
4393
11175
4048
3108
4906
5694
4594
1522
1379
2789
3633
4830
8710
2073
4415
2997
8237
11686
1806
6040
554
738
6372
853
10324
6056
1209
6180
2271
2865
1391
4337
569
10728
5647
4554
1955
1640
7529
1687
7248
5523
8383
8293
1339
1146
5429
8864
10496
11102
3461
4958
9552
8271
3360
8952
1299
3949
9016
10552
3564
570
10648
5229
2699
9025
11163
2302
7932
2547
10604
9316
9624
10751
10317
2552
5699
236
3144
3660
5954
5226
5918
9538
2772
3601
1472
5082
10592
3374
6803
5560
11206
10618
5863
6423
4875
3470
9918
3460
4842
11673
2087
3126
8513
11855
5210
3750
11340
969
1079
2974
10652
1490
8581
4791
7493
9882
4298
4490
11462
4900
6361
3721
11735
7258
2752
2937
4676
10187
7768
10353
6452
6580
6844
2968
10454
4480
8826
4729
64
7827
10049
4601
10555
5939
9500
1523
10130
7356
3425
10569
11672
2
2592
75
6552
9950
11598
3386
5016
1337
3190
5446
3363
4442
10091
8929
274
6267
10930
2993
4106
1743
6090
4096
10338
2037
2823
11118
5795
2777
11696
1636
11391
5337
6532
4032
9990
849
10331
8743
9638
11787
7806
3852
9200
342
539
2448
10229
1529
4133
3
9226
5020
10712
5928
10534
3607
259
2907
7528
3389
8009
8631
4115
3221
10206
7302
6113
8729
1794
4108
5833
807
9928
1152
1462
5003
11455
3210
11351
1172
5987
2258
4346
11371
401
7132
7409
6809
7590
486
2645
8113
9113
1017
1989
1282
6413
1115
7600
11491
1536
6862
333
2223
1454
5737
4450
7670
1103
1735
2195
930
10138
6500
5778
1389
4245
7081
10980
5562
9160
3274
10921
4265
9934
188
2520
5043
2848
10634
10794
9648
8572
3834
5661
7039
4744
3803
596
3290
868
10073
9701
4110
572
9311
8988
11354
1769
3264
1990
6540
3334
5943
6338
9364
5350
9849
4494
973
5231
5915
2731
1057
10360
2215
11862
11110
152
7313
6811
7794
11749
5674
3187
3605
5363
7991
6720
2737
1504
670
11695
8890
11030
11062
10556
4017
10219
4116
9005
3935
9557
3894
781
8771
2749
1016
6616
1376
701
7850
6015
10451
6792
1706
6779
10178
3831
5202
2446
1326
10088
7996
7029
2064
1248
7943
2872
8071
1328
4613
5428
10873
10635
7054
6615
8903
10371
5781
7262
7709
6554
10565
4257
2082
9361
7976
6384
8417
5905
10911
4124
1100
11930
11429
7412
10713
3378
4579
8544
803
10107
2352
4183
9593
6770
11739
4591
4304
9072
3890
2750
5677
8378
10238
4174
5955
9586
11845
4596
5917
5965
3870
1349
5535
6694
1795
6453
1353
6172
8494
9375
2574
7414
2946
8878
8082
10226
4543
8886
987
10359
9050
6967
1052
11153
84
6005
979
8696
10140
1736
6510
11698
578
7474
7543
10589
2842
299
9373
6494
720
5859
8456
85
244
2939
6777
1483
10928
8438
613
10626
3534
3980
1781
5524
3001
126
7014
3747
11061
6650
11692
4117
5879
10378
2057
3141
8403
3504
11644
19
523
830
11394
2374
5546
1318
1976
3900
9652
11356
4129
4369
1262
7065
10436
135
10841
6596
1873
3752
8951
8889
1193
6420
7491
10622
8068
11559
8053
1712
4615
7764
1492
11905
6642
4303
7442
8400
1726
11222
7667
2973
2011
10058
2500
2039
324
7291
2507
4754
7290
9171
1752
7697
8808
508
5254
982
5722
8843
3555
376
5564
9503
10007
5004
3863
9558
9330
3606
499
8083
7563
3257
4216
11141
8052
6925
11122
5005
9162
11875
6549
3638
4793
7540
729
8791
9653
10369
428
7731
265
1180
9037
1627
9288
9721
8055
3032
8514
9096
7571
11558
420
11477
4386
6785
6841
11487
2046
11664
6884
11753
1915
1132
2956
885
5908
4966
10937
11615
8947
4926
10775
3673
11006
5776
3876
9719
10418
9841
313
6670
3651
4524
72
2424
10891
2106
3423
4288
6799
6083
8243
11640
9374
6371
1975
2727
2441
9936
4949
9487
2779
6530
4277
2633
11221
6284
3766
3868
2088
939
7339
3391
1603
2496
8154
6472
1872
7599
2074
1311
6129
6486
11182
7626
6572
8789
2691
3300
11537
6557
6473
8618
8755
2801
6355
1271
8732
6419
10370
3434
9938
7395
11091
9147
5356
4770
47
5717
4471
1947
10558
4843
3845
6135
8651
3442
1681
3748
7999
11187
10517
11133
1666
2400
2509
4994
2760
8299
580
429
3265
7521
11782
10562
7207
530
11535
9702
5482
9315
1275
454
2958
10281
7369
9787
3755
11409
9706
11002
3914
9456
8860
11522
6972
11646
8112
6182
1557
1649
2479
5008
9347
8535
663
9486
5749
1028
6032
7354
2859
1213
8028
8766
9284
3379
8785
5334
2362
8231
9827
11248
3113
3928
9817
3754
11065
7444
1048
3864
11859
3114
6703
9509
9159
8657
9505
1357
10202
5576
493
9755
4519
8275
1297
8842
10447
8278
9033
5341
2000
480
4990
11799
10563
61
5678
2434
6041
5883
9858
5938
4640
3631
6334
5411
9498
4795
875
10548
2920
4059
7723
5912
2816
3557
3802
10254
5360
545
9448
10003
1059
3781
7161
1804
361
11057
5484
7297
1619
4682
11840
4932
4200
4602
2554
3835
3112
10125
862
11320
5825
7251
11752
8034
7306
7676
5720
6525
2196
8509
2906
9765
9582
6502
1723
5515
2214
1164
4091
9947
1868
6437
8711
11687
7743
1653
11027
3937
11677
314
473
9788
7963
1643
6244
2550
11531
9476
8867
763
3838
8719
7301
2523
2811
6536
10220
7875
6707
5355
4822
1612
3613
553
5715
1510
11109
10364
5311
3064
3698
7582
6278
6325
7870
8782
2028
1268
589
3562
7497
10783
9694
3068
3823
10617
6943
9512
2147
3887
8918
7460
2485
1822
6737
325
5061
2869
11915
2228
9242
4663
4354
3561
3536
10386
1918
8981
284
4090
9263
3105
6689
1964
2852
4011
4606
3087
692
10571
11870
4950
6001
36
3388
9922
4968
7970
890
658
11657
6043
502
7332
7447
9331
5708
2742
8677
4607
7303
9137
1905
1449
11260
4007
10489
10323
2187
8876
4727
11548
2522
9751
1662
11923
2222
2499
11716
10907
11595
5507
5790
8753
5014
3050
6225
8693
1264
10875
6639
80
5498
2681
6757
8829
10973
5410
10381
148
9782
1537
1967
7706
3278
7872
6484
3084
7185
7360
4352
2602
1932
7071
9378
5201
6066
10586
5762
4701
6583
9232
8776
2405
10433
11860
8943
4779
11631
5040
7307
1062
662
10097
7823
6432
7343
3933
9801
7713
11588
5591
4657
8629
11290
4981
5465
3851
11610
3891
1401
21
2773
9520
5632
5148
7201
2427
11909
6594
5209
8526
6418
7456
1697
10244
7244
7294
3253
4023
9889
11228
7433
9155
4757
5542
4621
8788
6165
4249
10235
8715
477
11373
10047
2898
2360
9265
6647
5335
5643
9304
6807
6978
3972
7390
4231
1363
6899
1001
7986
4054
3160
4664
5211
5041
4371
4001
7516
4207
4724
5485
2421
2002
8744
7689
4451
8408
5328
10778
4991
8667
1235
1287
4018
1390
3206
8164
941
8590
8269
5159
3174
441
6897
10976
5780
5914
5427
2125
7487
8682
4286
352
9343
10300
8018
1118
162
4515
4805
6327
368
2622
10446
10694
6344
5021
5223
396
10676
7812
9403
4350
11573
7340
6575
7910
349
9479
1060
11627
959
11807
5327
316
4170
2274
4776
2618
7042
9718
8361
4677
2649
10535
9382
4036
2664
1642
8022
1396
10787
2327
8914
618
5981
5109
5867
2953
9811
7847
3384
4045
8910
800
4401
9252
3726
6610
3941
960
9649
9866
10932
11717
9899
3509
10211
3271
5831
4290
10044
3387
5563
6780
3332
2385
2206
2236
485
5275
6007
8672
5696
4201
848
5083
3508
9468
3948
4672
5502
2075
2535
1670
7106
4893
9067
9773
9022
2265
4890
6174
1227
785
9601
9342
4013
11047
1015
10685
6311
10550
11050
4778
7574
170
2959
8485
7066
4637
9979
1507
10758
6998
1329
3058
7194
11247
22
1341
4697
192
9878
5032
1074
1247
10723
11068
1895
2696
8295
11656
1785
2971
1506
3075
7458
9039
4325
7642
3943
3151
4851
8817
3375
7916
804
5466
10319
7523
11032
2251
3042
10316
3436
5505
9563
2359
6202
2256
7079
231
2192
1153
9225
2761
5586
9007
8479
1317
9975
2004
8224
3074
3967
5752
5811
4529
9727
5828
3533
6754
4397
10663
8601
1006
5185
165
4419
1714
8705
2667
1076
1732
3537
10379
9495
6672
8996
3350
2285
2650
1051
6447
4913
10858
6890
4847
8939
10670
8723
238
3829
478
1754
10038
11699
2141
5534
3951
909
239
5760
3450
11283
1135
10122
3824
2370
8170
5253
2994
1489
2644
9927
6654
11238
4300
7863
2420
6033
9736
3675
3395
1455
2179
196
4816
3665
8079
8731
5772
3859
9888
6170
3314
633
9570
11867
11421
261
5255
6847
11235
1888
11854
3966
6705
3676
8326
9664
8517
8285
10367
9324
10396
2832
8185
6504
726
9726
9833
3473
8882
9661
11071
6475
5518
8181
6923
10083
2573
6408
856
10276
9571
6620
4204
10730
9246
5463
4358
769
10033
453
8020
11910
533
6658
7181
9455
2437
992
11003
7413
7430
1731
4137
5579
9494
6750
3296
8713
1351
4995
3043
86
9637
777
4633
9276
9620
8461
9797
11349
2272
10430
2089
1718
2630
6175
6618
10769
8493
3696
7647
3038
3832
3727
7479
63
5313
3697
8002
7336
9639
4717
264
3885
1078
8194
2854
3695
3955
5929
9875
6836
5050
2513
8992
4964
6495
9410
8308
9972
8218
9206
5407
4432
8242
9722
5719
11078
2361
1025
1870
7431
8995
3694
4234
3647
5238
776
11789
1970
10173
1937
4380
6611
294
4472
1800
5922
10977
8128
9681
8516
11606
5099
8892
4381
10199
6514
4149
11137
5018
205
813
7074
2340
4167
8527
11195
2992
3625
5588
4986
11346
11385
4643
898
4420
8050
10342
3349
3207
117
600
8607
5530
5503
11908
3854
8279
2237
1241
6713
4533
4284
3167
2156
2676
926
7858
9074
5239
3889
4982
9429
2027
6014
3546
382
7457
836
5618
512
5347
11831
5352
11678
4690
7740
6483
9195
8810
6382
3291
8140
6762
8160
10098
8370
5767
4863
10026
3792
1942
9909
5654
6668
470
8964
5641
6205
3094
8482
9091
817
3629
621
7278
9459
191
6106
11303
11266
10714
1050
8432
8023
6964
4882
6612
1793
5232
9004
11592
6097
9029
4861
4341
9806
4258
698
11363
8019
9859
3844
4611
571
2933
11243
3811
4626
4597
4824
3309
829
233
1073
9178
8410
5092
8043
3129
5169
11079
7137
8102
5213
7452
2414
282
288
5652
5029
10788
9622
8369
8740
7012
6781
7455
10151
5258
1843
7462
10905
2227
9287
705
3574
7539
8809
8781
10161
7660
1849
8098
6112
4315
6386
8457
5260
7168
6953
5551
4180
6456
7021
565
5658
7130
3825
1310
304
1846
8881
8377
11063
9665
2769
7309
3015
1108
5012
1904
1322
4411
3400
786
2810
1233
5242
1347
5064
10828
33
2105
1686
101
3622
3650
8374
8065
4675
8945
4069
3365
8123
4603
6321
6866
630
6960
2120
9823
5454
9134
2564
11331
7967
10908
9345
5728
4904
8570
7123
10152
5992
10442
7119
4813
4280
5631
10515
11499
6516
5645
6054
6996
1019
9390
10214
5656
1546
1999
4855
8006
10916
4376
8196
10726
1589
7372
3563
3699
3542
5504
2886
7386
9984
2745
5937
2828
8147
1149
6231
3149
4202
750
11674
3628
5104
7928
11287
3706
3474
9114
10195
10823
1458
5085
7375
6942
1786
10011
2168
7260
10922
6666
9896
4299
7575
4577
10050
9368
11398
6917
1087
1803
11684
11877
2960
5114
3163
10216
9730
5517
5585
4774
5471
2689
8490
819
8977
3970
10703
3668
8353
783
10587
1721
6430
4734
8283
8173
3294
142
2154
6959
6905
6648
3103
874
11168
4605
2230
10304
2625
9564
7550
8282
1773
5711
7331
4208
9757
1550
2677
9592
3310
792
5365
1703
9167
4936
2563
1972
292
4105
1621
1298
5298
6192
8615
181
4131
7192
249
10722
8738
5416
1771
225
7790
3826
1039
11675
8054
5031
8389
7857
10461
3238
8583
2207
8038
4908
2357
10588
7602
10143
10025
2853
5680
2983
124
2188
11084
10212
513
11740
10118
5240
6929
671
7023
10095
528
5163
5940
854
3995
4628
4782
3926
6979
6145
6643
9258
2324
8634
3189
2733
11082
10085
147
9633
5724
3270
876
3158
2903
2830
3685
7836
1555
5056
4573
10013
8488
7677
3543
6320
3191
3494
9444
5745
10883
11895
48
8277
11058
2967
11502
3896
1549
995
8402
7864
4025
9264
543
11361
6888
9348
560
9385
7659
3362
2093
11901
1484
1945
10854
5362
6716
11747
2336
6297
11418
1141
4213
4871
1499
2238
10602
3272
689
6558
11806
3915
8314
10344
3183
6342
8100
11818
2185
1768
2189
5532
11594
7007
1245
7573
8425
9655
11201
10935
10530
2410
2117
10511
4578
10497
749
1082
667
10313
10918
10392
11481
1580
3410
11679
4589
11251
2521
9017
2373
3302
9678
10320
7680
4692
515
3293
6816
9202
8017
5690
3805
7324
6409
9610
7632
6476
7702
5074
1406
8587
7682
2487
742
10551
5500
11370
3283
3600
8097
1583
9389
3277
2036
7814
11583
4530
9728
10800
2193
11620
1566
590
1178
6370
10351
10242
9723
9144
7384
7747
334
2921
3775
3621
8371
4870
3586
6826
214
6064
1853
3019
1700
3560
4903
70
8208
6292
11688
166
9893
9231
702
270
9314
2013
10253
1840
168
11444
3497
3765
6460
4810
5858
6080
11466
577
6011
3584
5203
1348
5792
881
3904
8626
1848
8891
550
11060
4773
9993
140
2145
11232
7239
2330
10092
3687
1029
8276
4331
1438
4461
4818
11300
8595
986
7531
3034
2183
656
6548
4210
8644
10228
3176
1308
9138
460
5373
9968
5850
7920
4685
9932
8591
9125
1630
3990
2666
465
5970
2003
11199
11000
5887
10036
7353
1952
10759
6482
7949
7257
11399
3301
5140
8404
11578
1762
10016
10477
10184
5476
5706
3201
11184
9699
11288
6046
5823
2010
736
4342
3746
4118
7219
1894
7175
10576
5991
3610
9363
10942
7436
4499
8321
5228
9418
6712
2839
10815
7566
8393
11761
3764
5006
1041
2070
2919
8895
1225
9885
11166
1753
7636
7292
1416
1012
8971
8044
469
3545
8405
11509
1977
8001
999
1120
7698
153
363
9860
4493
3181
970
2877
2104
504
7314
6353
11571
11286
7552
2475
4715
2537
8641
10420
11275
7131
3762
5457
5920
3429
739
1512
943
11194
10780
4844
6621
3867
11655
5815
5459
6019
5522
4552
1639
7118
4020
8332
2545
5528
5319
8107
9662
5225
7974
2378
4184
9901
10271
9869
11529
1678
9383
10536
6827
5438
4363
10002
5812
4983
4260
9926
8357
6251
8021
1133
10032
10160
1014
10585
4264
7725
11419
2023
8584
10762
808
2144
3942
8930
8480
11568
11709
10458
4680
8260
7784
4177
4740
2504
4453
9087
2846
858
789
3175
6677
10574
6970
5149
4819
8440
5906
6140
3106
7488
7746
11512
9673
610
3165
8585
6902
1812
7542
7203
6213
7537
5787
3316
5186
6681
10996
10289
8532
9862
11436
10409
6351
7813
6151
5533
10175
11849
10613
6680
11691
6120
9154
4592
3519
9199
9387
2717
5619
9318
6104
5396
9767
11774
2560
8045
5293
3390
5443
8464
11076
11847
8004
10901
4489
7349
6207
5243
11501
7003
2862
8823
993
5128
9031
6310
8334
161
6095
6457
341
4683
7396
6645
11721
3959
3073
5053
5589
328
3347
10632
743
10495
2913
3953
32
9228
11837
9837
4081
427
7704
8600
8180
2127
11383
2716
11086
5691
1705
10666
5598
5935
9965
7526
11904
3412
1634
10855
8165
6911
6795
11104
9998
8093
682
8489
8158
8610
5184
3547
8067
8795
3125
1816
5141
4618
8704
169
3822
3214
11120
10104
10595
844
11296
6994
1032
6904
5797
2996
9148
1591
6309
11926
8183
2060
7089
10177
2596
133
7888
9925
2682
1877
1293
3399
11712
6679
10262
432
11921
8122
11577
9121
2199
6560
1534
11720
11216
10201
6614
6375
6635
6127
6543
3735
1047
11135
6304
10469
1030
7645
2139
1598
10526
3790
5478
5700
1615
5292
11457
7026
7148
11848
5385
10435
7381
2459
7957
3877
3973
10321
2197
7502
9700
4707
1355
7347
7685
6362
11637
10513
1373
1622
6356
3566
3282
2888
7000
9393
10924
650
6800
5958
436
6727
2051
184
8345
11267
11772
10990
7829
2431
5602
8606
208
2594
9120
10532
6070
3681
4347
5818
10043
4004
949
11737
6760
10904
7973
1668
10600
4349
10958
10619
433
2303
438
4182
9546
4012
1324
9515
4501
5024
4828
5303
2480
6101
1893
765
9402
10063
9760
9482
10764
8073
10509
4716
6882
1003
2067
2413
6875
3784
10448
674
6385
7701
8441
5026
3893
10250
8561
5895
8255
10051
9983
11233
719
4537
9877
71
3405
457
3524
2321
10141
2474
10846
9691
6111
9962
2177
3452
8684
2932
34
2319
4788
6607
6853
7644
6233
3202
7551
5449
10863
4154
4422
1498
2808
7439
6630
5553
136
3418
6891
6263
11077
5281
10525
5096
6324
392
11773
5102
3883
4452
5520
991
1203
276
3449
9224
2785
3525
5294
3991
1590
8024
8463
3006
113
4063
2735
6832
10691
3138
1899
4168
9002
5108
5660
7918
4546
3996
463
7321
9240
7842
7144
8209
4128
9769
2191
3156
9186
6313
6876
336
10168
826
559
11871
6411
5075
7036
4194
7903
5861
9576
812
4764
10257
7140
7673
4852
8573
10817
893
6096
6444
1442
4918
5408
2693
4551
9092
2753
3744
7285
10179
11770
9185
2175
8171
1037
3371
11751
10372
4616
11768
11144
9554
6027
10341
51
5153
6328
718
3090
10543
1801
1830
2601
6976
7427
9591
11261
6520
521
1411
7712
1340
5901
2296
660
855
3337
4798
11899
8141
628
9824
8155
6597
1586
9747
1356
9544
4719
1552
8233
8145
2803
9525
488
8360
535
2675
9095
2673
8700
2148
10403
3916
11365
11401
7769
5439
115
2498
5191
4705
4237
6829
791
10327
2043
7716
4567
3971
11277
9881
9508
8436
9504
1854
6861
11763
8129
9683
11879
10969
1121
7840
9516
10236
10065
3145
2211
9250
4857
5330
9118
2678
4520
10473
4617
1382
2108
10696
9594
691
9511
946
860
7753
11276
408
1429
675
7050
2539
2284
5600
6188
11382
3168
2705
865
11019
2663
4869
7579
1070
5342
7867
4274
2365
2640
10010
10052
6337
5190
2009
11350
9493
10087
7235
3827
9716
4526
8746
2850
5312
11245
1633
2924
11616
3848
4285
455
3516
3171
4251
1584
4800
10827
620
9032
6262
3225
10470
1300
8267
8041
9725
1909
4162
1962
1412
8609
9958
7226
9978
6331
5246
4233
11130
4171
2620
7416
1994
11203
10479
3553
870
3999
262
1720
144
8066
6574
305
9985
3135
9434
11127
4931
8496
9902
7193
11280
5946
5893
3060
7245
8955
8961
7227
7760
8614
177
3672
10929
8190
3965
5386
10955
9419
6173
8005
2876
10445
2316
5516
3796
4780
10738
11224
4952
6901
5633
1385
5212
3782
2355
11554
4760
6118
7696
1808
9749
1265
6148
4470
11033
5118
3203
7881
519
5804
10366
11731
7397
11381
6167
910
11306
7110
10005
11551
11703
2050
7992
5613
6116
1525
8987
7651
9041
10039
1747
4336
10912
2692
1266
5543
394
7218
2119
8775
8777
1925
9313
6381
8948
3663
9191
11252
287
10108
3806
3550
7472
5827
6765
2041
7795
6880
9274
2724
11633
7519
10134
6640
9587
11412
498
10888
11439
11179
7960
4439
7435
2700
3285
1842
8126
552
11661
11866
1867
7186
5584
8621
1898
4745
7461
4077
6073
2099
8959
5688
7953
10518
156
10804
7587
8797
3674
4355
11874
3609
5627
10237
1971
6306
5494
10139
5224
81
2619
7025
6871
3431
3957
11254
8091
7128
3623
9567
10374
2826
7947
11393
7837
976
8742
8800
7808
8623
3169
7510
10135
527
4825
2884
4901
2121
11223
10697
7419
7482
11343
2138
4122
5486
7429
1607
3842
1494
608
4909
3119
2325
7854
9720
11174
3348
10579
8453
5200
10882
1419
11358
1604
4463
9547
7553
3215
10843
11404
10015
7656
518
3879
4049
3166
4015
11293
6893
10422
10035
9553
5842
11887
11816
6582
551
10528
5894
6852
3402
8893
3241
5133
16
3807
6974
11219
11690
737
4647
10029
11542
593
2269
6870
8385
5727
903
5774
4997
11438
805
7293
8272
9325
3229
1116
5909
8373
7805
6879
7403
9066
8080
6848
10465
3841
5417
2778
10950
7687
8206
2706
11643
8046
6224
4979
11096
11906
5729
11157
2530
8925
759
6825
3929
3575
7785
3583
7898
79
11274
8784
8435
4425
4743
9065
3276
4421
6446
7232
5233
4522
5649
1883
11507
11330
8015
1711
1260
11581
4302
484
2757
846
8262
2263
7223
5754
7738
652
8722
1777
182
684
6728
3009
11212
3828
6971
10887
5393
338
11790
3502
5206
1415
548
8559
7987
7008
9036
11798
229
2659
6168
444
9076
137
5027
10375
1105
6790
3315
8324
9942
3269
2394
7363
7490
2328
5442
6604
11147
9536
9772
8142
4282
31
3871
11241
10256
2489
7504
9045
5115
1648
10017
2739
4407
5731
5625
6682
167
5450
11376
10744
9441
6858
6724
3944
9084
7774
232
3014
1863
7826
7649
5610
10988
1211
213
10350
2059
4634
7534
10090
6788
6089
7183
5829
9165
10462
5809
10573
4969
3710
8649
6229
8909
3196
8241
7209
4385
7873
798
10541
549
3072
10754
10681
10864
11185
1641
10637
9111
2008
11813
2492
3590
4099
6069
11693
2086
8671
4126
2478
10970
1782
410
9069
6100
10492
11569
9139
710
5624
1069
11852
1408
217
775
5888
2332
4382
6039
1486
7045
4508
8871
940
6796
7501
10893
11415
9708
3417
2290
7882
4536
603
4348
4328
6471
6907
2483
8567
9257
4333
8215
664
5636
4953
2672
6318
10857
8394
4911
2583
7018
9616
9967
4938
11269
4961
4495
760
6632
1515
308
6219
6323
7274
327
8912
2393
9078
2463
1403
11020
4758
2338
7792
2987
6503
4865
10578
440
6928
2889
1063
4468
1831
6735
5390
2979
2493
6247
2874
10129
2244
8624
7160
8578
1378
9244
2381
840
5838
11869
35
6002
10752
1960
6222
9923
2368
8291
3799
4868
11785
1930
9477
9103
6810
2349
9761
6133
329
6006
9897
5525
2603
8099
6364
8887
2837
1571
10813
1729
7477
10583
5117
3801
7217
1151
6136
11689
4060
10732
377
9208
11312
9988
8401
1477
6
587
8688
5344
7264
9406
2298
7415
2246
7895
1466
10062
2171
5916
9614
7020
9775
7398
1879
6496
7559
725
2669
6246
7394
6359
3669
6085
5993
1513
8689
3982
7931
5865
2129
7585
2569
5501
378
11817
2980
4062
3704
3146
5966
772
6387
6524
11475
10441
1288
10781
10061
11463
9883
579
15
9196
3366
11704
6937
9339
11295
10145
8346
155
8541
8617
4687
5081
10832
10444
8637
7608
2282
4785
11315
2229
3779
10105
11025
6125
5155
10718
7333
6345
9117
2606
7832
3117
6539
6889
6886
11392
7865
11778
9551
9742
6622
4504
5069
372
2213
9707
9469
4008
7325
4888
4834
6966
5593
9910
10123
5510
7167
1919
7878
10985
3523
642
4540
9632
5371
1543
2151
5179
3910
8471
7100
11562
4804
7862
3110
6740
1195
8449
11634
4364
8319
645
8855
11645
10481
8474
2665
104
5322
5881
4973
1131
1847
3507
7404
6480
6819
6609
1951
10310
2655
2259
7420
4301
11227
10501
1901
6771
690
9462
4599
9589
5331
10421
4496
7515
10311
1013
2320
2562
2031
2092
5048
2835
6217
3731
8531
3228
2383
6211
7688
250
9243
11819
5764
2998
7897
1395
4498
6980
6402
4858
9218
3093
7980
11213
10389
7961
8620
1524
4902
11797
6556
10909
5899
7880
1814
65
11519
8954
11328
2363
6662
4243
1237
8245
9907
9026
1699
1023
9198
1192
7159
6773
11922
8047
2377
3275
6744
5236
425
1564
2849
7679
204
3457
3634
10405
5799
6252
9818
599
24
3139
2904
8289
9917
8168
9457
475
8563
11191
4541
1035
7982
7675
5963
2527
4528
4759
10998
351
4786
10393
7484
981
8322
11587
7387
838
9340
11073
2806
1096
9686
8770
73
627
4723
938
1923
4636
10818
1480
8844
525
9598
2605
6368
6010
2905
1084
3097
9440
11244
2312
5129
7154
11255
7886
2162
8189
2345
2116
9528
1098
6589
4915
8205
6793
6017
6404
9919
3577
1236
4808
3531
9642
9227
4568
10194
4829
1968
5666
5707
10642
8750
8266
5571
4426
8625
312
7846
9359
8907
7091
8802
2807
11685
7134
1616
9939
2781
10868
2794
256
4737
11426
1921
2815
7187
109
9628
10597
6676
8222
10412
11067
1089
4631
387
717
4279
6935
7978
8861
4853
2743
3472
6987
11647
3592
7773
3751
3499
7506
7421
5743
11584
5948
2531
11911
7382
7370
11178
6931
9815
9898
3005
5412
5263
8323
3209
10806
5325
8364
7748
1110
3396
4379
10419
1836
11622
10644
4509
7238
8884
8447
4927
3059
1136
7327
9799
6684
10688
4669
6296
1957
4956
6336
8944
7710
8257
5123
3528
366
7471
2551
129
11626
5257
2723
11298
11786
3230
4009
1987
11493
1333
10790
11369
10777
6522
1278
6398
20
2287
11467
8868
11811
424
7121
6393
9003
4254
5932
5033
9341
4500
4014
9629
3620
5279
7101
6269
6194
10906
6864
556
2962
8342
1850
2775
3157
9561
7432
4645
1124
110
8519
1010
2965
11765
5167
5215
4456
9475
7094
4674
4746
3100
5290
10402
2047
3255
5180
357
2415
2719
3907
4221
3578
3458
1452
4002
4556
2101
8804
3130
9319
9960
2397
4088
9484
11338
10842
4946
6915
1388
5810
3260
3761
11697
10836
88
5059
2744
9463
9995
6185
8130
11883
467
9409
10986
2061
11461
3968
1878
11750
9019
6298
4085
11702
5998
4652
2182
130
5198
615
2469
8200
10110
1542
4586
3526
6264
2708
641
10784
1148
11665
8406
8328
11567
9173
9219
6490
10872
4064
11177
5565
8469
8599
9213
9020
9432
8658
10770
10205
6806
9805
8735
4293
5235
4248
5170
1043
6767
50
505
2690
1740
5460
908
9913
904
2651
4259
3173
9542
4203
5282
6268
5964
11085
9784
7480
2662
920
5924
2077
966
9657
2964
41
3538
9794
2970
5287
11526
9384
3740
4942
2584
575
9379
816
11253
7489
11041
8320
1661
4827
8714
11483
3220
10743
8300
3479
9401
6498
248
3814
5670
8741
11844
7830
5477
2149
4802
6936
3432
5078
7653
11903
5310
2392
9944
9667
11263
3743
8238
1381
1774
69
9880
11012
6199
3652
10306
5900
8475
7623
3267
8166
557
6084
8586
2506
2176
6715
7010
6349
2029
11632
3356
4071
1305
332
1864
7113
10545
11431
3482
7818
11495
2348
6990
780
11026
5771
8187
430
8119
8913
5926
11205
360
1200
8340
4428
4507
9908
1451
7125
4255
6651
3063
2103
7028
3776
8946
11479
1119
8593
11359
2012
11005
4587
4408
1394
5537
6544
10960
7040
2430
9971
3069
7598
2570
4921
10796
1501
9891
9949
7476
4889
3318
11162
8778
6243
4610
9712
7883
3286
6896
3306
10940
3514
9659
3463
3487
5583
9292
11416
950
3233
1251
1593
2062
4481
10956
6130
8960
337
11428
1221
2575
1295
4181
3451
7237
5569
6330
8114
7271
8288
7112
3445
7177
1350
3683
2344
451
7318
6577
3224
3109
7761
5028
11916
10156
151
1446
10048
2280
10314
11378
1929
591
8188
2098
5150
7855
8862
6376
8982
1568
7048
532
6395
1045
5120
6461
5592
6146
11139
11808
6546
108
4581
10188
3902
6166
7061
5976
8757
10064
757
6993
9298
1739
9053
9519
9935
7466
10401
5188
1682
11169
3598
10329
6568
11367
1034
5400
2286
9800
10337
8819
8728
3649
8555
7722
10425
10382
7717
4708
5132
4864
6856
10277
4109
8407
2169
3903
8698
10468
5324
9874
6467
7337
4190
6868
359
11304
11465
661
9904
3459
11918
8087
9895
3331
6613
4433
6526
2445
6845
7592
3616
7365
9973
2401
6678
9102
4574
7940
3120
7145
4756
5547
1526
5063
10570
9221
9329
537
11117
9618
11234
1511
8824
3204
6346
1218
9234
540
9526
7948
3040
5479
10965
1036
3321
1707
10113
1973
403
3352
7817
7648
4650
10153
3715
2728
8828
6326
4319
426
10871
11919
2367
3579
824
4762
3984
3585
10111
796
8032
7803
3758
2353
5638
7151
11730
3373
11049
5884
2895
1818
8195
9059
8922
2254
11611
1637
9411
344
5942
8899
2519
6159
8894
6813
10363
11506
307
8717
7819
445
4641
7319
5923
7060
3227
3712
8495
6898
1208
923
5777
10978
10931
7170
10773
5121
3791
11146
8349
6764
5986
10646
3237
10428
2611
1352
5013
10608
8157
7595
9471
1667
9870
8669
541
7004
9611
7059
1150
7450
5599
4806
1140
300
11549
10290
2945
4332
815
9081
3645
3927
4781
9377
2444
8033
3954
563
4139
2568
10895
2730
2610
4928
10668
406
8301
10834
9249
446
971
9974
10765
10852
9821
1232
4206
10490
7783
8989
2598
6627
4790
8150
8898
4622
2384
6952
2940
9831
8685
10505
10957
6275
7695
215
8760
9682
7305
3576
4584
3234
11432
1949
9626
5892
11738
11619
7133
723
11925
356
1364
7104
5972
1243
6683
1270
1011
5967
11442
11375
6003
5800
7629
9738
11114
9688
3936
489
2358
2617
5394
9270
1710
8566
884
6131
4367
2331
4164
11453
9609
11138
3053
10075
1826
3268
5380
4466
8846
3369
407
4378
10902
4511
10690
11423
3061
10158
10234
3738
934
7692
8523
9295
6487
11190
4052
5030
11776
677
3172
10856
5657
3420
4993
4034
10923
1102
7699
9110
2502
8821
11362
1518
1956
790
1068
745
2726
4939
7115
9617
4263
2565
2657
11402
6458
9355
3513
6407
10170
3979
5058
7596
2938
5568
5383
1327
5135
10500
7364
2200
8330
402
5623
10439
4389
10963
3875
2482
8663
8131
4438
1435
11920
6209
5648
4630
8384
5343
1128
6088
3297
566
4970
1628
8026
5989
11301
6283
4160
821
10208
3140
2462
6036
716
2607
2304
5644
6093
2040
303
4886
6443
8965
818
7514
9266
5208
5405
5106
6137
4712
2253
8455
2366
8652
696
9740
811
11543
4862
5679
9157
9261
7446
405
1654
8253
9062
11321
1772
3091
9790
8292
263
11265
3931
5271
6944
900
10673
4809
10651
2950
11459
1978
1360
5541
1694
11088
1220
10467
6132
6335
7637
10297
10030
9245
10735
3180
11440
3003
5713
7492
11307
11681
11014
7638
4484
4469
5555
7915
5951
6029
358
5055
11711
2488
9724
7191
8442
11834
6641
7184
2126
6908
10028
4340
6745
9853
3101
4987
2283
6156
1307
11597
927
2333
5701
11478
1608
4172
8560
5910
2935
9398
4242
9079
8178
4082
2821
9423
5388
11400
4388
2628
8234
3298
4512
10710
2915
362
9192
9603
2111
4812
8422
586
11031
186
3011
11821
10148
6948
5251
9534
3856
11214
10249
3244
4095
2637
1277
4270
9106
4766
7674
10072
11635
9301
3355
11835
11075
7732
2470
4006
3565
6369
1679
6983
7787
1161
11582
10080
7633
8908
1491
2408
1516
7485
10423
1789
5628
6559
6232
11545
483
8579
10274
9809
3153
6553
5366
9890
9847
1631
2910
8937
3795
2534
2432
4275
10605
2020
11341
3679
11701
9367
3057
1301
1345
1900
476
5630
315
100
7767
10100
6835
10102
1563
8221
8896
6340
9669
7188
9830
6198
8640
7985
6436
3055
7034
11682
5856
7733
3872
3266
7200
3416
11856
6399
11092
8639
5217
8655
197
5103
9280
9013
9506
11093
10185
9640
7253
5195
7525
290
2627
7086
2178
7443
1733
10124
9850
1617
5425
510
6838
10286
9272
8885
1285
4880
7275
7966
7954
501
4092
11291
9746
744
10203
4130
6914
546
9743
631
524
9044
6877
10709
7049
11851
10847
2217
10012
3912
11105
4447
4224
5274
3401
3798
11771
2881
379
3690
7179
4738
6885
583
120
4353
3433
1644
8429
9810
2460
4093
7155
5877
1117
5220
9937
4684
6092
11348
3127
279
8845
5113
3385
8763
6034
4448
6223
10994
700
4972
10860
1758
4583
10861
8074
5091
6797
7031
8317
7229
1369
9099
10695
11420
9600
5705
5538
4051
4967
2347
7092
11625
3411
4488
6065
1179
8210
10293
8124
5835
10715
6969
11035
11410
8806
8569
4357
10056
9466
4748
11560
5990
6260
10572
2890
5839
5270
3333
90
11278
4736
7868
18
3035
8452
10464
1315
3421
753
7097
9299
754
171
11215
11282
3809
8674
8092
10820
7172
1398
5318
2407
11614
5107
2661
8518
9182
5216
6427
2546
841
9887
1862
4699
4849
7098
7224
3111
8915
11464
562
7473
5183
2069
7267
6743
92
4534
3572
8968
8090
810
1730
3505
7127
8042
11553
2941
5402
8571
10745
9813
6857
1056
794
2782
7549
9189
10629
4975
2571
4226
11090
3159
1856
9107
779
5124
9151
516
2670
3280
2553
5265
6626
8273
4720
1745
4815
1953
1645
1851
7033
5300
9028
3303
423
787
3439
6238
3492
11722
10549
5173
11246
5548
8202
8176
6357
1240
10767
9417
6435
10933
4283
7129
10471
11264
3361
730
2262
1683
924
9197
10055
230
267
434
9656
1609
3733
6529
3909
1680
4639
9396
5732
3493
7545
7561
4191
1578
10655
3707
11843
5097
10225
6924
7610
10664
7298
7547
3757
6910
8632
3370
2604
2654
10731
1177
4067
3993
5635
5269
10258
7147
2275
2754
9210
10654
3104
2014
3760
8305
3044
5426
9435
7720
6802
3901
11828
4814
5650
3653
8549
10024
27
6114
9812
5759
10413
10193
2928
2180
2766
1344
400
11046
2538
7513
7635
10094
4161
11745
11211
10516
6257
5086
1392
5080
5581
6203
7618
1085
10204
10415
2150
7250
850
9400
2984
5527
3741
3642
1493
5152
1981
9478
57
3339
6028
3888
1959
10746
4608
2714
10920
11642
10046
3317
6478
7213
10022
4998
7085
4027
5492
11368
10590
6518
7969
2966
5368
5847
7322
2291
9216
11515
11070
6749
1983
4792
5668
4267
10159
9573
7683
4198
11366
6008
5766
9844
7035
3048
8525
7402
1253
2270
5902
1554
1887
3353
3847
6347
4241
1186
6874
8815
11500
8603
1541
8683
636
6117
4098
4083
4550
9961
3376
11256
8446
3511
6024
5857
3568
9635
10268
2930
9502
10282
6940
11550
8576
5432
6242
2725
7938
1377
8037
1876
2556
1463
3857
1380
2279
11514
2417
2339
9040
5982
6077
1042
9488
4885
3107
722
10004
7734
5413
4150
687
11136
9093
5418
8191
7681
2166
6081
5837
10568
2756
7856
8564
1005
5001
78
4078
45
8387
393
11056
10683
7727
1663
1281
2914
8499
3131
11575
8596
10006
7965
9840
4268
7950
3664
7869
9555
8413
10487
4104
1160
11590
8503
5288
5019
6576
10737
10554
6669
7051
4
5137
5346
10717
7620
1954
7280
7204
11145
10042
497
4053
6417
703
8538
11748
1672
11809
8063
4169
3737
7406
3571
914
9011
7139
10698
5095
7942
343
10850
7977
648
6696
1759
1985
8659
7564
3199
3624
4763
1575
1273
1229
10839
6317
9172
4467
3049
6042
4614
11795
2855
7141
8505
5164
9777
7755
10943
11858
10926
9108
2653
10748
190
10132
9783
10510
11272
1556
7859
8296
845
2461
9912
9943
4693
11490
5816
7156
8144
2660
5886
6685
5467
7628
9630
6624
9001
3709
5709
5131
1756
6700
9358
11310
207
11912
283
8793
3612
2379
880
7
10456
1182
6831
4065
6204
2517
11580
3881
2447
452
10045
4539
6729
4377
7056
8695
584
5612
4725
10196
8159
3185
1698
7459
6237
7236
9365
8865
9380
3161
7005
7838
2292
10
8094
2369
2458
2022
5870
11336
10031
11781
5596
626
1715
1362
4230
9752
6439
11609
5249
6515
7505
1509
7379
9481
5079
10761
8838
389
11648
9131
4135
5147
7002
6508
906
8648
4156
8530
10120
11164
4940
5308
323
10938
11496
8184
6512
3661
11347
224
3012
3589
3403
8550
10181
3797
11329
4197
1320
6154
9856
727
5620
3865
8837
6528
8341
1594
10964
7941
5364
8315
2026
1602
5531
422
10264
10987
1144
9676
7261
9170
4262
7707
3884
8459
4021
2001
4668
5199
2456
5904
10649
2170
4752
7751
9793
3997
9235
9321
1685
4276
8998
9585
9739
7745
10070
1599
5296
746
7329
2567
2255
11532
7690
1545
2683
8197
693
6547
7475
2412
4959
7958
1946
1540
9174
9309
2494
7759
6755
3985
9867
5949
5039
595
7726
7800
4042
6664
9126
9675
1134
9283
5659
1443
11101
7410
4833
6674
9729
269
10867
8339
6121
10674
10865
11469
9641
7138
7467
7448
9357
1676
6869
11140
3095
8229
4726
522
1482
2266
7925
3359
6431
9946
3312
7418
6851
9119
6962
11034
8379
5953
6045
8421
3198
7893
11700
5007
1734
8650
1790
9275
8504
1943
3530
609
4010
1219
9109
5175
9483
3659
4887
8686
10810
707
10580
8258
2952
3703
4429
2091
4654
1861
82
10307
6913
3808
2623
10819
4292
7234
1560
11196
10791
11009
9997
935
6250
4559
1461
3335
9825
1950
9871
11792
4642
4356
11111
10822
6254
3437
3080
7778
7742
5000
10037
8284
10706
9071
5988
6563
686
7426
10437
8445
3626
11846
7776
1224
5852
7228
7754
2351
9851
5626
1646
7077
2495
2477
1517
10241
4458
4141
3960
10207
9741
9035
3922
3319
11547
11143
4459
11208
5851
5398
3313
3639
11106
7593
11472
11225
8765
5320
7070
4176
4821
390
5042
8836
5112
5491
6606
747
418
1576
6605
10679
9392
1890
741
7884
4158
7389
8251
706
10896
6843
6150
7164
5871
6774
2174
1479
10686
8399
3248
7380
1897
7558
1421
3351
11636
10824
6035
6733
10272
10785
1303
6590
1471
10186
8905
10914
9692
1130
3235
3988
4784
2641
6319
5607
1600
5663
10128
1553
11126
8883
9903
11892
6863
7195
7166
3976
383
10821
10223
6555
10797
3956
1497
2314
7671
6695
2986
6545
2770
8335
6426
11572
651
761
7544
4416
3018
5073
6013
2411
10782
11322
1809
2422
4731
1088
1457
6445
5934
2982
11766
604
6732
8706
10581
7453
4441
9362
6531
2944
9239
8056
146
9054
6946
10106
2202
2435
459
11680
9499
4878
4269
6895
3478
6523
10166
10328
8109
7650
11389
5406
3304
9914
8619
3644
897
5090
5667
4209
606
1189
5272
509
3640
4750
293
8597
6789
4514
278
4394
1815
4344
7990
10944
10628
9352
646
9408
7468
11728
353
9211
495
8852
11424
3551
10126
309
4751
7946
2240
11715
447
9215
5672
3932
7037
10721
7939
6717
9290
4787
355
10301
4417
1358
7758
6438
5716
10099
7781
1689
11314
7445
8007
10739
5791
10222
8153
11417
11395
8192
6271
437
10733
10164
10068
9621
11355
2243
11028
11353
6142
3501
6619
963
10662
5629
2457
585
3007
9332
3287
4186
8787
7896
7486
8720
2308
9595
10645
4710
1215
695
10404
10169
8774
10616
10657
1075
4929
2016
6537
5572
4310
1204
1067
10115
11676
6433
7032
9291
3023
4383
1926
1216
4157
10008
10335
4119
466
8582
2711
7231
5919
9450
9317
5262
5676
11525
9828
11853
3027
6984
10825
9780
3701
3994
611
1399
2313
3381
11931
3705
668
8411
7205
5880
8792
7815
7424
5189
3774
3594
2167
2822
6055
5567
10232
947
8602
9521
11524
6289
247
4695
7348
49
9527
145
1092
6791
5836
9153
2577
1708
7522
4644
9786
10547
4066
4564
2329
8822
3938
3815
5582
5733
5846
5941
11333
639
8465
7766
11518
3512
1206
3467
6462
6397
5025
7176
10553
10880
3503
1469
6354
5977
3071
2972
10332
2409
3218
9597
10076
8605
411
6286
11148
39
5472
5009
1709
7944
5143
5952
8270
5345
1181
2576
3447
7417
4478
9906
889
680
2481
8075
1439
8397
9105
2396
3749
5891
8476
5995
2791
7013
5740
2783
8226
1757
10874
5843
10879
4423
40
5227
4473
5470
8186
3162
7705
806
802
5755
9136
7995
4502
4087
11927
7063
1187
7934
7288
5060
6187
11339
2017
5353
103
899
10018
8904
728
4127
9646
4214
4061
8801
10609
2048
220
5853
5539
4271
637
4667
4735
8337
1903
2851
4807
5084
6107
9386
2341
699
5261
784
10798
9945
9047
1207
10866
11406
1217
5256
6833
8994
1860
11727
4897
1020
8835
1618
7646
3307
1527
4753
10753
5747
3132
8396
11777
957
8325
7887
4134
9843
5511
2350
10252
9981
4334
7914
11452
9353
399
2827
6273
12
5035
1891
9660
8857
1276
9350
6343
11142
1176
2587
7210
318
6422
6865
5855
200
2289
5874
10527
7979
11812
8976
4113
8111
5824
4872
6463
2380
3671
5931
4733
9710
8409
2454
1693
10449
10741
4487
6527
6208
3328
6706
2616
10522
6954
9407
1931
6968
1979
1338
9057
517
6279
6828
7093
7662
4988
4831
9354
479
6932
1565
4143
3022
954
89
4446
5397
10951
4689
666
8151
3986
7912
7841
6493
5739
4239
8062
9514
2969
10665
4281
11325
8312
2525
10520
7182
8352
7866
8491
4443
8058
5034
3358
4462
8064
4895
3462
4694
2080
6636
11258
7317
1375
2346
9717
242
8359
2267
350
8424
4112
5817
10384
7385
8481
1222
461
1828
5841
5862
9613
9921
6059
9977
5110
8303
415
3711
2326
10079
3635
7775
11029
9145
10675
6786
7556
1055
2473
9149
2025
3419
6153
1109
1214
11456
9497
3289
4114
5340
4658
6352
1881
4523
5399
10265
7700
2847
3962
3086
2337
6763
8414
9492
7082
5529
1684
1561
5267
3263
2212
2124
2079
10380
9269
11666
10966
241
2035
1587
2943
11100
11492
9580
7902
4094
1581
10322
9233
10165
3777
10971
6294
4338
3978
3066
11311
7171
653
1834
4974
1779
5142
5807
8302
7972
7346
7215
11528
7634
9731
861
8690
1257
386
5712
9663
6021
1914
3548
3324
5822
7259
11725
8375
2250
6517
4951
8333
7310
8134
311
1021
4624
8152
1592
5291
449
3177
9770
1614
3518
8059
5052
8580
4678
7122
8506
7208
7714
9994
3892
1106
1294
11660
5614
5664
9267
8249
4217
5125
143
5205
7959
11448
6752
6736
7498
1086
11902
4289
3322
673
5130
2721
26
4215
2038
412
8298
11505
8668
7078
9285
46
592
9579
7401
5681
9220
7312
2294
7909
122
9238
272
8228
11292
8986
2247
2194
9306
4937
6147
4044
11250
7096
9271
4028
8813
6599
10772
5054
5980
11630
5447
10519
6455
9785
9892
3597
2686
5323
3008
1626
8849
8096
6997
1104
4225
7964
4742
11604
8472
2579
1755
8225
5521
1127
10133
2631
10399
7242
9771
131
2372
5763
1656
3440
9297
985
2902
10939
5959
9000
4056
43
9513
5241
10596
3817
5424
11762
3299
3208
11207
7335
11820
2426
3788
6380
7604
9839
8
275
11240
8759
11308
8076
4713
2395
883
9671
8675
1885
7735
3354
7588
9253
221
10285
6358
10502
10267
10093
1521
7572
4570
7216
6949
8833
9322
9424
7617
5455
3342
3874
7994
11576
11425
6573
8647
4492
8751
2490
3767
7342
397
93
11802
1343
955
9713
6307
2172
4070
7520
7198
1080
9489
1175
6860
4575
3456
5673
5093
4005
3500
1624
5431
413
7495
2295
6126
9086
10808
8095
9296
11719
2436
7006
2829
4323
10615
1430
1688
3527
7206
4107
2428
1761
8737
7532
1038
1242
10564
6144
5750
7211
3786
3077
6644
9795
3641
3515
7652
9281
11613
872
1917
6491
10053
375
11885
9372
5139
5738
11810
8105
11294
2402
11732
1764
1928
5192
1691
6961
180
6291
5557
6775
8542
6241
7464
4867
4661
482
8162
6410
6982
4223
7796
295
11729
6507
3804
2844
1444
11527
3413
7824
53
4841
1744
5336
2110
5285
456
683
7892
11805
2054
2736
5377
3197
3736
974
9430
1775
694
612
6655
4688
4560
5357
2152
5561
1476
3483
9695
2820
9991
2090
404
8725
2674
5219
10560
8388
10457
8936
6663
6956
5979
5448
8217
8016
3895
11270
9607
2301
3392
11652
10493
5590
10869
9015
11249
11591
8039
3082
3128
2897
8983
712
2593
10040
8927
7254
6688
7111
10112
4477
10150
2954
9413
96
3489
5276
28
8502
11928
9438
8174
8790
5714
2471
2912
607
1284
2134
7041
708
6660
5864
3930
919
1170
134
1101
2813
5936
8734
996
8069
335
3164
5218
1272
11876
9152
892
1342
1049
9310
7922
7469
9562
5793
7366
2248
9098
5395
2466
1532
1314
1869
9602
10347
10417
8536
9268
11352
2561
5172
1024
4728
7913
11318
5306
7820
1256
3115
11628
7117
1787
8386
11218
10529
9530
8077
6429
2586
310
1505
6772
6468
8101
9349
6394
10373
286
4192
2419
2056
6600
4482
6235
10279
7615
6566
9838
10582
7120
6991
1751
9305
1081
1770
6322
9176
1866
4175
3532
1071
6363
5927
6569
7777
1065
6822
2797
3367
6282
4985
9043
2710
4625
1448
7038
3148
828
11316
2540
2786
1601
9689
8372
9289
11520
2221
1407
4228
9027
7296
8786
936
7143
2464
8697
3428
6449
3054
280
11388
9715
5554
1839
4232
364
8167
1228
6975
112
4250
11297
330
11083
5840
5138
7268
2926
4769
6753
8261
11123
8110
10494
994
6470
3655
7730
647
9531
11357
10707
9414
11129
10755
8938
1535
3178
1722
2524
1924
2049
10900
8622
3939
1791
1577
5540
9543
7622
4934
3256
3154
5023
685
10427
10273
2386
1467
4673
9230
9931
183
4820
8203
4252
2382
7613
11089
3520
3794
3569
317
5268
11022
8392
8268
2572
2505
9437
4080
558
594
6058
6189
1920
6812
3662
5250
10352
10606
5015
1871
8687
10725
9006
1044
8448
8468
5999
1167
4563
7578
7799
5259
5796
4033
7711
4100
10453
11570
5594
866
1741
1998
7715
11015
2578
9864
3866
10034
8768
6308
1508
3377
9608
8803
2558
10968
4305
9443
3608
9802
915
8395
3725
8061
948
7352
291
8699
1422
8227
3122
11074
2917
10365
2204
1620
6031
11504
8539
4314
714
8156
11706
7169
9680
4696
11863
7729
11932
1263
6038
1488
11822
1874
6026
6562
11868
2732
681
11900
11408
7263
2626
7926
3603
1562
4372
1606
7703
6123
1855
4588
6379
10607
5088
1008
3643
6128
913
8515
3414
6782
3630
11045
3614
367
5578
11471
1239
4406
2136
5247
4261
8702
5307
11803
1821
6082
9395
3102
3729
3770
3853
7320
951
1657
6390
8859
11579
7136
4877
8811
7669
2281
10913
2646
4765
2429
2468
8666
4730
6986
8454
7463
7917
9980
3262
1984
3981
11188
2030
11651
10967
11880
3714
863
8520
11718
10623
1611
5204
10546
6030
2985
8029
6312
9412
4047
5785
260
7666
11540
10000
3554
5458
2759
11189
1625
5801
2233
1387
4850
6206
11319
6425
1605
1066
11933
10991
6201
7517
4384
8418
6091
3587
9146
9959
7304
11446
8880
5314
9704
11397
1198
1107
688
10269
6048
6631
11474
2084
1162
10259
6834
5751
2391
11486
10742
2784
4444
1766
331
8348
5433
2647
11814
9705
6742
9846
5606
7756
4138
8355
7568
10180
7197
10557
5
1817
1280
10078
8213
7178
8967
11021
8799
7362
4307
1022
9774
2698
1372
2465
5017
2918
4431
4309
7107
8853
964
2765
4374
7330
10200
5414
2871
6068
178
7672
266
11435
5302
11390
2656
10838
6109
11334
7478
922
59
7538
2609
10975
4343
10183
4399
3341
4022
5768
8712
9836
4038
6625
5616
1837
10981
1573
5765
7157
10246
6143
6551
7124
2053
25
3013
1993
6519
6110
4518
2055
219
11596
1292
4803
6709
5496
3734
5280
7765
2518
8508
11769
10103
1425
6593
4097
5067
1184
6916
9279
4721
2081
1906
9404
11756
6805
11516
4297
3732
5875
4545
3539
4794
1652
8223
768
4246
6215
4410
1669
1610
5907
6018
4026
10705
500
731
2878
11488
4123
4368
228
9750
10508
771
5071
3020
1255
6248
11517
6051
209
1934
11894
10992
8900
1935
8827
240
3422
6442
7243
5845
944
11536
5493
1440
8013
9835
7011
8764
4595
10807
2544
11013
1004
7266
6378
4629
9737
8850
11601
2715
7611
8460
5621
2701
8419
11612
5896
9122
10278
4984
11434
10398
4840
5119
150
10610
8177
4704
9088
6459
5474
9089
5718
10292
5814
7770
6595
2450
9832
2399
3471
1366
11386
3070
6617
9964
417
4772
3430
5389
4037
1875
8027
7749
825
5985
5788
7281
164
5105
1459
3756
11873
11767
9666
1230
11829
864
8870
9517
7541
10171
7718
7428
7807
10443
9237
11332
11668
871
2755
3713
9986
1655
11552
10019
2130
2186
7962
7150
8382
9709
3484
5526
13
5703
6505
6365
6738
10776
5642
203
11172
649
891
6305
9537
1845
3521
10699
11832
9190
371
10886
4623
11259
68
4681
4140
5921
4193
2555
2988
10295
3654
8575
5047
10811
1907
9422
189
2790
2720
5252
6756
7907
8264
3722
3793
6699
5489
7809
8592
10394
2497
9180
4884
7852
3205
5653
3466
4846
11629
9982
11775
9163
1194
7998
3338
7879
10704
10109
4706
8470
1880
8805
4761
6155
843
8244
8125
5286
11605
8556
11796
4391
7255
10801
9394
8616
1941
10561
8216
4142
10082
8718
1249
6037
2580
7693
4351
6448
511
709
2515
9539
3989
6989
17
2900
3292
5509
6567
2758
7411
11170
9094
7905
6178
2094
4839
5513
9431
5156
3031
8783
5697
1138
8135
6139
5854
5146
4866
2225
11048
8115
1371
8662
1238
5497
9447
6710
10890
6469
6758
8546
8467
11443
5165
1727
2695
7900
2893
6300
7153
11197
11521
3591
9166
767
5604
5961
4648
7621
1961
10395
10837
9021
1538
11603
873
7968
3843
10408
1783
9485
11784
10197
8953
6726
11200
1420
1361
2364
7270
2977
1660
6794
3846
11621
7737
1112
10377
11734
9123
7524
187
1588
11779
7256
4768
4580
7202
11565
10531
7901
10953
11650
3771
1053
11155
4912
2738
2015
1948
1137
10482
2887
5094
8433
3787
6412
11669
5162
7189
9453
11326
3098
11220
9604
1163
9445
1409
3789
3964
3702
5574
2796
8840
1286
3184
7511
8148
11600
6186
10452
1911
9779
1147
11563
4238
7955
9615
9254
339
6226
3745
5748
11913
721
5889
9133
9876
8070
10326
6801
4373
5536
216
10984
321
4513
6741
9804
7719
11746
6579
6138
11125
9425
7616
8984
9954
2528
2268
11886
11539
5577
11793
977
4891
6102
10636
2226
3065
10700
7174
4057
8366
11107
8138
1309
4474
9829
6506
6704
123
5237
1145
10692
6591
2856
4854
9540
8444
2451
2867
3398
3921
8116
3343
4899
10876
5744
2058
11069
10294
9415
9223
6087
8834
8149
11561
3535
4896
7009
1304
3495
10182
10432
797
5789
10659
561
7509
10716
2764
3222
1965
2857
10658
11016
4947
9735
6846
11202
11757
1185
5264
11433
7779
8220
3627
11639
381
6714
1171
911
4775
7641
7624
7388
10414
5387
10899
4930
9861
1436
5784
1250
7383
3320
788
9911
9143
118
206
6256
10121
4400
4923
6570
4838
2018
1417
10247
3232
10591
3718
5166
5430
1574
5483
11557
7771
9433
1400
11387
11181
8000
1418
10799
735
2076
2581
10925
11284
7199
598
8767
491
1500
3855
3947
7249
10734
3453
9957
11273
10086
6466
4506
6314
2875
5045
4659
8969
6584
8462
11794
7483
3426
5469
6287
9277
6025
4365
8812
458
4211
2096
5480
6995
10376
2181
10601
2033
9556
4547
