6125
9033
11777
11409
416
7160
5075
1836
6178
3144
7005
9000
685
1274
10885
11217
326
5903
1923
2325
3467
3431
8809
2906
9199
1738
11029
9621
4257
10851
2774
3053
4769
5304
1003
1682
8404
5791
8691
1792
3845
8209
9855
8839
380
1256
9684
11582
5302
11650
6036
843
9376
5815
1302
1117
7565
7443
9869
4264
9846
1509
3020
11206
2626
81
8289
269
2331
8284
1335
6205
9958
6250
11920
2246
9921
2352
11345
9498
9744
6958
9957
6137
11479
3789
9944
8422
2056
6189
11086
4544
1226
5281
6104
278
3898
3453
7440
10942
5775
8461
9842
9351
8135
11569
5806
8047
4
11560
923
8363
267
3160
7859
9313
483
9810
714
351
26
4037
7377
7754
3818
2813
11139
4466
8409
10207
2847
9346
8231
1182
10463
9882
11714
11886
3502
2013
2689
5454
1716
8963
6868
2323
2061
4206
3987
8384
3644
8789
5706
11278
7973
4948
11363
9015
1733
2174
3605
3629
3600
7140
7071
10304
11871
9729
4076
9563
9503
11045
693
6735
6947
98
206
8746
3185
11276
4649
3510
8812
7207
11208
413
6273
5218
6389
10288
4802
8700
7737
5483
7826
11423
7550
1916
551
3656
11545
5854
4684
7824
3680
1966
11256
6954
6269
3921
9221
4287
4774
4814
3756
4470
7547
5535
6707
1121
1164
226
5814
4701
8530
4281
2126
6963
6600
8659
5254
7445
5083
8643
8543
9276
1772
8303
7967
4282
5947
1603
3488
1877
7352
7181
3571
3342
8621
10251
10637
6095
2295
4117
4160
3439
11817
71
7310
7902
6510
2409
10056
5945
6019
810
7678
1583
10881
4681
9594
424
9143
11518
10369
8080
4163
10736
10601
5363
8516
7280
188
11559
218
8053
11279
6463
3312
11688
3
6315
10004
1793
3247
10005
7488
9075
7597
8841
5681
4187
6864
7860
4549
1658
2291
8630
1084
5928
4480
2030
9452
9374
4964
11107
1497
6347
349
2397
6403
6081
9939
8358
3497
10017
9487
6402
8645
619
9535
4263
86
10400
10484
6780
2614
7491
5268
5929
10167
5518
1330
4109
11214
589
3990
11135
3104
11579
8807
6233
1678
11144
5920
504
4249
8317
4034
4736
5700
7717
6259
11749
3613
11539
6277
464
9495
8371
4417
5289
7142
4716
3968
1508
3943
1578
5523
9482
141
166
6624
7947
7306
6139
8832
6736
1785
1787
2929
1219
2881
9271
6082
10240
6962
6711
5996
466
6042
8000
9388
6399
5209
4947
11507
6769
10783
9555
4961
1664
7259
7505
7098
3673
1597
5366
10613
8519
8713
4208
7361
5573
6390
8642
7467
5064
10644
1091
181
938
4134
1464
2088
3636
6620
4157
1168
11282
11908
5902
11125
2704
8955
5415
1620
3853
4771
7703
3110
7450
7574
2068
6837
9263
8376
2765
5756
1953
5842
2914
7683
11390
1024
8509
9972
10421
11421
5966
8229
3784
3581
7517
9332
10107
11758
6720
4180
4318
6974
4419
10065
3486
5408
516
6021
9585
5447
11884
2082
11370
4294
4597
8438
778
10338
11893
8090
9484
154
5653
5836
8120
7697
2924
11656
11275
6988
4679
3752
8206
4578
7051
1369
5845
11011
10135
5985
1536
2597
16
6097
6328
11599
8329
3166
2391
3056
5000
1946
7349
4631
4486
8035
3211
1975
8912
4335
4557
3071
8599
7307
1176
3868
4841
2395
10202
43
8624
3707
3852
4721
6070
10236
9805
2648
7284
6163
7330
2499
3067
4385
4310
7321
2417
7363
1254
422
6460
7629
11175
7993
8177
8207
7546
7059
6061
10896
1188
10799
4001
1052
4042
8129
3176
5640
3615
2120
1120
8608
4255
4362
11138
4067
8788
2939
6149
6763
8298
6302
11346
8077
10199
1002
802
11756
7607
734
2284
7640
5223
324
2306
1427
1315
11320
11112
2247
4735
2058
9089
5404
1144
8552
11448
537
7897
10274
3451
11386
8655
1455
10239
6423
399
1114
4519
2755
5866
9034
4827
9581
4704
6759
9602
6334
169
5731
10350
4484
2242
6227
7560
4820
2277
9370
8182
10322
9100
9413
4896
9429
9265
3651
5650
7211
58
5914
9843
11899
5546
2065
11734
5684
1941
6118
7396
2816
6889
2563
8369
7871
6246
2380
7384
9868
6509
373
9201
1009
5508
3184
5642
1720
10735
9442
7408
5754
8934
5732
10707
5259
2887
5634
8159
10280
6121
2365
7298
9923
976
2491
6672
2856
1743
9177
5260
10327
4929
2805
9548
1343
7507
2938
1185
4447
9198
8006
11274
7031
1742
11187
7866
123
9516
7765
8766
276
1279
10399
3954
9496
4035
5697
9347
10985
1783
7224
2602
7786
9219
5044
10787
24
1852
9514
11263
2663
1320
6853
10864
2317
8337
660
10627
408
9160
3655
8872
792
2993
11733
1815
11565
7581
329
2283
187
8647
7021
548
5251
10929
1673
11417
10324
3951
10807
2799
3290
9733
10518
9993
8727
8037
9211
860
9747
5959
9079
11039
4653
1811
11388
4286
6117
5889
8836
10717
4349
2421
10744
9289
6207
8323
11598
3201
4723
4240
4667
6044
5784
3191
2266
2850
2868
3236
6420
7853
3187
10481
6184
3667
4093
1776
6129
2507
1586
8319
9710
4927
3793
4859
10570
1899
5713
9183
2338
5801
327
5913
9364
11238
8399
94
5497
10214
11248
5392
5025
2383
1460
11402
4685
3729
9057
1088
6103
8315
1446
8431
10319
2364
3092
10835
2629
3115
7801
7186
726
1988
5208
3474
10970
2501
5343
9262
6705
941
6541
4863
3084
5748
7026
11445
7324
10739
4880
8913
8984
287
10814
7080
1183
4792
10499
2888
8058
3585
10526
1624
1936
4563
2457
3483
10863
1533
1134
8752
7980
5395
7382
7711
10933
6282
1368
2835
1072
10826
7287
8734
3358
2183
10018
4351
7359
11343
3037
9004
355
10204
3307
11602
2798
4693
4808
3388
4567
6533
10577
7718
1324
3109
3670
11903
8529
2519
11742
164
10550
1382
5934
9304
8476
2937
6236
8705
10479
8324
2419
6681
1206
5547
1932
107
3830
8638
2434
9638
7783
3171
9145
1283
377
4797
3525
3199
6193
10689
8340
2044
826
8113
3102
8467
4216
11382
10302
2803
2566
7257
1112
11354
5377
10260
2878
559
6491
8078
1145
8980
10442
5562
10587
3350
1
4966
10315
2124
6113
10190
5532
2387
3874
10842
2127
8488
5491
3364
7022
11635
2827
1434
7159
5658
3280
11667
8551
4662
2379
6635
5376
3556
5269
8513
3577
861
308
2853
9989
5956
6802
9056
4648
9059
3961
5560
912
11065
1557
11878
11071
1355
5528
1047
10847
11905
11302
2473
388
11167
8415
9651
10521
1313
6090
2505
7063
2839
1050
10044
337
2512
2866
10792
6762
4357
11765
1399
10296
8869
10748
10323
378
8455
5831
9337
5099
6171
4431
9916
3815
1637
1136
3678
10967
919
3080
7490
8112
8779
7955
4626
1556
5579
9652
11649
9285
2613
4085
10366
11241
6755
9960
11128
8230
3814
7215
3890
11686
4581
3763
5301
776
1276
6922
406
9873
9292
6039
5105
11929
1275
6372
2384
336
4361
8377
135
2251
5980
9011
7636
8673
3405
8393
11366
10003
2134
9825
2517
7752
6299
7611
514
2100
2314
1668
5092
513
2163
6459
11434
8259
2600
7520
967
6101
4122
444
5648
9686
8249
2869
11024
3179
5400
8669
7523
4079
11322
7478
438
7209
1516
11885
5998
1292
7500
3449
1383
993
7512
2549
271
8870
5637
11021
752
7344
4692
2189
9824
7261
9608
9375
1044
7019
9905
8473
11182
11183
1781
1713
10753
3023
7539
9284
2590
11325
8577
6357
6488
8732
5932
7495
1912
3589
1483
1539
5810
7270
7888
6875
1627
9010
8876
4971
5459
3445
9707
11821
678
1834
7999
5952
3857
8586
2493
983
9552
10580
10441
6464
157
10685
5652
2824
4599
8054
3638
1960
8891
11407
6923
3802
904
5733
4000
2920
4272
1864
4143
11223
4210
233
1641
4378
3370
6131
10172
1935
8158
5179
9534
10425
341
8161
2232
10879
9128
6276
8314
4849
9225
11172
5961
5181
6122
8480
4768
4548
3180
6010
9322
5419
8331
1466
8864
1135
7655
10391
4655
5101
4815
3546
2631
3842
597
11394
1438
646
996
379
10899
6603
7685
1151
2172
11568
6598
2580
9068
2472
2146
5714
3653
3493
5191
10348
5864
175
5427
4003
10183
6547
400
5061
908
3514
5353
2822
8378
9398
4819
1158
7625
6346
4794
4344
10482
9502
9637
873
5478
9610
10418
9293
10156
7200
11666
1832
2320
2686
189
10027
5221
2874
6024
11612
3391
621
6226
11344
8325
4914
5909
3977
5296
3131
2716
4485
2980
5908
10023
8996
6313
6524
11359
11079
11476
1524
8782
1171
1893
4949
6225
502
4760
8148
6901
10270
10357
1065
6699
7818
2634
8338
7464
7827
9719
7452
11852
10727
3161
2506
4047
10547
3083
11190
7319
1119
8820
11437
5762
5440
10533
1278
3861
5777
8579
7689
2045
5820
6371
4652
8010
6680
4629
3233
2033
7040
6907
803
9524
5938
8950
11678
9021
4474
11372
1662
8976
5481
9664
2814
6544
1963
9799
6467
9818
10215
11631
6975
4628
1990
11877
2402
6291
5232
3813
11926
2742
8590
9154
7594
8777
6162
10495
10395
11471
8154
11
4456
5342
2919
7256
10921
1917
8901
11447
3602
7362
248
3376
732
5865
10115
7509
4639
5513
7136
2091
3363
2343
5052
9093
4934
10209
1161
4923
203
6801
3219
9938
10732
8741
9505
5863
715
6795
8903
11140
10377
4515
9661
2673
9037
108
10436
9060
5923
291
564
7001
6585
7632
8083
8333
8026
8989
11253
1138
9041
5905
10187
7692
8169
7014
1671
5764
11255
3686
5654
6143
9193
4133
4873
9915
9259
526
7437
8144
1868
11277
85
11701
10917
1468
2962
5782
4340
3304
1837
9065
457
8275
8252
305
4494
8191
5769
3742
607
1677
11094
8739
11157
9769
2263
5576
4504
9173
3002
1894
8213
10290
8588
8478
2135
4835
3750
10093
11095
4316
7187
8514
5574
487
3069
10353
10925
2681
1037
1688
7387
6753
7584
2738
11704
5252
9087
11927
906
8031
10456
11254
2527
78
5668
8070
8492
5456
7435
8628
3986
8878
9488
8865
10015
2193
8386
5413
1625
11047
4748
8501
563
11236
3182
10555
707
10460
11020
6671
7832
2245
1087
7502
9076
3737
9236
2724
2474
2214
5735
4097
3266
3049
6453
6549
1323
3480
6348
4492
8150
8942
10060
10001
4441
7138
5234
3242
1987
8146
9567
7476
6478
9649
5940
427
4228
11300
5137
5282
8305
8226
174
3040
3243
11892
4512
1437
397
5174
3683
4909
6799
6703
11336
5477
2488
1280
9640
1575
6789
5943
674
6877
8071
3309
3352
809
3957
1462
10687
5097
1216
7643
5450
2703
4593
10812
4245
7837
10977
684
598
10557
11048
3220
1855
8660
2376
5062
1952
10136
4451
830
5853
11046
6920
443
633
8571
6849
2871
10704
9702
289
10055
6175
5266
9712
6280
4193
11710
10105
211
3010
3801
10437
9165
3531
8389
11716
7552
2676
7654
5007
692
6401
6556
1763
3132
9544
971
628
4925
3520
2548
8153
858
8131
10940
8774
10264
2787
2577
2114
4659
4882
7775
2855
4421
4440
3917
915
1872
1955
4606
7570
8589
757
9654
10386
2514
2184
800
10596
10871
1288
1900
1011
10238
3816
1296
9507
3796
2503
7299
7945
622
8578
5163
6264
8043
7919
8973
7652
4902
8695
11608
8546
3936
3155
7588
10827
798
6404
4847
10471
11225
8541
1046
6943
11512
2027
7746
10193
3777
909
10083
2271
1676
4906
6490
2212
6702
6105
506
2224
3204
11703
636
6921
11155
1588
1974
6596
11723
11866
5557
1130
11536
11730
11093
7708
8896
8195
4860
6025
8990
4420
3367
3769
1956
10828
7451
10393
10954
4764
1424
11008
4312
2105
9460
9497
9163
5874
1268
10389
8702
5881
2373
6013
5786
6719
6281
8017
4248
3751
8940
1666
5314
3481
6826
204
9144
5682
7639
11154
2279
11245
369
3694
4885
9680
10459
6098
5248
8279
8127
1329
5357
1725
2616
410
7208
7323
4397
2523
330
5572
5441
2903
10537
10006
4471
1470
3594
6742
6109
3911
6890
10603
5635
10513
3106
7986
5916
8911
3156
3698
3831
7276
8020
8427
6062
1802
10980
3532
4448
310
943
6640
177
55
5188
5921
11496
10114
8265
2157
939
9166
7857
5849
62
11057
8943
11879
2374
4057
4467
6932
11653
10780
9691
783
8576
8018
8439
4921
10342
8893
11747
228
522
11851
7622
8063
8263
9631
8349
562
3924
6288
10904
8132
3677
4430
7728
10820
4390
1249
1699
3050
9527
6669
4158
11210
6637
10994
11440
1177
8348
11195
2048
6626
3491
11820
5899
6614
7055
5325
2119
10698
8781
3428
1548
1421
9520
3320
7613
561
6083
5036
6782
9249
3918
995
8491
1041
6526
5847
2198
2793
3072
11153
3265
304
5485
11043
8271
4373
4932
10275
1569
59
1693
2734
11196
10137
10047
11127
7043
4891
5561
3270
8755
10781
2342
3246
4521
3944
862
5975
6262
470
1403
7255
4489
2567
8108
933
3997
6287
8038
3440
2735
7089
10884
10116
8507
7633
8925
4777
10487
6068
2820
8354
9412
10987
9339
6601
6895
4382
7767
76
711
10013
620
6393
6992
797
6258
2209
11520
8050
8503
4002
10176
10616
5501
3255
3669
3327
4518
9550
10415
7009
11258
5569
11676
11813
10293
3319
6489
5808
2012
11053
4129
2933
451
7604
9149
11660
3091
9586
5598
1825
8291
6130
9978
10412
7320
11781
4235
914
385
11269
9668
6597
4688
113
749
1294
8690
7012
7879
6695
4321
6079
1593
7933
5207
10953
8220
65
6629
9188
2025
1542
4874
7102
2190
9913
1681
1106
980
1926
6696
4608
6642
4121
7388
4632
7296
4999
10497
5278
1284
4061
691
2884
4780
10053
9232
9947
8532
229
10620
3646
8165
7690
5664
9634
10951
5667
9525
4304
10808
1691
11339
9063
716
7946
6241
2818
4439
7364
10394
1287
6414
747
4099
10179
1510
4353
1172
1230
10404
4243
3821
6726
10955
2695
9676
8342
4778
6964
10996
8703
3272
8218
4905
1744
5171
1281
7852
10923
6571
9663
1918
10838
9023
5045
9283
1215
10147
10556
4054
4944
6157
3059
11907
11106
2133
5257
2923
1270
10314
10175
5556
7178
10064
5225
1831
3032
8387
7393
2398
9393
6646
4766
6214
4220
9781
1789
11328
48
10246
403
342
7489
10032
5544
11694
9642
8075
3044
3931
3384
6203
1291
8380
9786
9518
9434
9942
11162
4182
4957
5526
7681
6424
1207
8260
1162
11814
1251
1964
1125
10606
7693
9208
3082
8045
7317
134
6506
6514
5130
8458
9430
11159
2926
6086
10117
10661
1958
7335
11411
5626
2759
1630
11708
2662
1876
6481
6950
681
1925
7169
4161
3530
11759
769
7204
1422
6476
8459
4399
2452
10186
3832
2618
11060
6133
11803
7076
9613
11324
5767
4831
8254
10111
4400
1740
4435
5897
3522
10046
7568
10363
7657
10414
9508
5710
4621
4850
4139
3436
7605
8084
500
9246
5551
10674
9894
4939
1363
8487
9732
3812
9660
10924
4711
5198
5686
8311
8352
6649
3527
6810
7114
9151
7564
2330
11529
6028
1919
1796
10751
9329
3477
4946
10166
6724
11360
5390
106
8059
4889
8294
6917
3621
8407
4081
11143
10983
3817
1747
111
1195
254
7504
10749
4171
4062
7290
2730
9657
1585
1364
2773
145
6569
3767
11420
4952
7267
801
10823
11605
2436
5798
11323
261
7985
10971
6683
5898
11922
896
1128
1774
6927
6605
186
10800
8111
1576
4452
10993
594
2109
1153
7843
10872
11443
2046
9547
10593
11652
6738
402
2041
10054
2701
317
192
3299
1225
4858
4491
10409
1358
4283
11787
854
10148
3145
3442
11900
11859
8964
6092
3549
11552
7294
3759
7834
6961
8692
7268
8808
4532
6663
9273
10883
8424
7351
72
2313
10720
6784
10690
8786
7533
11084
1426
7391
4426
10255
10337
6750
8834
926
5693
10986
5511
7807
2132
6067
2671
5468
9407
5151
5778
5073
9618
1035
2680
3854
1265
5382
7864
6268
9448
1707
8443
1449
1819
7145
8817
7115
3993
2594
10081
11220
52
9504
1606
8917
10712
7815
5173
11674
6993
7730
8682
10725
8910
232
7558
11595
3690
11197
10935
45
8016
4131
10516
5370
6231
273
9557
10715
9138
7113
808
7378
9192
2182
133
9436
3183
8097
7096
8815
2471
6590
8824
1885
6942
9806
9458
33
1295
6033
7802
6519
6855
11261
5053
1282
4482
4782
4050
7081
11925
8483
3810
5509
10969
3999
11636
10200
2515
3859
8972
8060
11654
7
163
6595
5951
9097
916
3865
10868
4270
8418
7976
2892
122
5012
6060
9456
3347
6386
4853
7326
151
6099
5543
3779
8281
5403
10445
3335
3034
745
9560
11658
8574
2354
505
9055
9509
2213
318
10664
4753
6413
6188
3948
2595
7963
640
2604
10877
3574
7380
10349
1591
8245
11587
11811
8960
10530
1751
8904
4006
11684
5236
10413
2587
7747
9852
8297
5127
1565
3165
6745
10008
4472
230
7621
786
2308
5429
10889
4120
11201
10016
4271
9352
10988
1137
9446
5035
101
2368
9670
6790
2985
6636
6523
4112
1045
7241
4118
11509
8434
8719
7127
8052
6197
3974
8481
10247
4354
7225
1361
4800
1544
8036
10281
6505
4088
5037
252
3137
4757
8308
6990
2060
7095
7231
5106
969
10328
6897
5258
5156
5616
9756
9291
8683
10801
2262
8935
2891
11546
6548
4710
539
5942
2794
10910
2880
6830
8372
10966
7829
11362
4012
4339
3932
1499
9118
3121
2697
1979
1807
9611
8042
7237
7279
2556
10220
3611
5537
2529
5310
6978
2532
2050
3871
5335
9532
6991
468
10684
11902
7772
2494
11472
10982
7185
3908
2712
11829
2192
708
9554
11644
1623
8105
2458
6994
268
1555
8611
1340
10347
8471
6656
10237
1596
8375
4762
1486
10811
11009
6633
2574
1336
11816
5172
6091
9365
9310
405
478
11192
9858
1030
5768
2443
6332
4055
4217
1978
11480
2536
6787
165
7924
3700
10551
8328
9888
6727
447
8724
2764
3048
10090
7691
36
6224
4105
3143
9069
7784
7579
6436
1173
9233
1444
3554
6651
6434
5723
6293
9991
11230
3357
4342
2265
9598
944
4415
2324
5238
1589
11593
8341
4186
1401
2952
10790
6213
10734
1411
198
6567
8674
5199
10815
1582
1209
11849
9012
6845
2076
7295
279
5911
9925
921
10943
7143
5189
11215
10692
7170
6965
354
10118
1705
4333
8482
568
11910
2899
7994
7790
8844
1007
10695
11930
741
11177
6760
10174
7863
8370
5472
8553
4392
11228
1754
10743
7800
170
7556
7122
9244
11828
2940
7375
3296
1602
3256
3595
5187
10472
2099
11532
272
1097
7701
4838
9500
137
5821
8595
9743
6652
3909
7544
9306
3827
2743
2710
4413
1051
7168
2576
10560
11836
11611
10364
7553
11289
9017
10339
8463
6495
9157
9197
4141
2510
5885
6338
9714
3631
2982
5558
6676
9237
7325
4293
1447
2573
6591
8866
180
7498
6677
2535
7430
7704
9736
5280
3519
6570
3061
3353
6949
1310
11516
9319
10360
10085
9717
4343
391
411
10141
1604
4506
4665
10289
5809
139
4603
5407
7617
2819
1038
6438
6327
8411
11621
7194
5284
4328
10332
8926
6479
1512
5043
5383
5185
2852
11059
4897
6983
2084
1272
3962
7275
773
9417
6713
5728
6933
5142
545
1198
2227
3862
8176
9227
6374
4821
66
11838
4053
11156
3942
1081
7822
6064
671
11376
5365
2256
9636
5749
9085
4346
1749
8559
9773
503
7781
8115
1073
5783
7134
2555
7126
6052
11780
10882
6604
2090
1439
7777
9218
10283
644
5200
3339
1109
10132
981
9597
5038
8502
2248
8715
1672
9945
2539
571
3099
9212
4496
4848
6976
10590
8282
10586
11853
3045
3523
1380
4254
6368
1416
3603
3373
6355
2006
482
3643
9966
10609
4464
4476
9426
1970
7355
10866
3505
11314
4479
9074
11751
1360
7073
11503
7814
3212
10130
6706
8336
8677
5743
9303
6396
3940
1695
4225
6899
3064
1907
281
5247
9867
4998
10719
2956
7878
2428
4822
4584
2976
1647
10741
8445
82
1071
6185
6905
227
7406
4292
4368
3780
11625
6517
2414
4844
4416
3829
11132
3504
11924
1357
2777
6797
4030
11846
118
5924
9405
7154
1640
2630
8374
6365
709
7030
5660
3300
2584
1827
3714
4393
5315
1552
2191
5665
1362
4840
5086
3811
6857
6215
2720
2152
5190
3058
11073
7357
293
7155
3699
5707
6228
8276
6111
8368
4401
10638
7336
10473
743
10101
643
8508
6183
722
9062
9274
2620
4023
2758
73
6094
2106
283
8285
5740
9406
903
8652
9926
9104
9833
1057
1451
1723
11022
11419
5704
8357
3277
11364
8849
6155
10778
3213
5439
7484
11017
238
7125
9759
10102
5957
4582
9517
2558
11117
5255
6935
6270
10346
9231
10862
9857
1331
4211
11460
6563
10134
7065
2019
5235
1305
3039
472
5816
8536
1229
344
8969
5503
8649
3903
6465
3996
4738
10708
10688
4823
1675
6235
11459
8151
10549
3172
4784
9536
2009
5031
3735
2990
2893
9709
11750
9849
6156
9778
2632
1484
11643
9028
392
4598
5608
286
6112
2932
8967
5747
3894
4570
10633
7526
7926
11404
2276
2385
9700
9308
6169
1379
7941
11732
2095
10585
4191
2900
2912
7258
4558
1609
7674
11574
4728
5694
8495
8663
8470
7427
1884
1080
2175
6881
3490
2422
4541
10624
10292
2180
7727
4739
2530
8931
9092
51
9483
10663
823
2005
9734
5117
7869
7651
1500
6773
6116
3598
6191
7950
7620
929
1353
110
3147
8002
5829
10653
3666
10635
10543
7166
10665
2440
7331
8489
10683
5054
965
2008
2252
7665
129
1701
9130
8840
1432
7088
6515
3654
5002
8215
10127
9727
5463
9890
570
1636
5919
9908
2455
4273
9531
9102
2524
2255
10796
3261
10080
6880
7459
10110
922
7534
3081
10855
7183
3835
1476
10934
1665
4605
1199
10770
8452
4166
9358
6507
1746
9300
9762
10856
5430
3888
10466
8648
2426
3786
2709
2757
3542
1375
11189
7619
11795
316
8061
8451
3075
3557
10788
6370
1570
2965
11589
9113
2804
9798
4018
2685
2879
2270
5239
419
4267
2169
11124
2915
5155
5129
2490
1861
7428
4284
10545
11484
1867
1248
10161
5631
10696
4101
9373
231
927
5298
7266
8650
9416
3599
10285
7429
2518
2234
5360
9172
9437
4352
6310
11463
5135
11338
10963
9312
1389
3717
11219
4879
4275
6126
7608
9148
7716
880
9054
11915
5615
2280
3902
11305
3130
11720
1487
4646
7935
7227
1629
1344
7492
1338
9693
5111
6621
3765
3529
2327
6001
2104
128
1441
4379
11452
3284
10059
5766
6729
11326
8637
11435
11594
6508
8770
5437
3960
356
9224
7982
5868
900
11295
6075
5859
3302
7191
2858
7236
7263
4366
6072
8261
7327
7448
11677
2264
10626
1175
1913
11252
9909
1614
3843
1502
5110
6560
2973
6728
3386
5484
5011
8469
527
706
8675
8613
8856
1008
1187
1429
3052
4078
2954
5606
3345
5993
2103
2445
7865
11361
2715
11657
4623
8472
549
6244
2560
10411
8051
6807
7641
2609
9132
5386
3681
5622
9658
10914
1981
7232
7710
4098
4590
11863
10930
8938
11424
8295
7173
761
1734
2117
9040
4183
358
10417
3174
9474
4102
9830
11831
9327
4299
5168
5406
432
1927
2215
2026
2261
262
6960
9878
8290
4252
6686
244
10483
7107
10432
866
8180
6135
1993
4127
931
1835
9435
3221
2029
10755
9331
8823
1085
1346
2378
3466
2071
8326
847
9851
9020
2487
10648
1954
9685
7962
2733
3060
9701
524
7722
8818
10619
1554
3550
5992
2444
3005
11218
11640
2220
10196
5391
9990
7360
7037
1503
6580
1612
7842
11385
2792
11180
11753
7446
8874
1386
11032
11790
9870
5860
299
1881
10913
1650
8930
7614
4258
7148
7036
6804
10592
2911
695
10548
3858
7214
6835
417
6256
11578
4644
4230
9372
11715
6356
5211
1566
285
4126
5846
9397
6449
10198
2054
9382
6166
1656
5372
8544
5226
4418
9813
87
3739
3969
5166
11168
10131
10693
4524
4508
10611
3935
9008
4658
6929
8082
11843
5989
10371
6956
6776
9770
10706
4071
9831
10330
11634
11823
6987
7563
3515
634
11453
1347
5729
7951
1367
1967
3660
1410
22
11291
9645
7174
6275
5877
8714
5065
5835
779
8744
2467
7184
10642
1277
4510
11786
9459
8085
10973
4237
11051
9202
1610
5164
11760
2761
11889
2781
3625
608
3833
5948
2960
3371
3928
10098
8853
4994
5702
10569
1241
115
3412
6809
10351
5428
7008
4772
6316
2416
9558
6815
4520
10112
10496
4634
9207
9617
10423
8737
5462
5850
7485
762
11380
1070
200
3303
10158
5585
5249
4338
10253
6009
2321
1532
3268
9109
4043
8432
3695
3013
6089
9
5381
9975
7580
10824
4175
3630
2592
3741
8800
5876
6337
11145
4530
1745
8222
4528
10762
7593
615
8244
8769
7658
1541
1851
2844
1036
3311
9238
4898
7244
2140
3573
1027
7110
9788
7418
4715
10219
5453
2601
9801
2359
6641
9506
1303
11340
5169
8706
10231
2089
8086
3609
5841
6535
10159
2062
10318
603
11645
1174
4747
3033
11741
6005
6619
10874
3582
4700
9486
1914
8353
4862
1791
3478
10492
3584
3433
10245
9239
991
5299
1621
11034
10844
11614
3068
1205
1848
2230
1474
9673
3764
11540
8344
5661
10210
7094
4638
7112
1889
5540
11911
5830
11812
10938
2129
6447
2829
5100
3688
4843
7991
512
9662
2123
2967
4531
10252
1938
1592
6733
7555
7799
9644
7249
5212
5583
1983
10767
5364
4051
7830
1142
4367
3745
1435
8971
4534
5771
2413
2889
4063
6187
5014
4793
7316
4500
3501
7137
1859
1708
3274
11176
3675
9103
6278
10241
3237
9445
7465
9120
1423
5871
10892
10677
8533
796
5818
4376
8609
9342
331
5878
5216
4585
3225
1016
3710
10888
1513
6966
7709
8019
6709
651
992
2554
8447
4552
6630
11280
9772
10746
11244
2110
11502
109
8361
4722
11231
10100
2469
7090
10121
9551
8255
6165
10449
9782
10522
1845
9499
9511
4115
3963
6353
1139
11260
4673
669
3209
11661
8365
8625
9277
11794
70
9607
7314
8417
3253
7868
4497
5040
2485
8875
9492
8765
7010
11762
11493
6096
7707
7131
6031
4253
10999
11161
6174
11629
2272
11100
9190
7792
8505
11119
7839
11842
11928
9254
4941
8810
9264
6783
10768
9325
10722
3914
5968
1887
3387
6512
485
2840
8561
1798
4967
10234
3711
2702
3074
9955
7753
7861
1670
8722
4806
9646
8658
5067
3627
3923
6073
2666
672
10
4077
9715
7954
3406
11442
5736
2476
7312
1472
25
11240
6873
6986
5548
4703
4015
6615
7808
11332
124
8790
9893
4411
5672
5907
7920
9064
3860
1377
3140
8622
10742
8251
7721
4812
10772
11449
2226
11313
10773
11216
9250
11523
309
9444
920
239
10455
9051
7850
5276
8490
10002
1717
9984
9467
9161
11431
10989
1414
10291
498
3090
6160
7303
4297
6388
7458
2032
4144
5203
3054
3459
3797
4787
595
5338
4796
3271
10078
386
256
9698
806
2108
3721
2435
582
372
8119
11151
8391
4424
1018
2162
1015
8479
2092
9005
2004
2611
4741
6919
2408
7218
7189
9643
6870
7358
1653
3733
5734
856
874
4587
8954
2619
7222
3838
10534
449
5587
1063
2394
1064
3152
102
5699
11839
6383
11316
1314
2636
7197
11597
7819
9432
5134
2250
4406
7932
10625
4511
3883
4687
11349
6634
2925
6452
8557
11333
312
5792
1558
5545
10435
2055
10444
844
2833
11321
11669
1458
6303
8819
4215
2722
10895
10779
1178
10589
1816
1155
8928
11470
4560
1645
3292
5126
10128
1526
4364
3792
9002
11637
5078
241
2438
1250
11408
2598
7583
3202
6955
6818
11387
5612
5857
8763
6912
7540
9119
39
4875
1607
5029
600
3836
1757
2063
2161
5593
4087
994
5123
346
4919
3509
2275
6219
988
2988
8806
6904
5936
213
10763
3097
4137
9914
5122
421
897
2285
7828
10126
6151
56
6311
5262
7634
10221
658
3146
11142
10376
9737
10475
9854
2972
1124
4834
10853
5987
6145
11481
4414
1005
332
2586
8141
2582
2659
2674
3757
8977
11335
6204
6358
21
11801
6872
2363
9206
5057
6329
5410
10894
5005
8742
3148
8134
5263
7760
4309
7499
2477
3753
5446
7804
4465
1378
5475
7439
10809
11646
2142
3709
8223
2238
5204
7846
9296
2841
9600
3591
1762
7411
1463
10203
249
593
4826
9739
1813
3240
9907
11806
4409
7250
6504
6625
8773
11818
8640
11007
721
5240
1880
4630
1415
3920
11740
8802
9439
4912
5317
8873
9150
5107
5851
365
4066
5146
6409
3533
11499
5411
2664
6469
6644
11042
9683
6859
1169
9790
7571
10450
9619
3462
9628
253
7896
10125
5214
3078
5687
251
2294
9570
9222
7175
6528
3328
4694
5479
3781
1351
2785
7105
9022
2233
3794
4918
9328
8456
5108
10262
4487
1242
11887
6555
5872
573
2706
9362
10305
9906
523
7567
886
1086
364
3341
7328
3848
974
3930
6050
5082
1530
7180
6234
2552
7201
2684
3596
7797
1694
1937
7394
10731
11243
4347
11490
11098
4298
3293
10798
9979
465
713
9672
7235
6245
3322
5244
4740
11193
11213
2073
5340
10817
2579
4691
1939
10591
11422
1549
2081
6266
3578
6422
9885
1201
2658
11477
520
9721
9472
2118
4313
5954
8521
8750
5722
6721
7903
2987
10795
10383
8720
9424
3689
375
4501
1214
8665
9315
6674
4846
3116
3662
3703
5802
7093
945
6794
6925
3190
670
1779
7631
3027
8403
10600
2534
8504
11432
147
2672
7996
2692
2038
2347
3791
1860
328
7602
3642
530
11662
10095
1453
11561
9305
9949
5848
15
1391
4348
5387
7226
7522
5261
5825
11272
4975
740
8749
3310
1934
2370
32
9425
1433
9455
2989
1300
14
10340
10845
8247
3738
1788
8283
6816
5603
3706
690
10893
3632
10276
11567
6384
6022
4978
6471
9182
1853
3770
8882
10916
7410
9058
2817
1017
5619
11583
5630
8450
431
3063
11768
6243
11498
9169
7124
4041
6444
7392
819
3227
3249
1083
10372
3885
7121
9522
7995
3173
1255
852
3456
1574
5666
10051
10902
3508
8475
8205
6785
5436
5295
7119
1339
10602
6342
3214
8592
2425
2571
822
4138
9748
8138
2760
3389
9655
11377
10785
3995
2219
9205
6708
10244
6930
11294
7750
9562
4107
8106
1753
8414
3939
7823
6691
4576
8641
4674
6196
8233
1543
10061
2415
4990
10109
288
4203
4350
5763
8246
650
8221
3580
4330
7836
11025
10756
10886
7350
725
2173
2637
1326
5607
9126
3381
2067
7529
8751
654
2456
393
9466
10217
5312
3622
727
5237
10804
2650
7339
5755
3169
6041
6173
2322
4332
3259
429
7870
11524
99
9046
11170
6433
4854
7381
2808
5320
8957
6756
8028
5620
4761
3994
10931
8902
4246
2727
7486
2077
817
1911
8851
5781
6938
7672
5840
3674
5738
10489
9476
5705
760
4490
3682
1886
10956
11146
1264
4877
5522
2253
2431
2244
6071
4995
610
3592
3663
8015
297
8778
1631
9159
6513
7402
3564
9671
10918
7901
2035
2860
7024
10962
10574
10975
7978
7598
10113
2861
1888
2420
5718
5016
1157
11601
11113
398
8307
9404
9775
8313
9928
905
6379
6395
11508
6416
2282
3855
9324
4145
2128
3205
10654
7196
6530
1396
2222
4345
1321
6294
8764
4017
9350
728
1101
7345
5917
10640
4025
2087
7789
2454
9569
10618
10119
11689
5610
7650
5227
10269
10909
9461
5444
6251
6261
6306
8531
5746
5128
11152
4965
1996
4152
11918
4114
1123
538
1304
6312
5789
4625
194
5265
10150
6232
2031
2122
10806
5643
8040
10066
2178
7238
11027
10039
3849
6796
7108
9489
679
5986
362
8545
7876
8961
3437
4499
9800
9540
11067
7304
4776
4019
6411
31
11609
2752
2836
4394
1289
6017
11133
2895
10072
325
5326
9371
4677
8440
4320
8895
2831
5873
7554
433
9820
5516
8804
3108
7182
4935
10331
7228
1436
2492
6230
9338
2396
3135
4573
10074
10830
2661
1759
5994
7195
9080
11535
655
6568
11271
9776
5271
11712
6573
2205
9761
4669
7403
4829
9541
8598
1196
5935
11632
3983
4657
9134
5595
9141
5121
7041
8527
7904
11775
5409
1520
138
8278
8542
9965
3267
2281
10396
751
6792
3692
2642
10326
4580
8327
9802
4868
7147
4135
8813
7354
8316
10050
8511
1203
2812
6363
840
10678
7229
4546
182
8373
4064
3359
11137
6928
831
3541
5414
11622
11268
8210
4805
6608
4325
3008
7311
6539
5055
3396
6164
2292
729
5060
2367
7992
3331
11727
5147
7475
9086
3120
3978
1132
8356
7239
8748
8905
9896
694
10427
9583
6470
3547
1817
3800
2166
9892
2344
5332
4833
569
1870
3258
4976
11840
4807
9639
3749
6473
5389
6647
7129
3949
3964
888
8829
7644
4773
6744
9578
11695
10451
4454
7519
10494
9245
8518
2489
7260
5886
4801
3640
6468
4250
5888
1298
6682
8970
2297
5904
1467
2690
865
1068
1147
3177
9137
3096
5927
10669
8629
5941
7069
2223
6867
9815
2484
7882
6477
4065
3693
11465
3438
1092
3159
8601
4730
10142
9556
1108
10563
263
121
1504
6887
409
1755
6553
1878
7020
5094
8620
11610
7794
9007
11819
3744
7056
4370
6405
10575
6717
10639
10532
1711
4502
703
11673
8238
1715
10320
8922
9647
1118
3543
3454
8568
5926
7841
2446
6827
1869
10321
8760
9228
1849
8301
6916
9746
2235
7626
10536
9053
1167
6443
4262
2447
10959
1104
3850
5991
4136
7785
6240
8991
6891
6800
1082
9457
2462
4636
5600
3503
10794
9036
4074
11469
3216
10612
8499
6435
572
2782
10461
3234
10048
3305
10154
5305
1667
7292
8999
11451
1824
3647
10235
8610
1365
7309
8055
4640
7471
9386
3893
2301
11671
8664
2838
7356
11491
5856
5521
5431
4651
10470
6492
11862
144
2315
1587
5880
9280
9777
1193
9379
9410
6037
10374
946
10990
2979
9111
7987
245
7062
8575
6360
5967
10553
2845
7242
5250
627
2418
8442
3513
4040
8423
8203
9185
8332
3840
6618
2311
6559
6685
10759
2316
4301
9899
5689
4016
4718
5046
3725
4717
183
1863
8009
7441
3210
5785
10144
7763
8995
6701
10941
9553
2705
5811
3134
7997
161
3534
9943
1359
10009
6451
8435
9653
1286
148
653
770
6989
4642
9050
1325
302
3795
8065
10070
1511
2775
6398
11687
11782
3344
7734
3018
890
1231
11861
3955
3512
6858
1309
8156
5922
11019
10034
2745
6896
2974
9217
1692
533
11770
1099
9755
11018
11833
9735
7965
953
5963
4529
9730
617
937
5215
4260
6202
4745
544
6574
9876
10373
4398
834
11663
5402
10769
8771
7347
11917
2930
4620
6996
9724
4449
275
5858
1482
8654
1061
9480
11163
7972
10647
6161
5021
5575
1986
11827
3250
6730
2439
1515
6716
11577
2945
2928
1019
1010
4505
11203
2610
2115
8114
11303
5120
6298
4809
11014
5565
120
11845
10571
1507
10583
2329
3867
827
5058
566
7719
7899
6578
4708
1233
4574
11026
7893
4374
6100
5539
7572
9419
8126
11573
6076
4851
6934
2158
3282
7466
8639
3038
7149
9377
2699
1146
7367
68
6998
7782
9438
6617
11600
3772
6914
9443
11475
8756
8556
9019
334
529
3719
5794
9077
347
7628
9091
1333
8243
6844
178
2644
4901
11709
9529
9866
3200
5229
6892
7223
5965
8234
7618
2707
1903
6210
1712
5141
5589
4887
4095
9757
255
6152
9808
9731
934
719
6659
4818
179
4049
970
6772
6242
8022
9879
3423
9787
11618
11438
9094
10660
5066
8975
10410
10403
5636
1408
2335
3276
10401
10974
495
11375
8626
9189
8803
306
2498
6199
2481
5334
4799
8430
5425
1902
159
3804
10139
8993
4535
9665
1218
4181
8946
6675
8437
2339
9042
11329
7838
3062
1598
6317
5614
11810
3823
8712
1697
7788
89
9764
1180
2403
3404
4783
2360
9902
6066
3586
3019
10422
10387
10605
673
265
10266
11351
1865
7603
8087
10063
4513
7422
8566
7758
6666
5417
2356
7723
4033
5245
3468
9152
9399
8627
1190
4285
1094
2449
2806
7342
11392
5490
1663
5674
11672
6249
5380
851
11181
3610
7770
149
869
9936
9635
5420
4890
2302
10476
8564
9258
3285
9260
8740
1059
6834
638
6134
4566
9596
6319
1469
8136
8293
623
7068
6222
5293
7764
3604
8420
8288
7116
11136
2432
10162
7739
5009
10937
2640
7939
1969
950
10122
2767
887
6814
10610
3239
6325
9392
5192
6843
9688
2461
7809
3511
4288
5679
10628
10699
10019
7111
9390
3139
9044
1648
7144
7420
8858
3413
868
8310
6577
2340
10595
4810
11606
829
7886
1232
6289
3841
9307
2568
9774
1170
10675
8187
5019
7247
3953
1477
4173
9431
197
10030
5995
1573
8729
5869
7117
10229
8759
6828
1584
2016
6048
3879
7573
5867
10652
8345
4029
8217
5819
6757
6851
2273
7541
7774
8795
4303
2770
3866
8616
1962
1854
11040
10057
7521
4981
10539
2780
11722
2516
586
7251
7953
7085
940
8985
4108
3085
1595
4706
4551
5581
5416
9454
2249
3886
18
6271
6307
9209
4387
10212
1237
7875
6255
7820
784
434
949
1390
4046
5628
10968
1395
9918
10160
10514
9627
2170
11426
4219
5347
11757
5730
7677
7023
11250
2375
10062
9539
10506
9582
710
10024
9146
7771
8198
5048
1984
10170
2723
9122
1879
2863
6854
6012
9441
5359
4770
9804
5307
1075
8547
9423
5224
10841
10358
3317
9344
1608
7416
9871
1628
10272
10485
5795
5696
8355
4645
10535
9880
8362
7912
666
8266
3687
9039
9450
7915
11367
1890
8419
6014
2217
9156
4224
2496
4661
10529
3113
489
8646
1778
11371
6217
2828
6138
5328
1141
10163
10752
7289
6065
5671
1818
718
201
19
7230
11004
1262
8825
9140
8225
9681
960
3648
8909
4305
236
7791
1186
2783
6562
6936
8949
4080
7616
11428
4404
11023
8684
3283
1959
3984
11312
8048
1239
8194
10566
7873
9884
2947
8130
9749
8847
3401
1418
3287
730
2694
2211
876
11425
4878
7757
2269
535
1840
4032
10777
8214
3495
518
2372
2407
7132
6743
10242
3616
11002
2905
4803
3639
6848
7610
6908
553
3408
7253
11755
5230
1782
6767
11251
10431
4907
3229
3252
1154
2698
1563
10007
6886
5422
3697
6572
604
9816
917
10750
11805
1319
11264
2675
9725
9728
11514
10278
9850
4920
4359
6182
8743
3544
5287
7743
1770
7092
4751
3887
1568
3079
5669
7400
1385
11607
10525
11898
9178
5741
3601
5827
10359
698
7424
541
10378
6698
5953
5739
7530
7715
3354
83
5662
6483
10852
2083
910
7642
9959
5131
8320
642
8192
6791
8716
9470
9823
9538
8133
2717
2728
9301
11050
5502
9740
6406
3559
9110
6461
8334
5150
1053
6115
103
9194
1830
5355
9738
2525
8526
832
1266
8227
5337
7696
511
2565
1148
7152
2585
3029
1402
8948
5721
6179
34
4229
7587
9139
10385
5813
7423
528
790
5955
10058
4789
3088
581
10579
2719
11171
9299
7265
6969
11150
7515
2411
11766
11513
2259
5527
5753
8081
7532
6884
11558
5604
6361
3348
348
10766
5779
964
8907
543
8183
3151
10211
8826
3806
8117
6120
7928
8118
5331
9674
3361
2593
9844
298
6428
1702
9952
2902
6529
10733
4607
10758
10191
5910
9341
11738
2546
6445
11365
6305
6623
167
5152
3337
3623
7811
10723
9385
3346
4106
7761
383
3783
1285
448
6979
5033
4992
1821
5797
4450
2553
11391
11706
5087
4184
3904
6852
9883
136
4977
11341
4070
274
10793
10108
5210
6494
3492
3424
11399
7460
11483
6697
7705
3288
4423
3880
8799
6497
10069
4588
3051
6741
8172
4830
4790
7977
1616
4779
8253
10726
1972
6055
7217
10875
10668
7434
9016
6593
2034
9321
11675
7684
5327
2897
4444
1739
8360
7487
11266
9294
11384
871
10857
2971
4005
10375
10408
6718
7917
7511
8745
590
4568
11430
5138
5571
7383
1400
9530
5629
6349
333
3007
10491
3496
1126
3889
6587
6077
5894
6286
1454
6046
1465
3269
7892
9797
11808
11856
8235
401
4324
9123
247
8367
7047
4720
574
335
4319
682
5202
7679
6888
7905
3579
5113
13
11413
10729
497
11237
9252
872
7221
4168
7479
4612
10052
6297
7401
6700
11550
1079
6314
677
9363
6221
5983
10839
8612
4075
8811
11207
6812
6141
9603
389
5205
6521
4695
9440
7961
8833
2531
1857
10430
10901
10301
4481
10671
5751
1764
5978
7835
5125
3238
2459
8854
4813
10073
8569
7514
9210
10786
2236
3066
9369
3435
11304
9891
10908
7007
9622
3891
6309
5329
5944
4371
1945
10960
828
223
962
10303
576
1652
9356
2433
8103
5095
8258
1271
11355
9620
6913
4201
11826
6472
3482
6863
2504
345
11626
5091
1997
4429
1883
733
6525
6951
5717
6335
9565
11473
9204
8708
2059
9829
11406
7971
8388
4308
2772
3167
7744
9559
9934
3851
764
4911
430
10433
1794
9826
1942
772
1528
9158
9609
1034
7029
1116
5999
4192
6751
6639
2750
1767
4212
4702
27
7308
10995
11242
11825
10010
9125
8497
975
5405
8718
5028
4675
456
2176
5233
5056
3208
4996
125
6265
4828
8635
11752
3015
1461
1159
2557
799
5624
11680
8110
1299
768
5890
5385
9864
1773
9267
11800
11731
7151
6341
6351
9595
6087
11096
2842
2186
5690
11108
9133
6442
9845
7000
9533
10721
9982
4477
8013
7934
5597
10138
6432
882
8886
8929
6823
4954
6832
8167
2254
6650
1514
7909
8068
8359
8522
10559
1028
668
2228
191
4384
11870
8717
10397
4601
6967
3724
6063
11204
3105
91
6668
7874
6004
10094
10020
5375
5520
10382
8056
8023
6107
6223
4058
6053
6326
4089
8496
3846
4153
153
3330
1317
2267
7412
2149
4856
7442
8224
10945
8678
10944
3289
10308
2627
6415
9794
6200
699
1534
2260
7732
3870
7506
9026
6176
2959
5703
675
126
8170
11670
649
3295
1501
6546
3465
7472
2944
5680
11630
9176
5530
1308
5884
11202
2721
6016
1246
4926
8366
7740
5469
7409
3878
4045
1488
4277
1875
2886
8736
3409
8776
3834
2369
9980
9720
6373
3540
5822
4559
2713
1223
8959
6381
11164
7084
4726
9449
8603
7680
7419
3929
5354
8128
11198
5285
6136
2779
6684
8413
319
168
3672
11779
4852
7927
5892
4375
439
8966
5133
1995
4176
1240
1858
5109
11592
3232
7104
3215
4637
5960
10091
6284
2078
11628
9561
700
2606
4056
6941
1768
4236
1352
4798
2800
5496
1724
2670
1012
839
6566
5368
5397
5246
11682
3224
812
6331
3003
3967
7936
6906
3825
2992
7916
2748
47
2740
7003
3461
7545
5765
5306
5319
968
5177
1531
7369
7635
9174
9297
7070
10279
8837
10309
4073
5330
6382
9588
6589
9288
1683
1478
5925
4664
11405
8933
1312
4460
2562
8166
6324
10149
957
11691
8003
878
2826
8548
676
11858
11627
10021
5339
2771
3575
656
7234
7969
5500
3809
2870
850
4922
5724
5277
8236
8464
546
9272
4244
467
911
4259
463
4199
10028
3822
4749
4647
4857
7648
8889
3017
8257
3778
6047
10898
6339
9340
6860
1646
7203
2542
5655
6771
2657
3380
9950
7726
1551
9191
3479
10604
8485
5256
4445
11337
6194
3129
8793
6712
9767
11919
5688
6611
4052
5242
7566
10512
1245
3910
10224
3432
6939
11209
592
9038
10519
10573
11655
6862
6418
11068
8175
350
5969
7150
9817
7190
4142
314
5081
5434
1381
774
3619
759
2931
6088
5292
7592
2846
11690
10702
6838
5656
1731
4609
4610
10367
3907
7776
635
5114
8656
3516
3701
3979
1479
7212
7589
5102
6257
5657
1419
599
3545
6035
9985
3429
2991
3518
4274
9006
3634
1090
9200
4550
680
7313
540
5118
7099
735
3828
10365
11013
2872
9106
9241
6034
7366
9317
6380
6688
4383
879
3447
10582
9780
4028
7538
10468
4247
7503
11436
7720
5750
3971
4377
243
8441
848
5084
3425
4600
3754
2332
8039
6085
686
2164
6898
1327
1999
11395
2286
5564
3374
7682
4594
2465
4455
9828
5291
7300
353
5790
10182
2801
9107
2167
7048
1669
1404
6144
9343
9964
10075
1337
2832
2502
4940
11016
10458
38
517
3124
3178
5394
8798
4785
8033
1062
10420
7845
11286
199
471
7780
11350
10361
4951
8318
1882
6181
7083
1127
9753
6486
1413
6819
2475
2328
5912
3576
5070
3025
7525
2196
4903
8570
10554
10737
9840
10088
8396
9920
9367
2714
5464
3441
8140
5318
1546
1143
9834
1259
4196
637
7630
9537
9983
7849
6263
3537
10562
5336
1808
6147
4031
7840
5346
1634
9334
11033
9491
6321
4614
11284
4542
10646
5552
3771
6212
8879
3668
4635
7035
10818
1456
5085
2442
11778
9251
6304
5049
10860
4242
3998
1192
9669
1898
11767
8634
5499
4732
7385
9886
208
7426
5345
5222
7493
3566
11147
8668
9932
10189
6806
1222
8346
152
9910
3385
2732
5757
2837
3723
8633
2883
6058
11872
11873
948
1561
3775
1944
8619
9196
10992
212
11586
7058
4709
3450
4989
8723
1777
7713
11174
11087
3499
2528
4103
7510
8830
9368
8044
5677
2569
2711
9049
2486
9997
9912
907
5542
6879
217
8845
7664
8558
4676
473
6300
2207
3356
3203
11458
10195
11358
8657
119
3608
6537
205
10861
11006
2854
9418
8884
10192
7702
2482
8835
8046
7193
3077
6850
9953
1965
7659
10099
10927
9696
3046
1760
998
4959
7246
5517
4596
7745
4110
5638
9024
1940
6123
1594
10067
6662
1804
2206
8676
11531
445
10810
2608
3000
3484
6502
8828
8937
5678
3263
6775
7914
5333
7699
7751
3470
311
11012
5580
8861
8109
5870
7516
5971
6158
2815
9976
7998
11798
3658
374
4498
1535
5698
1392
6496
3671
8021
4733
8147
11318
2953
9184
5895
8838
7908
11735
4972
3614
11707
6690
11076
3241
3641
1766
10915
2639
1703
7725
10033
8535
5582
5253
9485
172
7264
9903
6056
7649
10629
9625
10368
9047
7559
1727
5059
7667
1224
10561
5832
3448
4589
10416
8426
717
4069
10164
50
6466
5988
11581
3991
11038
2751
8270
4475
323
7389
7243
9275
3945
4326
9703
6462
3665
1642
8335
4463
5096
2021
7979
210
9515
1809
2789
11848
1140
5611
11500
7988
6841
3897
4904
6575
10728
9584
661
558
11799
3460
11342
10216
2336
8698
9946
11932
3469
4836
352
415
11824
9742
616
758
11482
9216
2718
756
10381
1844
4008
2859
1133
9214
7806
9580
193
1247
4213
5426
7425
4604
3024
10764
2896
1267
10153
3652
2603
2693
4437
9067
3788
5421
9633
11525
8193
1420
7456
6588
10667
4592
701
2795
5445
1657
3306
10630
10682
1847
5228
2942
8030
5136
9970
6345
4839
8852
8093
5541
1350
7017
9116
6586
5267
3628
8091
458
3349
6198
264
6322
11393
3308
9576
3758
6015
9171
1026
6454
7856
4125
3112
2520
6482
11270
8382
6410
225
4537
6439
7662
9587
7042
3973
69
4686
5273
4251
3400
11348
10194
6542
9931
936
5001
2984
2907
4514
10171
10443
8596
10140
10086
1538
3947
2239
8563
4233
3881
10169
9471
4405
771
10178
3727
5843
5647
11724
5024
9971
5022
7731
4763
1490
4004
7176
3231
705
3837
6774
2141
4622
11556
11639
6579
5104
8785
1654
2355
4554
5493
3787
1491
3712
8449
1077
3626
8615
8500
10227
1220
3980
6043
488
2545
5039
9591
11131
7848
11692
7557
2225
10952
7921
6431
11111
8143
7066
1387
7432
11462
8918
720
11239
2113
2181
9281
11489
8392
7480
2237
6995
3338
4172
4656
9678
7177
5977
10791
10294
9667
4683
5759
7872
4540
6902
3136
11855
1581
1179
10520
8101
8956
2747
647
7606
1527
11604
4130
9699
4953
8738
9904
6170
8292
4412
8900
9101
1741
7883
4290
2547
7461
11015
10500
79
7075
9433
3473
5533
11056
7087
6723
130
10488
8286
10979
5761
9494
877
8072
3031
785
7609
5103
10846
7172
10947
2310
9469
8011
5774
8572
8524
7079
11696
6781
8554
1022
11881
818
296
1498
11486
270
2746
9366
5369
10617
10870
479
11194
11551
3163
5515
28
7948
5981
10334
6734
10188
95
3922
775
5760
9968
4336
7762
5972
11894
3507
5206
2807
3333
2137
2101
436
867
5374
3452
979
8725
8448
6018
9862
9543
11188
6206
499
11739
2791
5645
7060
11331
8801
10265
11055
9765
4232
11526
9155
4317
74
2412
10049
584
9648
4866
3782
5432
7146
4758
8199
11311
2605
7911
7668
954
4888
9357
11522
5590
10103
11287
1257
1058
1506
3195
7931
10181
3713
4021
10507
11541
6737
9895
7453
4331
10546
5893
2668
6715
8868
892
5737
3489
10012
11702
7700
1307
9257
5349
7930
3747
3294
10084
6825
2797
5639
461
5243
11160
3937
9127
4876
4140
3325
6856
9314
7032
6747
3664
5931
9659
4094
5659
1110
7778
459
6220
3127
162
9718
381
6531
11488
9666
6694
7949
3377
3617
2809
1505
4146
9153
4256
10843
11028
10991
3188
7906
565
4128
11158
3975
10424
2500
6645
2024
1517
9320
7576
10486
7417
6051
396
1920
4306
7371
4453
7433
63
8762
9510
7645
6894
2641
4945
11847
9501
7100
237
294
2424
11860
11850
2688
3100
7002
11285
10837
9973
8997
978
11555
5393
11519
9792
10120
10932
2202
639
9875
140
6253
2337
3365
338
2564
5594
3555
11888
11615
8555
11134
492
2998
9229
7074
554
9282
9977
1626
2825
8685
9599
11149
7202
3009
9345
5144
3864
8460
7712
1758
11080
2917
280
1258
10662
10079
7198
5596
11374
1709
8915
4754
9981
5701
7653
9573
1290
2201
6
5367
4438
1098
989
407
652
795
6558
11697
2437
8932
2966
7322
10508
4698
8953
9464
4672
3087
4671
11104
7964
8381
6106
1982
925
221
11205
9073
240
6557
4556
7120
486
5433
9795
9261
3042
4618
8767
7524
7768
8775
6984
9180
9333
6561
1680
9911
7454
1200
5051
90
4595
641
3607
4113
11418
3314
11234
10636
6957
10405
1349
7518
2401
5588
4678
4837
11865
4743
7064
6679
5467
4527
2351
11456
4931
6710
9967
2521
3539
8523
8978
8733
1633
9009
11229
4503
7025
4060
4039
5316
7473
9045
4742
7206
7877
2963
1704
8694
6455
11327
8920
11665
8057
3618
2014
0
1384
5213
9917
77
10789
6764
7891
10651
7269
8662
763
8339
23
10912
11642
8034
5844
8688
4356
7833
8898
7766
10465
5487
404
8486
4147
8821
5939
9629
11088
10564
1485
9900
4756
9711
11334
2596
11281
7940
990
1649
766
4924
6248
2625
11834
1989
1930
9564
3418
9919
370
7103
7561
7910
1417
8846
9789
7046
8302
10306
986
4611
11754
5466
11566
4689
4268
5974
2156
2583
9705
5003
9624
6110
4775
67
6475
7293
4422
833
6874
2978
10498
3228
3649
5153
4892
8277
7061
4295
1968
5032
7844
6761
1032
5358
7773
10854
10402
1922
5473
3824
4825
4428
1684
11822
11596
1601
5970
11224
5683
8173
7749
5726
8073
1897
1263
11580
7449
2862
6208
8121
9391
1152
9468
10157
10803
190
37
9220
8791
7444
3650
11249
7661
10623
3355
6480
3863
5290
11510
5180
6167
8436
7034
9121
7283
3028
321
8607
10261
7372
7470
8383
7735
7813
11718
4539
11031
3073
5861
8735
61
2468
3411
1060
10180
10043
11797
7254
11123
11570
8410
7097
4241
4302
7390
2766
11864
9409
5074
5451
8
2922
1841
9704
3659
4010
3414
8001
3535
9898
9827
1661
2241
7663
6499
9030
9013
11495
7045
8883
9835
6861
104
3875
11030
7796
2830
282
8965
7004
3569
8880
11737
2
2153
1103
2319
2682
3661
5979
6520
2652
4571
7018
1407
6159
8573
4997
7165
7161
9940
3992
3958
3157
7918
8174
80
5879
4185
9528
11784
7436
4315
7135
7569
4227
11616
3976
4239
171
10774
9335
2951
11052
9579
9096
4020
6003
3426
4960
5165
446
7975
2361
3094
2188
7240
2678
6599
11414
1547
606
11416
3004
3563
9877
10776
11003
1238
5195
4022
8528
2200
2333
1522
9164
11454
343
7123
1184
11557
3323
3318
11547
10657
1613
2318
10000
1957
7729
8651
7273
8587
4970
9861
959
8322
1826
11184
11874
1874
8704
9462
6903
5352
4159
10578
2589
10438
5531
10948
7695
2341
2561
8653
10355
3679
9601
4666
7562
10254
10316
10873
5201
10805
6805
1023
10341
11403
8466
5112
4197
1150
702
9526
8583
11069
4086
1947
5079
7787
1204
176
11464
7038
6419
5474
3528
11221
2946
5613
9078
3107
10077
9723
8465
9043
3760
9751
8171
5438
11725
1040
664
1714
8273
9381
4457
3938
9948
2957
4483
7601
2144
8906
11769
4433
11534
3645
1113
11262
591
53
7139
7049
10173
3170
8604
618
9575
11298
10259
2155
8200
5901
3410
9243
4124
9656
6008
8805
5090
7329
1643
7706
704
4616
5088
10282
1191
11165
2377
5418
4562
8506
9930
4991
10335
5159
4633
11308
8494
266
4750
9566
8350
9689
11105
4916
2522
4950
648
2430
625
11061
435
480
10515
4150
9428
10035
2386
3847
6252
3041
6778
7272
2080
5196
4327
5
6377
8446
10598
9992
2020
10816
8163
2177
88
3807
6484
10223
10025
7077
7346
3524
9061
8462
11553
2145
11679
5143
1820
2538
10897
6583
9521
5362
7884
8178
6612
2148
9136
4670
1803
6768
6511
3637
4884
3343
7481
2028
2298
1067
6657
395
9722
6999
1493
2389
8145
9162
8029
6354
11005
4178
10878
9048
2958
750
11869
6146
10920
5712
1523
361
5504
5398
10096
7199
794
10297
5812
4123
5272
8550
4365
9974
4982
9695
11624
10524
7733
1013
9070
8185
6474
11883
4155
5670
2288
2645
6777
609
469
5807
2441
10041
7368
789
7656
6318
875
11058
821
7724
11681
1316
3351
6689
1618
7210
4955
10263
6977
6543
5524
6446
8636
295
2802
1659
9266
40
3218
10392
6385
2615
8262
605
3417
556
7595
8894
2981
11121
2653
1571
10903
5673
8667
7984
5641
8287
8784
8584
382
767
4817
10155
6565
935
696
972
2139
2366
8927
9268
4791
4009
7278
10434
4509
1149
7925
5452
8498
1033
9592
5976
1078
2622
5584
662
4363
7011
4650
2612
846
6238
1194
9475
2125
2725
10467
2150
3222
9415
765
114
7937
11439
1904
8730
8565
2357
8390
11398
5193
930
1790
9632
2096
509
2677
10362
2405
9378
7398
2393
781
2541
216
3776
1994
4624
6551
9839
8747
663
1928
6218
5274
6375
10621
8416
3012
11744
3407
11916
7192
7050
9708
9453
8827
146
3260
11063
2834
1492
7054
441
5625
143
10419
6946
2955
7851
7282
5175
10248
4979
1442
9694
6915
2526
6038
6132
10631
3624
2346
384
4755
5379
9400
8783
2229
2479
1895
6172
1095
8797
885
11427
11307
6628
7714
11683
1540
7262
6944
11433
4523
3708
4816
7141
11297
2823
7133
11785
10388
3952
11693
2762
8992
913
11717
8644
5804
2464
7508
6871
3895
11485
8539
4900
6594
8474
2011
7297
9838
11347
9937
4177
7624
5465
9941
11792
7756
3590
9463
10891
5027
6376
6910
8152
10329
6350
723
4725
9035
6970
10819
4602
3597
17
11588
8395
11726
11044
9962
2811
5632
3593
1728
10703
1043
4697
2821
5297
4564
11461
9478
64
8064
8248
1632
11356
9348
7812
4164
5918
3123
3379
3125
1545
6748
11505
1797
7109
1562
9187
8453
7167
9451
10478
10926
4226
2753
10510
5550
7543
1236
8968
5286
9287
9713
7252
3142
893
2300
322
2053
202
1445
11115
2406
6283
6391
484
11129
11116
460
5727
6607
359
3966
6584
883
7599
9614
10984
508
11909
11530
9090
5093
5621
891
5194
3336
4734
1690
4169
8947
5788
8580
6831
7793
1732
5047
4786
5020
1000
8945
9650
3141
10295
2147
10380
8709
11379
7542
11233
2633
10026
4372
536
3392
8312
9395
10552
1306
3281
10165
11921
4983
10428
10760
3965
8477
2788
11446
4883
4059
7627
2964
9380
793
5124
884
8267
9361
11301
10936
7537
4214
455
2086
6180
4565
4289
1428
1074
10082
3761
4358
4795
5457
4886
10232
5186
6285
10447
3905
9606
2334
11487
1235
8139
6627
5567
5776
2154
7415
6545
9181
3111
1227
394
8944
1892
7590
10225
4569
2165
9230
7596
1394
1373
4119
4583
1055
2635
11357
9822
2051
4425
3193
8981
1795
10608
8099
4238
2094
11719
2617
689
11166
9859
2448
5663
9568
7817
5010
5160
4300
2098
8208
6364
2638
7803
2778
11876
3538
3217
3570
3262
5424
3395
5758
3872
7686
4917
6811
2511
357
10650
3463
11721
2739
3162
2003
7405
11114
3536
7637
8232
9750
8525
8280
8076
184
1655
9473
3098
1529
10950
2857
6739
894
6308
4572
3362
7156
5950
8581
5982
6953
7501
3324
3055
4895
8157
3565
10480
4660
10268
2216
550
11906
6500
7615
5559
7457
9147
7974
2543
3715
9832
5482
6704
10228
3740
5264
918
6788
1948
688
453
11212
859
12
8241
7334
6968
10964
7483
1217
10036
4545
1735
10572
2646
2121
2305
8707
6813
5817
9512
6973
8855
4369
11802
2039
11091
7318
4641
10379
7072
6952
4804
10230
10724
5627
4586
8239
3896
3076
7219
207
2179
5937
5553
10454
11383
7130
11933
450
5013
8696
5676
8597
1564
2278
5279
11199
10859
116
6430
5692
7742
11880
2353
6731
3702
2687
6359
4958
8137
6833
5568
3819
8582
7923
2949
1977
10747
11081
755
805
11062
845
10614
3633
5800
8863
6638
6803
5270
739
9179
6429
11467
8190
5875
2451
1924
9771
1025
11761
8457
11126
10258
8850
10802
5906
476
889
2729
8562
10540
6195
7970
7862
10469
1208
7413
5617
11247
9679
491
3844
7431
687
7277
8796
5570
11368
9865
7810
3956
7039
6032
11099
787
11844
9240
2726
7535
6602
1622
4100
7549
4442
2168
5139
4202
6260
9349
490
1639
4072
6632
9860
9935
10949
6084
10939
8304
5308
3095
5915
9256
4870
7983
2143
8987
8888
7188
5644
8162
10542
659
1619
2749
11035
1805
2581
952
1674
5080
3901
1812
5283
9253
10528
6054
5476
3691
4200
4493
1750
1341
5015
3803
10284
1689
8881
10775
5486
6425
11537
7379
11232
1873
10523
11000
9927
4132
10040
11633
10869
1111
8908
10336
3635
1971
7612
902
6883
8201
7404
6301
11841
3731
4938
2551
2194
6040
4322
1345
158
2647
3551
11288
11492
1243
11102
6333
2769
11290
8998
835
9408
10286
6900
5373
857
437
6665
837
1210
4386
11267
1842
4111
8986
7895
3297
2968
6344
2737
2307
2669
4930
2399
3766
8754
521
440
3730
8914
3301
2995
117
8484
11774
2996
10900
9167
11584
3485
4265
3030
4478
2159
4410
3839
4296
3403
9129
6059
10701
1806
836
10718
10124
3103
10226
11647
8406
3475
1800
1718
6119
7348
1374
8343
8025
3498
3494
3774
6836
7395
2656
9791
8892
5323
8512
9001
2218
4156
3476
1814
11259
5351
10168
5371
9779
1560
3820
1810
1163
8515
5161
4765
2643
3705
3657
4663
7638
8179
9114
9785
3026
3500
5176
6456
560
2185
250
6343
35
9847
630
997
924
9924
11837
8982
8758
8268
8401
1579
8979
665
9768
11265
2210
1521
932
4266
3808
1915
4937
6400
6516
4458
977
29
11082
10213
8848
10014
4993
5824
5494
5489
6740
2683
2621
7373
1322
7407
5725
387
2882
6150
8681
6678
5448
10037
425
1014
4381
9988
368
10615
9716
5324
6392
5344
10745
9014
5716
6847
8181
11141
420
804
1165
4468
1031
9088
7666
2763
7647
3972
11743
224
510
127
4538
6829
11429
9697
8347
10271
4395
9690
6817
10352
8032
11711
4869
9490
3716
11412
5803
3884
2358
1115
11010
5231
10658
6154
3446
3368
2049
9316
6340
657
613
3620
3696
667
8686
3773
10143
10038
9819
7738
4617
1906
10965
5633
8398
8186
3248
7157
11891
7855
4408
3517
11868
3360
2309
2257
2776
3223
602
6732
5605
2533
462
1297
1244
5962
10565
10071
5946
10834
10867
3988
414
4234
7106
7205
2131
6448
6840
3873
928
9083
11319
1799
1054
4223
7956
11085
9278
4014
4011
5098
9309
7944
6576
5720
10185
1029
525
6692
4261
2935
9215
8877
8814
11585
10333
8100
6366
11623
9082
2655
5563
493
474
8538
5691
9523
9203
11771
1856
9726
2910
8299
1496
9115
8102
2097
1412
2450
6002
7033
8405
742
807
11563
3415
57
5275
6030
10738
6186
2348
8994
3856
1409
1998
10765
9969
11668
9577
10771
4988
9995
3941
4713
7179
629
3189
3553
9848
5891
4434
9402
4855
2171
8385
4942
7831
6798
3989
3732
5388
4832
3394
8666
6982
2023
11246
11913
7015
8534
7591
11497
5149
4719
1896
1425
4575
8952
11904
10477
6108
10123
1644
5883
3016
5837
7889
2326
8711
5519
8067
2404
987
11074
1577
11441
1775
2258
7016
4024
7821
1843
7286
7086
7646
5752
11796
9242
6937
3315
2864
5412
9758
4222
1638
3101
11736
11804
9574
6323
2948
5566
8160
8661
8049
6006
9796
791
10089
2578
3934
4195
5241
10076
515
4380
8831
8862
8421
10218
10567
9519
1129
5361
4643
3340
9783
7376
7885
2628
2495
1866
4469
4204
9951
4893
8728
4899
4446
9963
5772
8122
9961
4311
1261
2199
7847
1398
6140
1721
6336
7494
6441
1430
6552
947
10517
315
8721
1131
9353
552
824
10981
10958
8124
11501
7922
6247
7171
5384
1406
7118
1710
219
8397
10257
5828
4526
744
6397
11118
11054
3982
11745
11700
1719
6878
3279
6824
6822
11122
7795
3926
10222
10464
7274
11397
982
6554
4987
2299
9881
1801
1443
3192
5303
8921
1871
11130
1908
6007
9018
2890
864
10544
10649
6673
10694
6190
10784
746
2651
10511
11638
6808
8885
142
8269
5217
11528
4389
2197
2667
6011
442
7341
10250
2950
41
11089
2904
973
10287
5780
7741
6078
1737
580
8672
6128
9605
11103
8540
5796
579
5529
632
9572
7447
6427
6487
1048
3899
3164
7938
8428
6631
11548
1518
220
11603
3402
3487
9247
10831
2731
4082
11468
5023
8024
2708
3001
7053
3572
3397
7338
984
7769
4221
5933
6592
10457
44
9360
10705
5162
6945
5495
9837
11857
8816
5154
4083
1929
5077
8753
6758
3912
10740
2289
3419
8958
9630
5887
3375
6127
7305
10568
3194
10850
7585
11764
825
10928
813
11222
1687
3612
258
7057
10880
3181
11109
234
6367
9396
11931
4729
3422
782
736
10538
6532
6026
4337
8155
1771
6876
10343
9422
8537
7463
2231
10821
6911
2112
9784
2392
3158
11185
7245
10829
1372
339
11257
4712
1197
9186
8123
8617
1042
4148
7455
6450
5577
7006
4654
3743
10045
11179
340
1784
626
9359
1189
3927
11882
899
11788
7386
3455
10448
1901
614
10042
3472
7894
3390
9996
8197
3552
5799
5554
9571
6820
777
6211
11809
9863
6660
2466
10672
10907
4861
10848
10680
49
9954
1910
10634
4781
6237
10890
428
7578
6885
4189
5506
1494
10588
4334
10307
5455
4744
1100
2918
5538
11729
8300
11776
10666
3070
11773
185
4027
5949
8012
10313
7673
6069
5116
11306
173
112
1293
780
7577
8871
11400
11641
1376
5834
2943
215
3298
8007
1181
4407
4908
1431
9025
2345
214
1706
11227
7881
9269
2138
3704
2916
898
11211
4218
9745
10531
4956
11699
11455
1985
8780
6148
3128
6522
9465
6865
301
4269
11120
8549
4871
5034
222
10700
8142
6080
3138
724
1202
9401
3906
10946
11713
9889
5618
3606
8600
290
10961
11912
10681
9311
2691
2303
11353
242
8164
3583
7496
1356
6049
6518
3332
3785
11396
8250
9420
2894
10312
5745
7365
9821
7669
10757
11381
4613
11083
4149
10439
7687
6613
4913
1089
7957
426
3799
3196
9411
6192
5220
9213
1480
1635
754
4746
6687
11685
10887
9752
9108
2913
10710
10197
320
11648
1850
5602
8402
3186
11064
10832
4517
10317
811
5823
4291
4516
11078
7755
8014
5744
11389
3959
4495
11517
1388
10106
3278
9032
9874
2876
6020
8787
8095
10300
5536
9545
1105
1457
11292
11352
3154
5555
3981
9807
4436
7153
7028
7091
10978
6000
7082
4727
10813
567
3230
2160
11896
7671
2410
1891
2070
3561
2371
5715
3065
1342
4427
9593
1473
8794
7929
7981
1698
4865
7880
8079
1039
8842
11110
8041
8510
1980
4162
5442
11746
9542
10711
6124
2069
2877
3755
9403
3321
1943
2075
3011
1786
1823
3275
612
2423
5157
9323
7067
6274
10825
1973
46
9248
9394
2909
9318
11543
1559
5708
8074
6749
9302
4092
7958
3676
11378
3876
8400
7748
532
6610
547
4737
100
8974
9589
2036
1393
10643
596
4459
9616
2483
2382
5787
11527
9295
3021
8296
2867
3790
11317
11077
11533
10097
7586
8988
942
7675
3035
10676
2848
1931
6643
1318
2851
6426
2921
3925
5311
611
3892
9027
11549
2969
6498
2999
3946
4619
9493
156
3506
11835
2509
6842
2810
9354
10957
8585
2624
11789
1660
2901
1862
8069
841
1475
961
7531
2116
951
587
4084
3722
6378
645
9105
6882
2312
2290
5294
1726
2885
9336
11562
