3787
6232
4516
7090
11733
4881
408
5245
10938
2604
11275
5120
4782
254
9759
10768
11060
5183
10637
7318
7686
626
11061
3103
2480
3057
291
5696
8373
6361
5981
4156
6617
5517
8694
3768
2122
7204
6581
7004
3708
11199
10957
9855
137
3393
2082
6493
6854
10929
4467
3077
5320
1487
10547
8714
8456
3951
906
5635
3977
2249
6016
3484
11834
8791
5011
4218
11881
3247
2717
6790
4300
10270
1758
3206
4840
9848
5524
6906
5501
3379
3109
5506
1469
1570
5467
6250
9098
10772
9824
4994
2667
10655
5540
2979
1707
7529
10549
1328
979
7322
6316
8054
5210
761
2649
8038
10852
9890
3593
4480
6672
8380
2793
2411
11382
7289
7794
4901
11924
9385
1465
6706
578
8597
10612
2999
1392
3814
6657
4220
5624
5971
496
3854
8856
8684
517
4535
11553
1148
10405
6832
4473
4903
3467
6469
2194
4012
5249
936
3548
11731
4283
7965
10831
8666
4625
5607
1391
11348
8202
9847
9153
7249
4831
1670
9161
7624
3175
9227
6654
11400
6966
2708
5172
6152
5756
9341
8157
4643
4027
2664
9629
7682
7658
3506
3775
288
5034
10024
1355
4976
831
1728
2701
4143
7566
4172
11270
6618
9937
11867
3938
961
4298
766
6598
7481
8557
7515
6551
8539
4073
9103
6147
11886
9172
4791
7465
8848
8747
5012
9403
7011
4954
1829
3636
1451
8903
6172
6512
6399
8149
1641
10727
116
1745
7460
2539
9327
839
1019
9246
5653
8420
1894
8613
1068
3673
11104
2794
4696
11462
5398
1561
8701
7525
1729
10027
2309
4587
7552
3564
8425
5542
3745
5355
10554
1345
11762
6500
9743
6687
4708
11652
8123
8999
6827
4879
5636
8846
8567
7868
1154
1080
6930
9295
10761
11249
3046
7724
4988
5576
265
3213
2634
4979
1179
11651
686
2959
8634
259
3617
6428
10093
8347
4846
6125
5592
6546
11171
10279
6611
11424
1172
6952
10577
9495
1976
1398
8160
8598
11665
11872
5132
4056
7314
880
1998
191
3921
2971
8114
4701
7597
3106
5491
5487
9249
2041
1457
10009
10982
8741
10449
11820
4002
2357
3305
5711
8676
6445
2062
5142
8256
5694
6094
11908
9514
2148
10078
10052
3115
11892
901
10679
9605
3876
8948
10122
4169
10899
10143
2857
6975
4880
8902
4009
3650
11355
7149
4744
32
10821
10048
9976
6605
4655
2600
10507
9851
1870
7400
2286
6241
10019
553
3284
8004
4082
10803
1579
8240
9317
11686
4219
5845
970
10581
3935
1265
4413
6448
2125
7065
9959
715
9568
8914
9666
7331
3431
9129
5939
3220
3153
7456
2021
5509
5414
10623
8228
5461
775
3441
8750
638
10301
8459
1331
8702
8241
8572
4904
4397
7919
2569
893
6451
4039
497
1667
5453
3563
8173
5811
9067
6013
9814
9276
5123
5866
3201
11357
916
3904
3266
11534
11654
984
9405
2072
9297
185
7595
5241
1751
7487
9159
6253
5112
3297
6737
5750
7777
1549
5744
725
2843
2933
9268
1611
5025
7661
8744
7634
9761
10383
8910
11143
3006
10392
5381
1163
3759
11757
2273
10951
2133
11613
4640
6230
2200
5455
10808
10353
11525
4224
7166
6097
4957
10854
2180
7120
7155
9600
6249
5468
9434
9399
4384
5140
2614
1510
5842
1950
809
6494
3666
9446
606
10879
4100
5393
2674
5431
3872
689
8787
8313
3533
5733
4838
4080
93
11246
4077
10950
5657
6289
1079
7879
9918
1341
7718
1529
11764
2132
5874
4059
6574
1762
3637
4376
9538
9794
9912
9832
4084
6262
3045
177
10085
5473
669
814
3769
10592
2320
563
8529
11253
10432
3126
781
3815
3816
9718
829
4310
1506
4342
1576
9290
11207
5108
6799
11517
621
5155
3315
11919
1735
10065
9909
8288
7335
5670
4124
8433
11797
10670
6356
3092
11193
2435
4554
9626
11189
7433
3660
9635
2928
4658
8643
3632
934
1246
712
1616
1318
2576
3543
5310
2167
7988
9940
3813
7535
5984
3717
755
1562
9079
6389
9459
2722
6751
11602
8691
5911
3893
5773
8742
2129
4148
6148
8322
803
6655
10318
6158
2795
11274
4349
4113
5329
8400
2324
3435
1138
2647
3697
1719
6821
6917
123
3851
11634
1813
11018
6019
10704
7474
11108
8596
10212
3491
9054
5959
3611
6642
4282
9549
1178
8648
6030
1273
2115
6838
2977
3946
456
6236
6187
1983
10552
11095
3746
7553
1206
2028
3540
5900
4414
8212
7977
5059
11860
10252
8301
11296
470
9173
1782
8794
4020
1363
6671
10158
10559
9833
10102
1558
1140
8444
10292
7245
6138
11124
7698
8658
2584
9259
847
6052
9781
1963
7572
8190
10568
11770
7209
10341
673
9423
5312
11655
11673
8781
427
8139
2316
11926
5884
1636
1962
7534
6089
1192
5206
1413
4466
10611
6001
8496
246
894
1818
146
10811
5003
11544
8815
11203
6495
1792
1494
624
11786
4160
9251
3627
9216
1911
462
2909
7949
11888
4070
10788
10296
5770
3000
1190
9762
7492
2142
3735
5602
11391
2410
1015
9052
10928
8551
3031
1686
7558
2416
10719
10662
5284
3444
7105
10853
11650
5895
7261
11456
5830
3373
5035
888
3272
3449
10339
8027
4760
9638
8299
4946
7406
369
769
7544
2308
393
2330
1551
11785
11447
8832
11217
9081
1674
7623
495
6422
6552
8048
8318
9258
4266
1320
8782
7359
136
10792
3242
5861
10885
8840
5650
1276
6514
570
2318
4792
7054
4537
1337
1153
9020
6954
3515
4705
11141
7678
7304
1552
9221
5218
4038
5476
1239
8755
11069
5221
85
8346
7379
9921
8307
2229
11876
1052
10365
2189
4598
6608
8588
5362
2426
3186
2470
7833
10497
5204
2589
5948
4272
5551
4345
342
10680
9209
11808
2384
9047
11621
7693
7759
571
9624
2739
8033
4262
5507
5396
1122
3519
3738
1109
11463
9228
3124
10479
368
4825
10206
10975
5595
6218
6533
8272
11664
1425
4907
11096
1372
620
5951
902
4692
171
7944
1812
567
5018
5940
5154
4617
4278
10060
4434
785
1528
11899
10344
7038
2872
6098
3896
9087
9711
8312
6181
2099
3554
8104
737
7674
9710
7251
2931
3730
1645
5262
6145
9350
10283
5523
5459
7146
9772
2168
9606
4035
5904
1949
7398
837
1899
1752
5479
5854
5399
8917
11547
5259
3223
7836
2045
931
946
1419
7843
7764
2190
6770
1143
2966
2242
81
11591
16
7064
6971
8181
11351
1736
3776
8724
3688
7181
7957
7238
9349
11569
10389
126
6095
7855
3462
8636
917
1361
2996
7783
92
4773
8952
11887
4288
8383
8414
7420
104
4952
311
4332
7315
11083
9191
66
6183
1876
4910
4185
1208
4877
10527
2588
3202
7656
6464
9812
6522
11334
10563
6862
9821
7428
6049
11178
11615
1315
5897
9017
8
1259
793
757
11592
475
11817
993
6209
8958
1365
747
2998
4490
3509
1028
8283
912
590
1170
2744
7835
1144
9466
5277
9623
4267
4737
11753
2727
5070
4597
63
10442
5677
3289
9696
11247
9648
10922
3861
6769
6476
6726
11852
5683
2043
9645
11572
11904
1572
10878
4864
5867
7041
1282
5237
2393
3529
1423
1184
10089
2179
2581
233
1132
1311
7168
8000
2183
201
11342
9241
10088
8022
2726
2238
3744
9490
4386
9864
2040
4101
640
7998
805
6263
8336
4468
6146
7415
1371
7765
9602
5306
8126
4748
3251
7651
7295
7507
2518
7788
1716
1353
3559
2250
313
11131
3692
9445
10645
11407
7468
556
6185
8803
3440
520
2187
11380
7436
10426
11103
2706
7915
11198
1563
2893
129
2156
2089
5806
3485
8725
9175
2467
8566
10749
4245
7699
7688
7501
4241
3633
11863
8169
3199
9639
5242
1243
2766
3586
872
1909
6545
2967
7842
7199
11408
8790
11801
9650
8680
7193
1805
461
11205
5368
5150
4566
8163
2035
5282
6024
8867
3143
6875
1149
9993
841
8900
3726
2214
6675
6093
8286
8863
9348
1443
7937
2163
1512
1585
9485
8466
4265
3318
213
6086
10268
8696
10797
8521
5291
3902
8278
4065
10988
6998
4589
2772
9686
9870
674
1369
10858
6678
3598
11855
6042
696
5217
8877
390
5560
8086
9163
11160
8417
7243
6812
9105
10105
2119
5720
3028
5187
8983
7917
2625
11330
9021
3689
9315
10629
1203
8730
5669
172
1590
6018
8296
2283
6658
2241
10044
8257
5561
3922
5617
3014
7800
1304
6645
6850
6586
10447
2986
437
4461
10906
433
10730
7997
5295
11511
3042
4740
4652
3959
11514
3791
612
3678
6219
4418
2663
60
2526
5229
10924
11222
8898
9766
8229
10921
1407
10307
112
8427
2165
573
1696
7466
3903
1041
8770
4923
149
78
11341
703
3875
11513
7376
1994
7302
1466
1091
4911
8699
11610
6330
1101
9179
1964
7352
7118
6744
8891
560
11844
1772
7590
9192
8314
3366
7408
3799
237
972
9395
3737
6699
6817
4033
11890
1463
5313
6504
3074
1067
7431
4429
5372
8973
1039
1053
10128
6222
6082
6526
8979
10124
8238
11575
10430
9274
821
2572
3722
8215
3339
694
9416
489
11114
11470
6585
6449
13
5409
7828
2549
6235
8813
2523
1012
3676
1918
9932
11373
9948
3682
8130
234
8002
9573
1032
3040
10369
8300
347
3606
8449
11838
9447
760
6541
3232
2514
1302
4716
1556
10589
4662
5941
1857
8196
7707
4299
3840
9022
5254
1442
6683
9614
5109
11914
2632
2887
1521
4647
3856
10913
11851
8245
2496
6143
5466
492
867
11100
11180
1649
10920
1042
11204
5260
1638
9215
7714
2463
4983
4155
11092
10721
7981
6650
4578
1460
2534
10470
9578
2735
8035
8505
11729
5689
2756
11388
11824
40
5084
11879
7662
4788
7378
4488
3891
8897
3023
2924
11213
11395
5493
1022
4629
5875
5323
5877
10806
3073
6247
11727
5151
6934
529
3030
2429
11641
7844
774
1051
1796
1724
9519
8122
5474
2607
6518
3418
4380
11537
5256
1836
1582
6239
10168
3301
401
1253
10812
801
6652
1462
4697
2419
11225
7940
776
9419
8334
10181
2903
8335
10269
7799
6561
11526
4121
10576
11545
6864
7250
4136
9169
2594
8186
6688
5942
1597
5982
235
10094
11094
10720
5737
1942
5073
96
752
9144
8927
1229
2054
9647
6521
1377
11377
3374
2858
348
5892
3880
4426
4456
6794
4847
2304
10604
11345
1162
7223
6155
9555
6674
5989
11875
6543
10214
9853
252
5301
5820
3100
2953
7536
2111
9509
3343
6822
7284
4287
1637
6519
4969
10960
3561
1981
9863
10251
4091
3975
2537
5496
11365
2519
5344
2923
4335
647
325
11911
6761
11064
1999
7093
9571
3427
1096
3219
11154
6487
10366
7618
10287
2790
11159
4966
3378
675
11758
840
9961
8799
3777
3149
258
6424
7283
5230
1592
1533
10677
2948
11773
11512
8484
3887
2293
1774
535
7330
1189
1378
5118
67
4180
11267
6575
6377
1324
6298
9556
9271
480
8094
7164
8669
871
9032
10770
4422
4510
8858
8976
1090
11929
2268
8467
3588
2497
6676
7255
5269
4520
9004
11789
10476
7738
1390
7051
10503
3459
9883
7815
6925
8267
4514
11332
10083
7106
866
5296
7099
7876
322
431
5978
10420
9386
6982
5619
6014
4368
5664
7473
3774
9120
10700
6826
7007
7626
7071
2626
4355
11809
9730
8224
8908
5365
5686
524
1492
1632
8874
10155
8023
613
7579
7960
2768
6921
3764
391
4887
10535
6221
11017
6133
9232
5026
9701
5045
442
10705
1523
11807
8276
11110
11305
8445
441
10984
10502
8448
9713
5205
8600
3837
3157
4381
4542
3063
11740
5821
7239
7730
8784
4192
9888
7075
1047
5083
4526
9141
6212
4393
4560
5051
4636
10888
5643
8068
4609
6714
1352
2235
10183
10925
11452
5068
9758
8005
7905
7749
11449
1308
10709
4577
6515
2000
6312
1777
11662
9130
5470
4372
4428
3332
10688
274
6314
397
2079
11175
709
173
5353
7508
4964
3616
3210
7897
579
3498
3983
4202
224
9655
11323
5244
5446
1167
407
7574
5675
2871
7667
1573
8066
5526
3882
6692
5790
1856
8217
5888
10418
11522
8700
7087
7692
5457
9746
10448
2086
5504
11882
10638
3025
835
2282
7702
4289
1682
11787
7124
4168
667
11243
7213
8868
2478
1231
4751
6606
418
8480
10837
11402
10096
4069
4929
8953
860
2776
7112
9753
1014
637
7344
7198
6805
11045
5352
5885
5042
7351
1115
11777
410
11722
6259
5449
7971
9684
2256
1182
6851
3649
4635
11256
1133
406
11238
2636
5926
5834
2994
3068
4803
7020
7000
3412
5441
6075
9477
10931
1891
6507
9547
3537
2822
4394
3499
4095
8765
8508
7990
9425
9335
4225
8928
4430
4216
9963
5125
4453
799
7880
7728
2685
2970
2755
2169
7706
10588
11629
5239
7898
7756
7594
5343
10259
4575
382
1811
2264
11701
5009
3850
222
5933
4603
7476
7567
366
5425
2611
7631
4797
11321
1431
10487
7775
326
9024
4336
604
10567
9037
4509
7982
1160
830
10609
1610
4239
1438
1475
6011
997
8071
9222
1906
11055
10240
1166
6057
7191
4338
543
6190
7568
681
2816
1886
8563
1436
2216
7994
9007
2386
11099
873
4899
5516
1928
11674
5671
10391
3214
798
3868
3365
8586
6766
5556
3354
7405
1437
6993
6627
3165
9618
4726
3690
230
4684
5337
591
7421
3913
11093
1756
11567
3421
3895
7523
1483
8194
5454
1061
10417
10814
1848
1628
6051
3807
2370
5342
4324
11798
10245
2912
3906
5765
4889
1461
2566
3607
11465
5887
729
1695
7708
3758
2753
11316
10271
6413
3162
6910
2312
10955
8722
3596
3323
11233
8405
9235
6820
10264
4162
10939
4026
1598
310
5822
5519
8814
8275
6970
1057
2862
3821
9786
3831
9778
3483
3684
7077
1659
1338
2837
9301
1723
6570
3940
7684
2226
11384
7712
8125
3296
51
330
3662
6994
7278
11220
11916
1776
4703
4671
8514
639
174
9510
4044
5546
9200
422
6310
7890
6550
3090
5937
5066
363
1929
6613
7368
9069
56
3137
9564
2030
6412
7912
11693
127
3127
9653
10903
6394
2055
7882
133
1175
2715
4856
5860
9775
3547
3358
5483
10015
8757
202
6379
308
4824
364
11084
10661
4588
6643
8859
5309
4538
10560
2198
1865
2181
8468
4125
10693
9747
8493
353
6008
5920
7033
4309
7332
3245
2779
6273
2398
2838
8248
2353
10583
11282
9907
9742
2583
1635
8788
8304
3263
11812
11883
11745
10865
7107
4688
6371
3253
5563
8014
11057
4925
4565
4666
7498
8374
8242
4862
378
10134
8642
3794
6622
5723
2195
1860
8681
10334
3448
2068
4626
9562
2618
4465
724
8574
4305
8207
9525
4193
4087
869
2864
4133
10942
3911
8698
2508
9717
7642
5276
2770
7328
933
10267
11188
10095
10508
139
9357
2820
10491
10346
106
5553
9090
7703
11071
7060
11564
10003
1581
11647
11688
4421
4823
11755
4375
8488
2016
7336
6621
8515
5652
691
741
11328
8990
9042
7471
7234
6813
11684
5760
3012
1803
1497
3285
10522
9336
2413
6632
11446
6173
3155
717
11353
7438
8504
966
9572
8176
7851
6972
8239
5190
7715
4524
4047
5257
10253
10657
3762
4007
2531
1045
8105
1766
7037
939
3817
7935
2219
2383
5058
1974
467
2961
4470
4111
8200
11616
7397
5528
2616
8091
6508
10014
10325
6958
7548
5801
1479
4147
8339
5964
4646
2757
8540
1687
8182
57
6144
8393
2885
11280
3571
10696
7012
6078
5732
7603
2027
7027
5234
11586
8800
5098
2875
7563
5029
5691
3015
9665
3239
7690
2847
10787
723
8375
10408
4294
5716
11685
8426
2484
9715
3846
9637
989
9834
9254
11406
10851
2815
11287
3987
6287
1263
9633
9542
3734
8451
3482
10038
5863
4999
5247
4191
4176
5379
8218
1627
4798
1673
11900
6237
5010
2450
5879
7477
6502
3135
9363
11030
7900
8302
3080
4931
7591
1569
9156
6151
10736
8047
8442
3909
2420
4544
4152
969
3480
2577
10930
2522
7386
9862
5761
394
1459
7681
6757
10883
8766
6723
1858
10477
3107
474
4275
11327
8520
9308
1936
8440
6423
1486
4290
5527
10496
2784
3406
4623
4882
2629
203
7964
1500
11814
8394
2902
3914
8763
6002
10707
2208
4040
2143
3164
11891
4075
6048
9393
1747
10506
6224
5280
9876
2548
4304
4092
8773
8337
817
7108
10697
6942
1258
7226
5944
4610
1146
1775
3630
2570
5725
11304
1651
8710
21
5915
1863
8439
6261
9784
9205
9458
9027
9910
10451
11255
11221
9451
3849
2989
11396
5775
7751
6335
2164
2719
10686
10163
8881
3668
5261
7467
6483
577
8685
9587
1883
296
5958
3992
3382
5684
10046
4515
4574
6006
9488
1026
3675
11232
10614
11434
11912
4934
6963
3765
10952
10362
10510
3016
5478
7101
5341
3136
8619
2453
3631
6884
11711
8265
11191
1211
9970
8188
7045
10595
5163
9257
5995
3472
5804
952
9339
4291
5739
1931
11090
150
11413
4963
10625
1411
10580
8647
7976
9118
987
6765
2612
314
10123
11041
4852
11667
10475
7062
4183
7813
5819
1733
6300
11186
6524
3802
5533
3513
1678
1705
5784
7310
4140
2472
4896
10897
6979
565
6590
3947
5717
11603
7811
9369
8880
2468
9311
5930
4659
6825
1541
9324
1097
197
1978
9014
4939
5859
5747
8384
9345
3645
3328
1827
10985
2681
2237
2331
9507
2057
7220
8309
9497
1840
6578
11485
3076
8495
5211
7216
9355
11454
8266
7916
6535
10310
2811
10140
3231
6900
693
659
4129
3098
1424
10230
7162
9046
1896
4787
3835
3505
11792
11750
2714
4944
6142
7480
1958
6902
2709
7506
7163
6329
4938
5307
623
5779
1671
3196
7095
2944
8074
2690
7895
1477
8954
1295
7186
2092
4806
5411
3329
4261
5615
10777
1794
7
9574
10966
4594
11850
11027
4041
6718
6194
10178
9967
1393
5858
8361
4454
11358
10474
8650
10359
3294
10011
10933
8057
10802
3447
48
8950
9875
996
11006
8711
9438
9987
5171
10023
10505
9396
1699
4339
1689
11008
3706
1213
9677
8920
5096
1715
5092
6111
2335
5752
5270
2952
5565
7170
711
9068
10504
10192
3681
10330
3712
6588
2925
1683
3121
8064
4732
300
6028
5649
2147
7991
6491
1010
2661
10135
2209
7675
4995
11412
8443
4834
6949
4105
1806
11772
10980
1058
3168
4271
4464
2733
165
8271
2313
3900
10818
2063
10825
3826
978
8098
10748
10800
262
2747
10053
5303
5085
4370
920
595
7892
11356
6180
6901
7604
8913
2158
4895
10850
767
9517
4936
706
2461
9914
9071
8796
11530
6032
138
119
3756
9622
2896
4036
2018
6244
4702
4132
1965
6472
2075
1193
2743
4016
3997
9692
5419
3879
7589
10804
8223
2809
7343
9390
9053
4312
7860
189
4181
9443
3415
5872
7571
8252
7632
10991
1550
2969
10303
11164
1546
11606
8357
6516
8340
8431
1278
11044
5792
8602
10593
5127
6126
8595
6345
4361
367
2022
5007
3104
7165
4761
11800
2949
11260
6184
9321
6134
5072
11837
7026
4476
11818
4022
1902
6988
5729
5627
6488
1654
1388
9083
4644
10849
10649
2153
7258
10285
8638
3235
42
7907
2617
10561
7122
11258
9041
2352
7532
2501
3357
5799
10100
4545
2492
9553
10127
8925
3855
7804
3001
6409
5495
341
1084
3958
4961
64
742
6976
3486
855
4481
4190
10069
7968
9074
6909
4396
11230
2243
7329
9237
6733
4382
4206
10367
179
4753
9197
8562
6207
8325
7778
7979
2812
2745
1620
11718
4371
9145
1934
10131
9265
10743
2844
5005
3572
10603
8080
10972
4965
9947
4494
3078
2692
1125
3824
9374
9253
9099
1389
186
38
4714
8234
320
9982
9329
537
2751
795
3803
2542
8376
2225
6340
3766
1349
9277
8998
11398
3007
1347
10511
11184
8717
11216
8363
6857
11352
8606
10813
6814
909
1798
3363
2500
7958
2098
6215
2396
10039
9577
1892
6069
3754
9744
927
6784
11293
7355
8111
10974
1571
9203
11815
8428
3443
6682
5718
1467
5382
3800
8214
960
11105
263
4871
8839
7367
11271
3008
5471
7228
1489
11719
6659
7264
2464
9700
6951
2911
2987
10286
4539
5004
8060
9789
9106
5724
5518
4712
3139
10639
6150
2078
4495
8396
162
6743
3954
8760
3512
10207
11448
10299
3709
10838
2590
8945
2950
4205
3716
6306
5715
9486
10877
9450
5769
636
6434
3037
8076
11524
2100
8158
8809
6705
3576
11816
204
4343
55
6983
1614
9343
6453
4779
1825
10018
5581
1130
8678
7999
4477
4142
2246
4612
3594
10231
6716
4921
3476
1725
2192
11766
2660
5838
3677
331
4759
1780
7188
7066
10062
11211
5273
9389
1300
792
2427
2120
8892
7683
9516
3392
4947
851
9415
5275
5992
10246
5679
9690
11431
8541
7300
8624
11709
4317
175
9444
536
7716
5977
554
9378
11692
1219
345
11086
4478
9133
5252
10601
1690
4093
2773
6836
7327
6443
8028
5064
2926
5864
11401
3686
9437
1846
5614
1800
5194
9111
5069
10256
6691
1059
965
930
2091
9923
3920
6870
6245
5751
10944
3320
8403
3193
6634
6567
10016
784
6315
5145
9433
6280
3969
1957
5903
8204
2511
11790
4409
5469
2489
1227
2557
9915
1972
10350
8185
7609
11694
7528
5934
4766
7230
6713
9669
9838
3108
9160
5287
5115
9340
2718
6129
3187
7704
3884
5076
8244
2839
2781
2093
4717
9318
9749
990
6758
6747
7100
11179
1409
826
5993
2325
5225
6277
3492
10963
7592
3501
707
3557
9282
11884
3182
10774
4863
5697
10518
6304
7995
2432
2613
4390
3834
2058
6091
4407
3038
9478
9777
3798
10098
9273
4401
4794
957
10469
2684
824
8587
11771
2218
9213
5700
10446
9016
6517
1447
7560
1030
10067
6119
11861
90
10091
3317
9112
10433
7286
10650
1287
2603
1011
11565
3748
28
9019
3811
7709
5612
11858
3061
11768
3224
5881
6085
9181
3405
6844
2849
1669
1272
7491
5952
4743
502
2387
1938
304
4754
1915
10416
9493
9986
11493
9424
10076
1123
8838
7733
5422
4164
5906
8599
9063
10468
4967
7287
10874
973
11313
11707
80
9820
10173
1595
5248
11730
9757
8483
4805
5236
4347
3752
5837
10765
6920
9599
1173
7392
11833
2595
5514
6465
10901
11309
9011
11417
11642
3433
4459
6858
6579
8611
9352
2233
10794
6773
7180
5214
3857
281
6932
2288
8826
3399
6047
5938
6536
1358
9096
890
6908
6644
8422
89
510
164
8353
9499
10845
11014
6985
9894
863
5114
3536
6710
1380
3094
3151
8707
5195
4670
1948
6081
11028
11324
423
1997
3822
2656
403
11516
9401
4440
4543
9342
9178
7382
10820
4859
1642
11013
5871
3687
4927
7452
10724
9400
7450
5433
2840
9048
17
11609
11702
4793
6492
10752
1969
3864
6797
9307
10218
4316
449
5712
11411
7453
1280
7967
4778
999
8769
9816
8808
1370
8749
9480
5803
4123
7178
6895
3442
1543
3237
3615
7899
10227
842
7732
5116
402
2920
1730
2659
180
1560
7735
1464
4479
4892
414
7582
10870
1920
3228
10872
6045
1177
10631
2182
7169
11506
7920
3683
1299
3478
4405
3582
9202
238
2088
9768
3878
7324
11608
6987
6160
5505
7630
11075
1323
6268
9689
735
4930
679
3403
908
10165
11546
9598
9452
8193
7953
9958
10328
3542
2696
5450
7612
5228
5
9990
260
2290
11210
8013
2255
3043
3464
4763
9828
3980
3761
3005
6702
6252
3170
7650
5111
9285
3335
3212
1131
7697
454
10509
664
5647
3894
9906
10880
6841
6366
8362
2211
852
2805
7564
7494
7272
3430
672
5783
8651
8895
1105
8919
11594
6789
8777
5392
10021
3659
68
4337
1975
8031
1852
5184
5817
8500
10189
10342
8246
8043
170
2112
11058
1444
8225
4505
7622
1605
11571
1078
10030
1967
8270
7485
6444
1024
11019
9925
1185
9377
8020
1112
4602
10762
3549
10204
10979
6694
2150
9842
11496
8530
5780
4385
5753
11004
3953
11372
11152
10767
9964
6427
3021
3608
3407
7021
3755
5826
7288
8525
9504
317
6593
4153
10103
11620
4569
8470
324
7173
6528
1176
10059
7866
10188
5480
4360
1446
9107
2374
448
7429
587
8106
8416
8499
9461
47
5317
7422
4307
10676
6141
9323
2562
3065
5049
6793
3261
4015
9151
778
11622
2289
10064
9859
1036
302
8025
8441
9338
4894
2372
6319
11371
4786
5028
10556
1757
758
1055
9588
8789
5771
2184
9408
4704
4860
2228
5808
4144
3159
2640
4784
8893
8922
1350
11119
9917
7048
1680
5302
6358
533
2879
6286
11761
7337
10691
11895
7527
483
11675
8745
877
8258
2136
2345
2947
1661
9659
10007
10956
2204
11242
6801
9045
7798
6100
7974
2334
2449
10941
8873
9734
10664
10598
1076
935
7641
9035
1841
6763
11589
7370
3336
6481
3150
6852
25
2008
4985
6996
8435
7113
2124
8350
2662
11015
334
6161
4487
2524
4731
5293
339
8069
9136
11623
6529
11034
5173
11706
6823
2465
7130
11138
3466
7932
5122
10157
8171
7863
2919
11173
1174
3784
6914
4858
5094
4284
9331
1374
9367
6548
772
9511
2652
3313
5131
11182
4822
1599
5350
10618
6073
97
7360
980
5998
5266
2884
61
10126
9091
7455
9406
607
7104
8056
8854
3648
959
5101
7726
10211
609
10160
8494
1066
10512
4827
2421
3809
2186
1656
6373
3215
8997
6711
10791
11829
9252
8117
4178
1871
5634
9286
250
564
9190
7031
7389
10553
5687
10946
7908
5946
381
8993
7252
5361
4366
1033
5143
10681
9651
1136
1207
5090
8292
10892
9220
8542
3781
11657
8571
7620
8492
5846
6795
9267
7598
3657
3172
4981
5192
10632
4263
10908
6787
2493
2188
6510
4103
6071
3209
1116
8469
161
8907
650
2291
2494
8578
5180
4392
1919
4756
4855
11617
1727
7110
6742
8527
2011
9211
8368
7005
4681
3101
11277
9003
9122
11746
10945
1433
4601
10706
6170
6553
10196
4357
2671
6106
6039
8720
4391
10336
1306
4857
3671
10092
11040
5550
8662
7160
6772
8968
11580
4723
3111
6999
5038
10544
5569
8617
3198
3468
3710
10717
3397
3035
786
1755
130
3036
2666
2741
9217
4242
10086
10022
10312
1713
10663
720
9809
6967
6689
9533
74
8896
2265
6596
10993
7292
10174
2767
2414
10370
6828
10516
8366
2585
1141
10869
771
2087
3496
1171
7014
464
1450
4151
8735
4313
11236
7581
3988
8131
11632
4669
7926
7888
178
8419
6390
5499
2863
2382
11240
2723
6200
4561
6317
10243
2976
10917
9333
10379
4866
6311
6961
2914
6473
4303
11784
1427
6203
2929
9398
7540
8088
11625
321
1542
7222
3071
5990
277
3929
1601
3539
11101
8579
9448
7924
11494
5447
2459
6746
9712
9409
3352
9584
6433
9198
5591
3420
6919
1049
10557
1676
10304
924
4389
9064
3522
1677
5620
11366
24
3569
2740
2991
7131
5880
3280
8544
1252
11022
8280
7361
6791
2691
3518
1003
5590
10828
1128
629
9965
7076
690
3432
2281
3205
8289
1397
5158
4138
10255
2734
2513
5489
9979
3642
8154
8754
10137
9469
9387
7972
10026
4402
4945
10758
147
8797
242
1292
7517
10970
2044
4841
4986
10229
7569
10912
3870
10108
5207
5136
11421
4264
8646
5358
5169
5916
8621
1809
6234
6010
10297
10186
4260
10172
8820
7873
9382
6941
1134
9804
2002
885
1872
6660
7864
5918
1248
7139
8319
11853
6780
6609
7449
11359
862
1893
6214
3088
7256
8641
7861
8748
9801
5305
1110
6497
3238
10905
1120
8326
11350
8984
11145
4801
6835
881
856
10424
6442
3203
4277
11347
8046
6279
11002
2206
9708
7614
11548
4387
1583
815
7464
9059
9278
7052
584
8397
2104
4764
1622
2830
1535
3424
3455
11393
2434
9114
2882
286
11612
7750
54
6202
6056
7821
9691
7801
9850
7767
6450
5177
10006
2096
4628
11397
4367
5332
2955
10042
6612
2787
6539
8737
9924
11716
10519
7102
9681
9590
7823
3546
1504
6257
6328
1589
3385
8513
3481
5128
9954
9695
8582
3592
5706
8811
5027
11519
8604
1907
9874
7840
8410
6973
7244
6486
9465
6760
4127
10785
2759
1330
2452
7556
4580
6665
10403
1077
968
10911
7114
2906
476
828
8220
1693
7870
525
5833
9732
3865
9826
8912
4656
3229
11563
5764
1646
8221
5749
4709
9586
1303
255
2245
7875
3395
6509
11826
4579
1050
4590
10842
10605
5608
10077
9750
11284
4286
1565
539
1606
3869
1720
7948
2394
7296
5639
11910
4691
2294
207
9243
9506
5462
5791
2591
5061
6928
1257
3479
4886
7451
10514
4013
4645
9233
3341
660
10684
6260
7470
508
7035
7010
8687
8938
7577
608
37
929
8537
5786
8560
11241
5772
3274
6037
9176
10754
11035
4573
5213
5439
2425
9953
2546
293
3243
7826
8564
7600
9275
117
9463
8833
346
10355
1971
10401
3052
1291
11311
1296
3160
9973
356
5883
1029
3597
3788
9498
8548
4950
7032
383
4068
10630
10989
4493
566
9676
1126
4139
8524
10659
6989
6968
155
11361
11598
1839
9891
4378
3321
10683
5943
9877
2507
9968
10465
307
9840
3322
3957
719
10484
3082
6995
11102
11878
8474
7022
7194
8629
603
954
11695
3942
6804
11756
6347
10151
6074
379
8260
9688
10012
7001
11760
1588
8137
5924
6834
4244
1630
7841
10994
2051
10410
1864
273
6220
114
3792
1113
4194
11504
3643
8133
5268
3927
11505
616
11128
3972
9155
3658
11510
10668
290
8584
6667
5062
5164
2665
721
11483
3091
8824
11301
6767
7017
5785
1217
10115
10145
10200
3145
11080
1261
4627
3456
7814
8655
10455
3283
9030
4377
1329
10050
2932
6211
4564
2710
11765
3048
11865
9670
911
3252
2321
10005
810
5579
8937
8142
1692
2064
8718
10760
211
10162
7311
9033
9671
5594
2070
8360
8423
4713
244
7240
11009
1183
1351
6216
11003
15
8045
4055
4993
6432
2332
3985
5485
8986
10627
897
6673
2107
11600
4431
9397
11433
4508
10198
1540
8686
11450
2362
6118
1145
1910
7334
7985
5324
2543
7259
5202
428
1767
3142
6112
5688
6872
5558
7933
5292
10539
29
6819
5719
6157
6022
9607
2160
9057
9412
818
3113
4201
7914
10996
9844
6225
8216
4661
7669
7628
1814
2806
8764
11302
9703
8175
438
4685
11748
10399
2752
10937
3679
789
2108
2279
8310
8249
4928
10074
1474
5912
4
7923
1709
9102
6869
4804
5429
5370
4634
7475
1769
148
1009
404
11453
11631
9683
8034
8601
10517
6572
1400
2865
2048
11896
2669
8516
4441
4924
9439
6264
1327
9124
3783
11503
3488
2135
7274
6099
6354
6
4425
8956
594
5246
10238
3583
10636
3349
3299
226
6067
9798
10428
6460
9038
8140
6647
6558
9483
8144
5041
11830
9316
731
2954
11170
10398
113
420
549
8454
6061
6131
8279
10610
11111
9126
10695
3011
11113
10832
2635
2258
950
981
5335
5824
1593
11923
6530
7773
6038
5481
2344
323
11294
8994
1072
10361
4913
11552
10382
4549
10471
479
8102
5693
98
5544
10087
6808
8136
9866
5235
8966
3222
6382
9189
1181
9381
10265
6341
7562
704
4226
7961
9503
3293
5196
3885
3641
299
190
1186
10538
1429
11374
6506
3154
8955
247
8569
4780
3141
8987
8024
7440
11200
7694
6076
7896
10822
5955
7938
7070
2502
887
8780
2299
5338
3371
4045
9526
4116
7538
6489
2621
7190
5852
9756
7546
6274
5795
7380
1401
779
3085
7423
4653
4203
1117
2777
5896
11362
8835
11700
2474
4293
8019
1534
4826
7721
10288
1574
8032
8015
2578
9260
10862
4571
10195
6285
9536
773
9760
1888
7159
3426
6417
4724
4247
1035
10784
5044
8124
7531
7418
2359
5847
11539
2296
4683
6122
9933
6026
6333
9055
2679
2897
10467
10080
8916
7696
2380
1946
4689
515
545
11741
6275
10647
9694
3555
695
8077
2172
6023
2065
6467
9281
1439
4599
10798
10575
236
7214
5970
468
8723
1778
2672
9432
1992
6179
8369
3944
8876
3295
9865
4687
9604
886
6629
1114
5646
6626
5862
5113
9731
9284
4749
9610
4649
2650
753
3342
5189
2323
11142
6297
8640
4867
386
8477
5308
7482
6278
8408
10101
2657
635
5336
7058
10387
5102
5701
5793
3075
2446
7383
5278
3387
3355
9668
5983
4733
10667
8041
2587
819
4296
8677
8759
7202
879
10273
1881
7183
9829
7865
7680
41
10079
8768
6386
3981
9729
2475
5818
4868
2277
2687
5853
5568
9043
7217
9187
2786
4301
5050
8191
1018
9140
1275
8971
1634
850
10713
10412
8116
3796
8568
4135
70
8632
8837
6980
825
5054
5841
2883
8315
5079
5160
9898
388
11116
3409
5179
8729
11495
1615
734
5078
6690
11805
2532
2083
958
8943
7884
10669
11578
9984
528
11276
6242
7585
8230
9248
10533
3525
11149
11791
11645
883
9392
3779
88
349
396
1663
1334
6960
588
387
6771
8558
1468
8936
6636
270
6816
5876
3743
11148
5371
6063
1966
5200
11147
134
1416
2130
10104
8305
3956
5482
6669
8970
4893
10480
376
2512
10327
6876
11235
3897
228
9376
907
2451
9662
10529
6594
11590
7921
11231
4204
9945
1062
8251
2339
10309
812
6633
10114
2310
6410
2724
11561
5126
6402
2024
10295
8547
10904
6102
1490
2437
1764
9332
8061
2417
9791
6564
5456
9365
498
11437
10615
1002
2341
8432
9613
11587
4942
5097
11078
3553
3711
5019
10919
9552
7089
7015
10546
7281
11492
4322
10205
2553
7018
6721
11310
6562
6641
4179
4424
4046
120
4531
7607
3208
4001
1808
10733
9044
11227
4541
4746
2350
6299
7962
8849
5424
3751
11907
7583
9006
11864
4919
3917
8798
11089
9036
5547
2071
2113
5702
1862
2116
5366
11866
8866
2729
4783
6418
11394
8317
7691
9654
3408
4996
680
6197
3169
8963
7434
919
5807
2651
10097
2964
4762
8437
4595
8620
3381
7837
2888
599
2846
3050
1094
11360
4017
1797
4611
7829
8526
10456
280
7927
6223
2580
2597
3185
8233
6272
8404
9138
4854
4331
7257
641
6752
5046
8535
8878
10759
6639
4956
6337
5829
3200
9693
10118
1783
7951
4141
5099
6703
10300
10182
8675
11822
11889
2210
7069
5106
8751
2498
95
4076
10444
2892
6893
8189
4953
2516
9765
7925
2782
11333
4415
4832
9698
925
7319
4870
5380
8901
5472
904
8387
3908
1218
2314
7454
5274
4004
6597
11346
5175
10169
8612
482
11381
4253
3892
11091
4365
2918
2221
3589
5346
7342
617
9154
10482
8093
5445
3270
8618
5886
5844
1885
10689
1310
10338
10524
10194
7237
1129
8616
6542
1859
6503
8667
6583
730
6878
9501
4295
688
10302
7306
8413
6616
1155
1496
562
1522
10000
10232
206
9056
5319
7129
11196
8235
4444
3654
4496
1313
4833
6950
5121
9995
3183
10109
3410
2025
9919
702
9462
8906
2541
3119
5603
7679
10764
5148
101
2351
3368
1081
10133
10263
9783
4675
5796
9709
9356
10333
2802
6323
264
5699
7111
9998
10590
4306
1773
7795
3254
5534
275
6198
6321
7717
11845
3624
2598
4182
11157
8226
5538
11264
1234
3471
10075
7444
8503
1484
4682
11540
4314
6905
6054
10337
4958
1034
4529
1901
2731
4729
4718
2103
5119
2670
7320
7573
3131
9802
6577
5488
10461
4736
7385
8087
3663
5161
1156
306
648
3277
1152
6623
9530
7326
6571
8213
10815
3490
9807
11174
7519
3097
4819
5585
7269
8614
9860
3312
10443
10142
4158
4757
8121
10422
6911
1441
5193
6083
9999
10579
1882
6128
1905
10674
10570
11601
3591
10483
6029
6807
4163
11509
11460
69
2628
471
9790
3931
7848
8341
1274
1225
10117
9900
5980
11281
658
4150
11177
1092
6113
945
3337
9523
4665
2173
1903
10419
8890
1309
11848
4341
1373
10241
6907
6229
3919
460
5263
4811
9199
3425
8119
2439
2395
4217
6415
7246
3729
3083
3595
284
10790
4960
10889
3089
7210
5925
3925
5444
5921
7426
5905
8899
6360
11012
6291
2471
3325
87
11226
6471
2528
1070
6774
4097
6267
6246
7229
3937
5033
5914
3096
951
2267
4585
5405
4003
530
7755
2506
7357
10995
6110
11269
9680
10763
5814
4351
8075
1799
11299
5882
6638
73
10161
8351
9773
7215
915
1502
6815
4096
7859
11804
11011
555
10887
5436
11187
3939
3026
5606
7236
1532
807
7128
1168
2266
6346
3990
9379
1241
2878
4489
3874
10543
11202
365
6651
8857
2458
2473
1281
5537
7701
1048
845
11920
5815
2913
6595
11435
9272
1617
5223
8471
2131
10112
5233
6121
10429
5738
3842
1399
1139
315
5969
4502
4620
5093
8338
9800
5726
7134
11813
3047
3699
1249
5451
10652
8452
132
3886
10780
9989
9849
1973
1704
2466
4197
10965
9905
4008
8555
858
9383
4006
4917
770
8263
11468
7150
645
6759
1269
8040
11176
8092
5928
1768
9109
3064
5929
7742
11118
4232
780
6456
4984
10187
4228
1647
8510
10329
11531
5623
7819
8834
10660
7542
2469
5349
2224
3114
3292
9854
8208
10861
6436
8921
10756
3723
7602
3246
39
9085
3331
6981
4869
10319
1917
3503
4639
1947
10829
5322
8103
6532
8168
1575
5672
10488
8209
2551
6592
6359
1037
4902
6698
2217
11461
6547
1631
8010
3304
10864
10373
2868
8944
4660
11153
5220
9457
2973
337
5586
6355
11429
1414
6748
3818
11415
10866
2444
1232
3291
9413
8728
11659
9305
9135
4028
9617
4977
5327
3070
11291
2705
10175
4618
7057
4795
1339
1979
6318
3191
8237
6764
11259
2222
9793
10949
3901
8644
764
759
7484
948
7270
3117
3434
2020
6755
2059
10473
11007
1288
2558
9294
5081
2602
3377
11427
8553
2101
3823
10734
5596
3146
6479
6292
9852
2848
11557
421
9128
7273
107
6420
4238
4914
167
10414
4935
10266
6041
2270
11581
10298
5440
3833
9805
2006
3520
10413
5146
7260
5734
1754
4949
8342
2322
8458
7790
1
3133
419
9702
11130
5503
8519
4061
4475
551
8222
9721
8120
6470
11162
1701
10290
10586
804
2698
343
3839
7009
8625
8683
1586
7092
8475
10766
7644
6055
10594
3367
9868
8029
10779
9230
1448
2329
5667
6563
11639
8291
3458
5086
2946
11778
2327
5849
6531
756
6027
2227
5389
2137
8924
329
4233
9922
11550
3189
219
10932
7402
2627
7298
3029
11363
1264
6829
6877
3866
3314
2408
4905
7666
9306
7299
4326
9481
4175
589
7135
3244
3705
4720
4815
1196
5087
7586
10990
10781
10801
8411
1804
8277
7627
5931
8330
426
865
1158
986
9630
10755
5162
6653
3674
9941
5776
4974
8011
5682
3051
548
2891
7133
11469
4915
11300
8862
1712
7425
1939
8402
9808
5521
2400
7401
225
3324
10191
9770
2573
10055
1945
7196
1357
7439
500
11010
2801
6544
282
4400
3020
4000
5973
4085
1657
2798
5265
10381
7637
6007
1940
10793
2870
10651
7346
8778
5311
4507
8415
8389
484
7184
9223
1418
7768
6363
5768
1060
11123
9292
4318
5492
8949
1157
7518
11715
2972
11521
6670
11165
1064
942
11558
1722
5513
1214
6458
2220
6238
10541
7655
8883
6783
3695
1835
5630
7469
10536
9978
8889
1711
1525
76
8463
11478
7369
11422
5698
3819
10692
3989
8692
1321
6559
654
7904
11228
11156
2377
7277
6635
1832
1824
3494
8565
6782
974
8372
3461
8708
494
10481
5893
9720
6731
8450
11781
194
6033
4933
11308
8379
3773
9745
2748
8931
1913
2821
3720
8884
1285
6679
435
11129
10940
9896
11001
7793
4884
3469
1731
4677
5412
11559
9186
4308
5426
6730
8482
1161
1844
2555
4032
1952
1104
5458
9884
5552
11708
2007
11467
2066
4406
10004
6115
4785
10900
11842
6663
10555
9427
6255
11583
1853
956
4469
3132
5037
2905
10040
7161
6162
3376
7225
5065
9474
11312
5100
2285
9738
9370
6439
6661
7242
3383
3653
11325
8073
5932
6336
7254
4165
7513
982
5574
9049
4210
3258
8847
7424
4922
4189
10666
4668
7901
2231
3841
19
3311
6777
6538
699
5415
7797
11689
5618
6984
6254
949
11379
3715
9494
11443
977
8059
7024
1495
5427
9097
5788
3156
6380
8709
10747
11529
7633
8165
10658
4079
6811
3936
2828
8518
9513
375
1788
4315
3233
3120
697
1930
8282
6046
5520
8929
7224
7059
8580
5417
12
9740
9755
6406
8385
3446
9889
10540
6729
3801
4563
11508
3747
2763
4455
9361
705
3099
7207
541
8693
4835
6003
2436
4408
7073
10910
7911
5572
11566
5549
11367
351
8785
10439
1266
3204
7774
11375
11414
2407
4690
5660
1408
11331
5685
11070
8065
8388
8538
6939
7043
7881
6883
7137
3836
8756
1547
11136
4745
5659
11126
5857
10531
8739
8081
9569
3034
10013
4498
2121
3138
1807
188
5271
6866
5705
2247
4330
800
1412
7648
5153
1499
3538
3241
5805
796
9661
1873
1255
9931
1740
9309
352
10571
8545
10591
4850
3545
4427
4447
110
5448
4972
11215
4327
1854
102
8017
11554
10153
3883
9449
8864
3950
1937
3963
8850
6991
1935
6383
10376
3163
5754
6017
6191
2409
7891
11604
7838
6762
4333
9996
9841
9026
6962
1452
9952
9620
4608
2831
4071
9621
3475
6040
11668
557
4037
9034
6352
374
6031
5188
4641
5827
2236
11595
11697
2177
4912
200
8887
4120
11523
1432
2675
7034
1456
8178
7522
10159
6447
9183
10675
4094
2276
5297
2423
11053
11237
11691
9962
9911
797
10495
6886
6607
10971
4727
9299
2442
11072
6947
9051
5330
3714
10228
5741
11637
4279
5919
10289
3570
11501
3664
1220
10844
8885
9944
10017
5219
2792
4439
10322
10210
9980
7232
4373
11599
6565
7189
2791
3725
3916
11776
6357
7347
490
1277
10315
10682
7676
1235
4395
10045
8556
10708
8736
9541
7497
9250
6258
544
2364
4270
1518
3240
4883
8118
77
11648
10715
8926
3396
5968
868
9471
3128
10051
568
2415
7989
10409
11687
7747
4781
11250
6395
9785
3696
3579
2397
6378
4606
9609
1421
8783
4975
10833
2406
10107
8381
836
10235
4248
1455
3316
4978
5290
7660
3353
11737
5216
3970
7500
7903
2560
9895
7509
5484
10250
6738
2624
2941
7803
8523
7171
5318
9563
8273
486
10732
6188
9162
538
2196
6695
6555
1228
4159
3413
1381
5137
4174
7613
11444
10569
11682
9949
9029
11420
447
2298
5294
7317
8306
5851
4616
3287
1385
5782
5865
10672
10830
9300
8947
9565
8345
5443
9658
10221
10898
4739
11573
3236
11224
11477
10726
5031
7576
7664
4031
2529
1761
7526
8939
3544
5030
9997
7685
10197
3123
2144
8961
3912
1085
7340
6034
7313
5075
2161
813
11556
3039
6959
309
6847
7307
5418
3527
7802
163
3847
9836
9596
4848
7132
1197
10525
5511
3225
6339
8957
6135
9539
1851
4250
7353
1837
10718
10607
2360
3269
2336
5198
1250
9195
5843
11743
11704
7172
2259
7954
253
1075
2013
11611
6256
5541
3445
187
8293
4506
4445
3058
11303
2509
11644
1294
11775
2754
11690
10896
8807
7812
2993
7770
7943
1046
11079
5043
6946
10119
10599
8050
7046
2263
1016
3345
8825
8210
1262
2804
8935
1005
8776
5745
6745
10687
6396
2615
2074
11898
7758
11098
3197
10710
6332
11106
7463
4024
8164
6923
3949
3772
1594
10836
11026
9675
3639
6865
6005
9902
4909
3250
2676
6511
3423
6527
6058
2326
8653
8888
9643
9823
4060
469
9473
9082
7414
1884
3941
10084
6080
1284
5566
3805
3523
10120
3820
7371
33
4547
649
9548
1367
7157
9078
3757
4722
6459
2527
3749
10600
8184
7776
5512
7016
10070
9229
1763
5022
10177
1815
10744
9184
8269
3004
11051
1471
7212
596
7909
4721
10826
1771
8664
11543
11074
3967
11410
3622
8457
7175
5377
6861
158
10881
2280
1107
9515
4215
8211
2682
2239
5386
7448
11050
10171
8170
10041
526
11819
2704
9353
1503
9593
9073
6021
9636
10977
4970
9780
6615
7850
5452
2517
6798
8805
7584
2166
3838
4971
3736
8096
6070
458
962
1941
7610
8522
4765
4809
9575
11597
4637
5016
513
7832
2428
2699
5401
8135
10585
4274
10113
3867
359
5642
5222
2485
8550
9903
5727
9897
9104
1538
2836
8072
8205
8264
2499
7649
1382
1223
3584
10493
11636
1102
7441
11338
3463
3619
7657
11584
1470
8472
5564
371
3760
6369
6943
2683
7941
11535
5535
7325
4622
2170
9468
2807
5722
2730
6009
944
1187
9062
811
1286
8115
27
1445
6868
3487
9214
5901
287
9625
531
4830
8668
10043
10873
6248
1662
684
11724
3510
2819
3436
3428
1402
4420
8392
8933
8101
2881
7262
4463
668
8727
7375
1607
10558
473
2965
8654
4083
1643
2834
2404
7496
561
3685
2732
6664
10566
11283
4752
6344
4352
540
3724
4499
5410
9158
1082
7208
8378
5763
11048
2504
8365
8053
11068
4449
2742
8008
124
2365
5665
8145
5434
10757
4600
2482
3451
9901
5589
9296
8576
5144
9615
8407
7391
5088
444
8930
5416
10771
11219
6974
1977
3217
11043
3691
6307
2689
10378
1254
11445
11273
9579
7810
2554
3226
6182
10458
2340
9077
552
598
10628
652
6353
8661
9642
8879
2867
332
2215
2825
11555
9255
3298
4916
108
7629
84
11197
7796
2988
6818
11122
8108
8090
9210
4836
4572
10313
6610
4177
11088
335
4458
7179
4280
2274
1376
5855
9592
3852
9857
3041
8391
1746
272
6177
3995
11158
2175
7862
7080
8828
10354
7554
11194
2975
7136
5963
6178
2067
947
10180
9983
1422
2149
4817
267
10132
169
355
3053
7652
3763
1396
385
11725
3829
748
380
2297
6171
4842
2367
2402
10711
3326
2307
2803
8844
4678
7516
10654
4072
3194
4230
10584
8412
1555
268
7117
6000
9557
10633
8992
11081
10907
7605
9218
4982
6501
1826
9741
2390
7341
922
1099
3308
782
11266
11059
11840
9955
8532
1335
10513
11752
2899
3303
7772
6174
214
5633
9916
7493
5174
891
1054
7308
9751
6926
7096
1691
446
2251
4128
10740
3634
3386
5662
4249
7537
14
1850
5673
7050
521
964
5629
10436
6873
10453
6922
5181
1536
519
728
1578
6640
7218
11874
834
3178
3853
4553
5917
8695
4281
5625
10386
7869
4878
6534
713
6092
9204
6753
5226
6549
6846
823
5232
4555
2487
3227
4146
5690
7201
2829
3590
10028
8633
10454
9075
4698
895
7918
8853
1734
9460
5637
662
11
248
7946
1251
5348
4891
7687
11854
7762
1205
7372
3934
10769
2908
3767
10352
9764
8243
10066
1802
11532
4354
3996
1548
5435
1889
11698
4872
10622
4562
678
9887
11167
11507
3541
6649
4086
3072
8227
1749
6325
10452
9628
7822
7511
7248
4536
7036
405
372
9827
2945
899
3140
646
8406
10947
2880
3134
5168
1150
2355
2639
5339
11831
5498
4546
2191
5961
7996
10778
1226
8830
3573
195
9023
4591
6367
9835
10106
11146
9150
5074
4063
6374
8201
4053
739
4398
7752
10281
8062
45
5002
1801
7973
10891
3334
9298
11653
4725
2127
9960
425
6446
4664
3991
569
10694
6308
9594
65
6149
1753
1476
2073
2254
963
2385
4119
6990
6408
9641
9644
5965
5599
1759
5936
504
8128
1348
9061
8673
6327
1653
11902
75
7970
10154
1283
7894
6403
9435
11254
7635
1608
10936
10239
1739
1188
10863
9846
1531
8511
7853
2155
10437
6700
4667
5762
1770
6294
4018
1191
4186
10035
4471
8882
5656
3979
5909
7195
4686
5600
7381
10445
2017
8343
4255
11928
6888
2568
4108
11767
11234
5432
9013
1221
8649
7365
5404
820
7042
5832
2817
6064
11918
5593
5950
2910
2056
11135
5082
7671
2818
1748
11155
5740
5039
8534
9663
8704
11577
8818
2832
4821
10280
7435
8465
11251
7472
10335
3698
8959
738
6775
9640
5490
4214
6282
10144
2271
8804
11660
9908
3905
11568
5359
5385
5157
11839
10958
2085
6948
9334
1199
1119
11677
3652
10464
7152
628
6419
6050
8109
9456
8855
8134
9719
9236
2826
3497
2958
1195
2333
2213
11933
9479
4320
9787
9152
220
11917
9487
8628
2711
4356
8382
9113
7028
8827
10738
9101
5428
3166
5908
8026
1428
4042
11873
11803
3079
1982
6154
7457
7887
10597
11747
3300
9391
1845
794
10164
8386
882
1394
1004
736
943
4348
2491
10282
3330
2894
3019
1238
9359
8055
9263
2702
9545
7872
9837
3780
5695
10372
7711
4102
5986
241
2095
8726
9858
8960
8203
7174
10293
3174
11810
2886
6168
10068
10393
1867
9171
3327
3018
2457
10331
298
8656
4350
6392
9529
10810
1787
10703
7266
10071
10876
11073
8180
11206
8870
2084
3812
806
2904
205
5692
546
5583
2930
10859
3907
11769
7575
10139
8344
9206
4951
7889
10351
2780
2278
11364
8395
4624
3024
2997
8156
11005
614
9226
4254
4799
5987
10375
687
10596
1785
9100
2935
2418
2363
11843
8829
2921
11436
1995
1198
1297
1567
10486
10395
11585
8148
10640
576
7857
3218
1698
10129
11663
6800
3264
3889
2599
4497
1855
6293
361
661
11828
716
11802
6525
5823
11024
932
3770
2917
5611
11721
6498
10340
8509
9066
9934
615
417
10072
5403
11859
4593
8172
8575
2575
5391
5545
3032
6842
8287
303
8462
2369
2483
2004
7827
465
11471
4188
6964
10521
3877
10671
5949
7615
7416
4432
9010
7725
9561
5316
10750
2861
9873
2248
2889
1013
4769
8424
7817
3110
6707
4292
5840
10848
9012
10415
11921
10406
4937
10962
9928
6165
2105
7502
632
7268
1943
8570
183
9956
2900
2476
3665
6677
2725
11885
3778
256
11488
5755
4404
7849
11607
4198
1147
1741
4484
4581
7339
10745
10125
11262
10345
2433
8141
3118
9095
4419
11703
10617
11528
5156
8082
5835
9417
991
5935
4657
10402
853
8974
6628
7323
5758
2201
2012
983
2039
5060
4513
1652
11669
9672
9992
8615
5742
10916
746
9822
7555
1951
4525
10116
11656
4796
3062
2302
9899
10347
7348
4828
7085
1242
7019
9188
5562
6740
3926
7886
6120
5979
2319
9238
5360
11796
10786
501
4559
3524
11574
8009
11336
9031
249
8332
151
10520
8476
10284
3003
3993
1960
1247
2151
10149
9360
8167
4052
9139
11016
8298
4023
5224
11619
1700
5889
1343
3372
11500
105
8573
2981
5394
2774
8460
3401
7407
2540
9131
6719
6441
6879
10731
7182
4088
3713
11605
11192
8909
593
7483
3290
9752
3881
4875
1953
373
4353
5713
6867
11473
10926
8430
1666
6885
2686
6614
6955
6720
4457
6233
5147
5868
8498
5766
2876
3460
3640
1244
10434
7109
9467
9185
926
11354
10565
1040
3081
8875
10324
3211
3943
7309
11349
481
3789
3962
7393
4106
5077
11927
1890
3670
9567
4613
10621
4630
4650
7611
2510
9001
11252
1823
763
4519
8274
6370
9310
8626
4700
6068
4211
20
1332
2907
128
7659
7580
743
7825
5539
10551
9927
6343
4122
9975
11036
6727
8801
2783
6301
11726
9942
2272
10360
1781
182
5375
10572
975
4344
592
7478
11780
7144
5789
4750
9810
6837
4959
754
1493
9157
861
5836
10641
9231
6123
2431
7942
5255
6296
11646
10179
11038
1118
1290
10130
5024
305
4948
11779
2538
11836
11144
9291
8531
3375
10485
9025
8012
6176
8841
3370
7200
439
9591
1038
18
6387
1508
6809
1650
2983
9180
6461
3871
11754
4771
8129
5354
11635
11459
7729
5374
10388
10882
1956
4200
10723
7419
11052
6175
152
1481
3994
3966
3474
3703
3771
4890
1071
3797
2749
9303
5197
8352
4695
6283
9168
9337
518
4839
8719
1658
9440
11067
2800
4897
5894
6101
5347
11783
11151
11378
2877
2232
5962
5104
6364
4054
11419
505
9455
8447
7705
6496
11821
6915
5923
141
3661
1000
5166
6192
2985
9146
5678
11705
3609
6863
3267
6107
4900
8871
8716
9988
297
586
6839
9570
7125
7744
4522
6853
8497
10217
2292
8253
8390
918
10349
4800
5999
4057
4145
4651
9418
8155
1609
4014
9430
71
1063
8083
1944
3279
11428
3389
2126
663
5053
4107
436
5584
9475
9351
184
1577
5707
1098
11742
2505
10969
8821
10209
3033
9328
1312
9871
9867
7934
11696
3581
23
4251
9058
9293
1201
2348
4358
8491
6505
2536
4433
3346
10193
1738
10835
7792
261
4557
2001
3502
11298
5243
3898
10582
2579
5654
5378
1405
5554
9796
72
5767
8199
4768
581
1025
11666
5610
3281
6739
5091
10020
714
8795
11244
9531
3360
2117
11823
3369
6393
6786
8975
6130
11369
11551
8037
2347
1924
7616
3575
8016
223
1849
5710
5728
10274
913
8543
8051
7086
10642
3473
2915
10492
8607
9411
9929
3022
4820
1342
2842
8603
2968
3256
1417
2503
2454
4460
8842
2638
6648
10224
7078
3635
8817
4166
4050
11322
9657
4021
3273
5548
8637
2171
3656
7049
9522
1639
1625
9240
2559
5621
9115
4462
3453
3742
8831
642
1621
4411
10276
7719
215
9000
1256
11340
11901
1732
6035
8067
7123
11527
4906
3558
8996
8915
4851
8697
11502
1591
7978
3417
9776
1554
2556
11518
7883
153
7185
685
4130
9362
1194
111
10099
7006
4596
9543
11430
1553
9518
1955
7338
2349
7867
4323
8512
11489
602
10501
4728
50
11683
2038
2934
7231
10384
2769
10008
8316
9512
9347
7643
5283
9885
6156
7354
9015
7559
10272
2014
10190
4614
11710
9856
1640
5628
2808
1684
434
271
1268
1880
10363
3260
7140
3986
1685
1305
384
1507
8099
10494
10441
1545
4170
1491
6404
2927
109
6898
2963
4126
11337
7885
6114
7192
3960
750
10202
10396
1434
11042
4638
9072
2978
3565
1137
7689
2633
8682
3055
2586
4511
8554
5626
10121
2488
10817
5613
6904
10001
9736
967
243
4229
5661
10244
10037
8354
5813
7984
301
10222
4078
1426
7276
5124
1959
10184
5430
7723
7593
8409
1515
994
5438
1580
1970
6717
3230
3804
3672
7126
10385
3171
9005
1056
10526
4273
8003
1395
9194
1387
8166
8261
3964
1559
11020
6560
10462
10242
5001
9534
4813
3391
11062
876
1869
2069
36
1703
1530
11134
2758
11404
10343
3319
5201
2561
7458
3728
3862
7047
9482
2942
6576
4379
11087
35
4450
4987
2746
7427
9535
1017
6696
7253
8259
683
5666
11893
4615
3054
4908
4672
5658
1912
7490
3173
4222
2995
9283
9667
2050
4340
3614
6103
5787
142
10959
10564
3978
10036
1379
6452
3500
6499
4943
10
9174
9165
8713
3
9201
6217
229
5494
4770
1987
10943
9089
6701
3531
733
2371
4592
4885
6405
3489
6662
6482
5107
1866
7521
698
1346
5258
718
5134
11562
11385
9612
846
8672
6090
1914
1008
1821
744
9108
6226
5655
3667
5215
11806
9039
7547
3741
10843
4362
3704
5645
2445
10472
3971
279
11387
9597
5420
10294
666
6478
2750
5105
1209
751
7781
903
2275
3195
3785
7663
6927
10714
6931
7074
1485
11466
6204
6840
8592
9302
10258
4329
827
10152
6890
7541
3514
9470
7412
6882
6520
2234
7503
1618
2134
3585
5994
1644
9520
2287
3221
6205
4920
31
5748
677
2610
6924
5557
749
10146
9560
1927
10964
6874
2655
1817
2003
9280
9920
3845
6266
6079
11759
6779
2620
8561
156
3380
2019
3933
7097
4777
1230
7197
11286
4403
1111
9182
808
9436
10562
2109
11297
11871
9429
312
2796
7653
11793
5397
8559
429
3707
3307
10425
9792
2827
9261
11209
550
1765
3184
10685
2456
5922
10404
118
9728
618
8042
6940
8517
10795
11699
4552
10498
5165
8946
7297
10998
7839
7761
9660
2644
6480
7373
1822
1664
6362
159
4364
415
4252
559
4049
1224
10185
5199
2550
4399
9496
3265
6704
7514
472
11314
8001
5000
512
5577
6848
2154
9699
10049
5531
6708
2301
4066
4363
440
10407
4074
5212
11223
62
4492
221
6965
10435
1688
1989
4503
10332
2252
8481
11618
5774
3450
4117
7980
8079
11117
1509
6977
7780
10377
5746
8852
7646
580
10574
4837
9779
4011
3999
3562
91
10827
4321
726
1830
8323
354
6824
2619
10029
2441
8198
4619
4257
4715
6281
3044
4534
8623
1568
9707
10816
11739
1779
8610
3207
11133
2
8679
9528
10712
787
2477
6582
4694
5848
7233
11738
10326
727
10823
9088
6269
5850
4208
350
11344
9861
9394
10249
6887
514
7206
6270
3181
5475
9697
8084
11484
9733
2061
34
4369
11579
7769
10397
4568
1089
328
1623
3580
8665
619
8370
9882
8183
11593
4679
8151
941
6856
1031
4849
7929
2606
10364
7902
3844
5856
4134
7786
5873
597
319
8786
2869
10358
740
4648
4774
7763
10948
11326
864
1791
8608
3873
9748
6059
9193
7053
2097
11320
1566
6913
7141
5530
910
1737
10807
1923
11841
2824
5363
9705
1916
5063
11307
10678
8767
9674
11121
7145
5913
631
7987
5570
9582
9782
11638
3470
5253
3782
7743
3924
4527
11717
2974
4223
7409
395
10247
670
7647
5638
9500
3910
1511
2778
10082
6295
2622
9373
4556
7279
2440
1786
2157
4758
9803
4865
1819
4474
6802
7766
8058
3306
657
6331
4990
4258
6860
6084
10323
8860
7221
10973
1904
10233
9008
1742
6196
5334
9771
11774
2123
9974
5299
8371
870
11630
5152
10320
3976
5957
11482
3918
10746
6189
7479
634
6334
11168
3356
10894
611
4417
10895
2361
6166
7364
2438
2159
11082
1513
6992
3059
8486
11208
10223
7241
5497
8179
8981
5159
7760
8985
8153
6324
1095
9878
338
11856
4676
2631
4410
2521
3612
10856
11440
10699
8941
10857
8865
5356
6557
3721
1842
9196
10427
11720
3511
10148
844
1675
8461
2223
6715
8546
2552
8421
2937
7856
6438
10063
1322
4586
10316
791
11140
11137
6750
6896
7211
9737
7396
2295
2788
10534
7727
3974
7443
9410
1604
8110
7488
8195
5267
2535
3952
2162
4334
9880
7939
8349
5279
523
8969
8147
4582
7753
2984
6398
3333
9266
7390
424
843
10002
2653
9767
411
8401
10440
5890
4570
3362
9375
2081
4807
5281
1454
3129
7878
7349
4517
11455
10741
9009
4319
6167
7741
2388
2980
2738
5095
2563
5047
9811
10167
478
768
7044
3623
11023
4814
700
266
10626
7079
4711
8972
9319
1697
9627
7394
10918
6153
6265
3144
600
5117
7640
10751
5413
1921
3718
9725
5640
11150
6599
10291
5580
10490
9939
7677
11285
6124
11624
7720
10394
9028
11931
3148
8206
1240
6463
7345
995
2373
8989
4235
7083
1820
8772
2205
7103
4962
2495
11163
2032
4730
3067
7963
4268
9086
2240
6589
4483
1795
1488
9521
10400
10799
2545
7625
7499
905
5567
1516
5040
572
11288
5891
2029
10054
6416
2031
9320
4632
1517
9938
11335
4118
11201
516
5605
2139
532
8753
7227
10262
5681
7910
3858
2712
10573
11085
3086
2199
8706
5972
10701
11392
3437
11846
8364
10840
2951
5988
8113
4325
6722
8734
6912
1202
7818
1706
8630
8671
1210
3599
802
7167
3282
5056
11849
722
3249
2596
11368
3610
4064
9935
11472
676
3587
5997
6485
3700
6468
10722
4808
2771
257
8589
3013
5036
8690
6087
6843
4790
9839
30
276
1074
52
2009
7808
2721
5587
1435
5798
6288
10987
5927
5272
9093
11847
3848
10203
10147
4137
5135
10073
3179
10620
1519
5304
377
8631
1784
11713
4521
7055
3948
7936
5442
6368
294
4048
3394
4212
7524
11661
2695
4019
2720
11405
122
2544
4621
8328
1237
1165
3528
11782
11263
4642
10978
11032
2424
3278
6484
10478
3177
2422
2047
9442
859
6956
6933
6065
9050
1544
2337
9818
2490
8552
9132
1816
82
10775
2010
7737
7399
7672
5407
9551
1007
416
11046
6313
9208
5369
2799
9886
11306
8303
5015
2338
5631
7956
2841
240
3578
7156
5408
8138
10532
6734
6303
9881
6401
2284
399
3167
5017
10025
9892
7820
4005
2203
1083
2525
198
11626
10927
2455
4311
8940
11763
3027
10380
6139
3255
8951
6554
11835
10542
6397
1714
10489
11570
2042
11588
6537
11676
4184
7410
7176
6880
5006
1537
2015
4346
585
488
9951
4755
1410
5907
9270
7779
1086
5130
3348
8485
2358
8822
10356
4530
7550
443
1069
11628
6889
3309
7495
8398
9631
3998
3414
6276
7545
2405
5956
682
7384
9524
4043
7363
3550
11432
7791
3056
10923
11582
4237
4604
9207
7187
3888
2678
9454
1498
2956
7824
6429
884
4234
10886
3095
2860
4089
3259
9125
3646
2140
11065
8904
135
4853
3786
10867
5651
8348
3364
1384
6601
9170
3288
1326
9330
6365
5604
11339
4482
11712
10305
6193
292
8438
1993
7461
10789
10824
8039
2060
11037
11751
6855
10915
8905
4812
3618
3452
3504
1100
7403
10254
3105
10868
2090
1336
7636
5825
5141
5991
1718
3955
10248
11239
10981
9060
2401
1340
4540
11862
2023
10716
487
5680
8761
2547
1245
49
622
10499
8311
5289
10528
5616
1847
7056
8622
9527
2593
11047
6830
11560
8894
2300
1482
11441
10047
11549
5067
5759
10500
6466
5878
11107
9763
2399
9123
9279
6227
3577
1317
457
6210
8549
8446
6305
3188
3286
10136
1655
6117
6163
10537
2533
6407
10226
8359
2343
5543
5357
4680
6693
9537
3017
10208
4196
8187
11491
6736
6228
2567
1744
6600
7922
5812
9913
4674
547
7739
6978
9070
6437
5735
6060
6430
8918
7267
9806
10884
9815
2852
5953
3965
9453
4631
8962
10983
9795
7606
3400
3930
790
10166
2982
5286
5870
9716
11409
10010
11386
9735
5089
3507
9985
10423
2565
5622
7127
6712
11190
2176
4010
7713
4735
1596
5898
1403
1293
8501
6342
1694
7430
2658
11536
466
7700
1868
8581
2146
11054
2207
5167
9825
1648
8982
7601
8358
8775
2761
11278
5529
4706
4719
1027
10550
1375
10934
3093
8819
6096
1480
6680
11031
2642
5185
11735
5708
6604
432
3860
10111
8464
5510
6455
9244
4810
9380
6725
1023
7731
1898
9313
5575
7081
11257
527
11076
7805
8594
4605
9583
9312
5609
11025
7992
11183
9879
4256
5395
2962
9326
9943
10261
1584
9288
11261
1415
1473
9431
7148
340
1721
522
10056
1672
3638
4187
5730
8932
11909
1267
2901
8070
5437
3973
7955
9018
8192
10737
7539
86
7395
6540
2305
11744
849
5402
6375
7404
7789
4558
1908
4518
8320
2106
11268
3310
6440
5502
9616
11066
3552
9682
3384
3402
8100
8670
3049
6137
503
6251
765
8262
6053
5231
1895
4486
6568
6477
9869
5555
3388
10968
1922
3419
6785
2202
6556
3190
7504
154
11679
11464
11714
8150
9704
8152
7008
6132
6897
6803
5714
656
6385
10997
5209
8290
3739
3750
451
5264
583
5203
3454
4501
5052
6778
4157
400
3733
9977
59
2354
9219
316
10999
4772
9546
8843
5794
10450
509
8715
1271
8762
8732
8321
10321
9652
9080
4110
6322
3890
8812
11214
5945
5797
1603
4207
8869
1135
8660
11671
2262
2391
4423
160
6620
11922
5578
26
9769
6624
6326
11279
6169
6685
6088
4997
6881
8006
4058
5559
10278
9040
9167
7928
6199
2430
8657
1233
671
10306
9421
3566
10220
11490
5985
1505
289
10673
5598
1325
6062
227
2197
11476
5071
1180
9502
6749
8779
3404
4584
2608
8851
9239
1386
4209
1968
2873
6490
2356
5809
4416
9581
8752
1897
7303
3257
3961
3915
8255
889
144
10459
11077
7072
10890
3532
58
4098
208
7930
6969
938
7645
251
8583
7673
9491
5831
11370
8733
11736
5055
1222
10257
6686
5947
7154
575
6425
7520
9472
1660
3161
3604
8399
6309
10150
3808
9119
2940
269
10236
7784
9706
9813
4926
11515
5632
10634
6845
7121
8489
5139
11218
8502
6697
5387
7280
6435
6776
7459
10953
6741
2835
5014
644
10954
3984
6376
4285
5996
5367
2053
1587
5810
453
9117
1169
9687
9420
7565
2874
9532
4528
8645
3605
2895
10602
9422
10635
8161
2609
8506
3495
6475
6025
2854
6116
7931
3628
5321
9094
5508
4213
6637
5390
10796
11868
7177
1926
8247
1127
2520
4551
7067
2765
875
11649
5676
3568
1458
6957
11640
7621
9402
3158
4446
1527
1834
7088
4436
6127
2269
4741
4532
11723
8845
7142
10225
2306
2185
7966
6474
8052
4472
1006
6302
5828
7116
1204
3843
2080
4246
5383
4873
4199
4443
8743
6684
9566
6871
2564
11169
3753
5133
4030
5333
6350
985
7710
4973
1279
412
2376
7893
6792
5703
4442
3429
4776
9957
10976
10847
5013
3493
11734
2033
459
5869
6109
9589
9264
506
1613
3830
2110
1106
4451
7263
7235
3680
534
2814
6566
9972
10176
4297
5477
4767
3216
9212
8593
7377
8478
9714
7913
7505
11680
6929
8112
5486
921
3125
7411
1103
11315
1362
7952
2845
1539
914
7845
2605
2866
4843
6457
2797
3626
232
2412
8177
1526
8254
4576
4876
6768
9739
10902
2645
1270
10374
3069
2703
360
10530
7350
9580
10034
5976
7512
10311
2052
2693
44
2810
6945
8988
6859
1159
9646
1681
11913
5191
630
11728
3602
6159
7561
4491
11000
2654
7063
10646
8285
11794
283
1828
7489
2700
8281
1366
3932
653
1406
409
6899
11318
9166
8036
574
7290
11627
3416
2102
2443
239
4452
5648
10742
6400
9289
9224
10234
10141
1520
4829
10201
9372
7291
11633
1344
7293
1289
