11049
2699
8288
5103
168
217
5434
4662
1460
7370
879
9523
8800
10339
9278
750
8685
812
6169
9754
6982
1875
3501
10320
3880
3850
6931
3563
4206
9711
10406
6070
11218
11721
632
4816
1862
1767
6224
8696
411
1512
5980
10940
10739
2523
4754
2151
1498
10085
2725
4285
9890
6165
5038
1116
385
1783
10966
8237
452
8289
9938
1562
6154
11752
11512
5553
11899
850
650
8128
4482
714
8334
5456
1237
3661
8275
5209
6543
1742
8167
3426
11740
5291
7026
8287
8456
2697
6852
3590
1239
4190
8676
7981
11882
6292
9365
5389
5341
2852
7730
8126
7317
9041
1449
3323
4311
4676
9660
4056
10163
8922
6811
6495
8121
1836
4400
11910
583
9090
5821
3807
11598
7269
4847
11761
2198
2583
6984
9874
1117
5850
8820
8687
1282
1593
1940
702
7621
6812
6538
1332
7618
10398
3171
130
10813
10276
7149
8106
2917
2760
3675
10631
11914
11683
11480
6780
5574
1465
11205
7407
3226
273
1672
10919
4729
7699
2700
8458
10822
8449
4692
9321
684
11440
3735
6111
2576
4322
3663
11858
7353
5962
1802
11288
913
6881
1243
8261
3943
6761
5452
121
8870
2870
10166
9604
13
7237
5584
7387
6059
3703
885
2914
10632
8145
417
7932
9273
6895
945
3547
7859
7028
6983
1884
7472
2389
11086
2944
4179
10710
9700
3972
9399
5621
11766
4778
7012
4798
1662
1598
3723
6184
7347
9499
4027
10903
4919
5754
10843
1667
5087
8630
3887
6253
110
5587
11341
6499
10286
2504
1659
8532
6985
7632
1361
8347
9194
1902
11232
3313
3681
3005
7954
10663
9815
5287
3263
9312
7753
10615
10713
3267
5836
11927
119
8782
1259
5674
7628
10092
1071
10674
5510
9713
7139
177
3187
3500
5475
11134
2477
6580
268
6529
6041
10319
5147
8764
8842
11895
8186
1137
8635
6818
276
7288
10874
9753
7626
11540
2475
3506
10838
26
8393
2200
3407
2471
4174
8519
3766
9785
6548
6622
2434
10597
11186
1931
7783
6467
6208
639
3438
9603
3953
8476
316
2525
7180
333
3927
954
6112
6712
309
8022
4076
7383
10190
3494
3621
5956
4065
4518
258
11681
5251
10295
1745
8748
10677
5668
6751
5983
11653
3709
5708
11620
11590
10705
9732
4353
847
3790
2799
4487
6128
9842
3097
5563
6775
1266
6371
7588
10816
2626
11033
3033
8266
7532
9465
5158
999
11529
11880
10275
6569
2526
3195
8197
370
10726
9587
10304
11680
5949
1305
2549
5047
2836
555
9895
5789
1920
2618
10936
10376
2286
10576
4122
956
11786
1206
10065
1711
5098
8170
5178
629
5360
6214
11278
3385
8374
6581
8379
10375
10583
3767
10043
11638
8783
10856
6670
3160
8345
4415
2424
10809
399
10787
2055
9675
7655
3503
2801
4259
1496
6588
4018
4688
59
7794
7011
5735
7415
2996
7160
11819
2038
2964
6550
7192
6528
5247
5523
5815
4297
4286
11829
4544
1889
8545
2806
7377
11147
7313
8509
9764
3805
8837
6473
1915
2145
9034
5388
4891
9473
6758
4112
3101
11345
4633
2828
2749
7857
127
2412
7897
7203
11714
2318
7101
2602
2792
145
7166
4466
7507
1315
7424
581
6796
2584
8384
431
5140
7601
5537
4954
10509
1757
2965
1871
2071
11226
613
1487
10842
10113
10419
11666
2007
9207
6068
8804
3893
1172
5608
5471
862
2705
2638
6579
2340
9841
3188
8206
7274
3077
11253
5568
6504
4591
8023
4307
123
7034
11632
10155
4491
5152
2102
4836
3969
10792
9404
1202
620
7491
3133
11384
167
4553
3647
6659
2570
4529
6618
7312
8183
2766
9424
527
2177
3318
3710
5844
618
619
5338
682
2825
5357
10239
2691
917
11463
9277
4922
2103
6923
2930
10441
9335
1003
1733
3551
8569
7748
9053
9582
4782
10740
1880
10491
743
7609
9489
10918
1835
2275
3580
9202
6389
2798
964
7984
8557
4372
9685
5856
2957
3693
7175
3060
4950
10729
8697
3962
3150
4549
7529
4475
10262
11826
8138
1028
8387
4758
7100
6741
1427
9322
1043
10658
9210
7735
7533
3818
1851
3450
8511
6118
1084
1574
11627
7583
5002
6331
10326
8410
11789
11129
6425
9749
9064
3556
10665
10147
8071
4016
474
10438
11874
7168
7213
364
8438
6265
9348
2568
6029
7759
6490
1495
7631
4396
3678
6608
2306
10993
6510
2375
5404
10640
9719
4044
2224
8330
1312
1060
11802
6666
6380
665
11024
7369
10272
10871
705
4568
2716
6600
8462
7873
1647
4252
164
5055
6922
6999
6065
4904
5148
6943
3295
7738
1203
7161
3269
4366
7665
77
10755
3577
10357
8134
3091
8432
7284
10245
8439
6160
4246
1494
9213
1392
2537
1649
10177
6052
5441
9844
7426
6347
10312
11809
5516
11012
9228
2662
6482
1119
11906
10151
11229
2094
5798
6874
2469
3344
10861
6857
4244
6042
10036
5507
8020
1571
356
178
161
9073
7578
383
4379
5636
7970
4967
3975
559
1126
5982
9330
5881
9075
7582
1399
1622
8961
7460
5270
11145
10279
7276
7771
6186
10910
8391
4376
8454
4740
10548
443
2291
2634
10308
9011
1464
147
5567
2092
1507
11113
8273
654
9496
4025
6726
7220
7182
10522
5462
2703
4843
10083
929
10268
2117
3946
8913
10289
2688
3745
771
2395
8007
4897
11176
5351
6338
7600
9935
9692
3298
7520
2470
8283
3183
6547
8706
5995
9686
1530
1146
3447
9631
3485
10586
10192
10618
4055
1693
10229
4037
11787
265
2220
9654
9258
3090
10508
9232
9463
10847
9789
6674
4310
8707
6576
3083
10069
1354
4283
11578
6789
2508
9319
6233
7658
8343
3205
8143
1214
5412
9989
11121
9933
5548
8149
8153
10646
4391
10563
517
8077
3040
4306
1376
8602
210
9400
8600
7935
10737
9548
3157
10178
4384
5520
689
7013
1958
9270
2152
2021
4606
2109
5110
2264
4096
9651
9252
5437
424
3085
10817
5266
1923
3736
4858
2694
8162
8562
7637
3937
5892
1295
501
2742
499
7566
16
9013
2154
3682
4999
2042
11843
7718
8916
2702
11180
563
9469
5886
4543
8859
616
2277
8715
5252
8844
2231
9358
10904
6183
1897
1983
9508
3440
1142
1786
2598
2467
2413
6509
10788
6542
3054
337
7554
9097
9364
897
9653
7802
1036
2099
8794
1813
6145
4323
6477
104
4769
8249
6329
8219
10555
9796
9296
8744
4004
8428
6191
10122
6767
10590
7359
2490
7763
8546
7250
4767
9138
8256
5718
7630
10265
6182
441
597
9481
4489
11605
11032
336
3134
4942
3282
6365
2064
9738
7224
7675
5446
4341
10855
7592
3387
3028
7719
6632
6189
2352
7838
8543
10137
8247
10500
711
269
1610
1396
6296
2312
8879
11517
5638
1754
3103
7511
9695
10581
4294
8622
2307
9502
5348
3012
5801
9381
3314
882
8413
7976
1149
1741
7523
9487
763
6990
3430
4985
5561
9157
10544
3469
2197
1327
7608
10793
9627
8383
9478
10700
1151
3605
6447
6281
2059
266
9882
7853
1267
390
2847
6601
3116
7095
11559
9907
381
694
8683
10210
2675
8638
5875
6913
4881
9757
6201
2020
10800
10095
7811
8095
7271
6305
10917
9206
839
10227
4538
7463
4335
331
4128
8082
7830
7808
2674
8172
8338
10247
6177
2001
3458
10454
8807
2538
8365
4043
7877
4715
9533
3722
10198
8631
1385
11220
5652
1360
10266
11128
9121
3968
2039
8597
10738
4124
3204
2832
3000
8312
233
4329
1478
5684
5177
1930
8656
8880
195
8398
974
2692
7686
9318
6046
5382
6572
4690
4966
132
7427
936
3813
5239
2276
1516
9980
2143
2201
3067
5337
8949
11077
433
9106
2100
6568
5944
6604
8086
3377
10564
1319
2351
8832
5483
259
9967
2280
1167
3740
10051
3153
6010
8907
8072
8301
5473
22
2517
11487
4536
9397
1075
11818
3498
9501
4257
7902
10931
4619
11279
4256
5386
3035
3209
5614
3564
1781
2599
3925
1248
11925
4198
9781
8422
7927
264
6244
7249
9380
2796
7141
2119
10274
1797
11572
3638
10334
4221
6261
6251
686
9585
4282
9166
3308
9759
9004
408
6829
11166
8074
6589
5228
4447
4113
8577
2225
6470
5698
5916
6917
3781
9193
11551
9143
10252
3694
1452
9820
7436
7807
5899
8010
3950
4845
4014
1822
3376
3174
11667
492
4289
9158
4555
11385
11700
3971
4334
4752
3472
2230
2990
10379
11648
9051
11133
9505
9959
2268
4875
9116
4965
1564
3250
9960
11187
6205
3923
1719
10407
11404
10142
10976
9628
1273
2612
4144
386
11378
2359
11183
389
4293
9155
6947
6750
7287
10983
6845
321
2265
5296
7640
6012
5748
1092
1704
2390
602
4058
3868
8165
11623
10860
10176
2884
671
6952
6235
9767
9074
11495
11198
11643
2274
2127
8129
10230
5458
11775
5092
4145
2135
11812
910
11885
7903
10540
5161
11381
9447
9077
9720
9934
6957
887
6843
1269
9019
11624
7684
3502
6539
3425
9211
90
2437
5391
10313
10683
11486
481
7376
6411
8607
7176
297
1400
993
4340
8691
2724
285
2641
9055
5896
6921
11464
7528
4237
8726
3034
4171
3662
3457
1471
11131
10048
2696
5233
6193
1877
3570
3997
2900
4694
7661
7751
1731
2903
735
1911
5729
2252
9378
1188
421
11563
10826
1281
2113
7824
6877
940
8233
4618
2980
7211
5659
5432
7809
10164
4332
4197
5082
27
7153
347
9762
5592
439
11022
10704
7190
1573
8099
2052
10758
10242
5346
81
2106
7762
6817
3716
7112
6443
11537
1039
6374
9416
6998
10751
7205
9201
7515
8831
8468
5255
3155
2112
4745
11419
10465
2888
5330
4903
981
2686
10294
10457
5197
7999
10068
4521
4712
10369
4234
1910
2883
6263
6522
10117
2188
10029
3119
3358
5941
5837
6071
10670
1186
2076
9337
8629
9871
7036
7775
7821
9139
6634
76
3788
3284
10027
2682
3667
1906
6157
10075
3290
2047
4677
9610
6630
1644
9026
7550
7639
4991
2289
3566
8440
4192
413
10232
6759
10678
10382
2304
10054
8983
11731
11713
7880
10097
11774
8628
5157
4829
5595
3945
6810
1620
10575
8874
5719
8003
636
2465
4610
3281
8935
1365
8317
9383
11097
9722
9941
7494
5785
3202
9344
7788
4874
5081
2872
4663
3129
366
2033
4964
2842
10486
6465
10021
136
8608
4930
3744
3068
11644
767
11399
11386
3300
5024
7955
24
1382
7660
1224
10996
7488
6577
2937
7524
6362
4630
2851
2815
11569
6297
5851
6245
82
11211
3178
10100
9833
418
1317
9788
6531
3449
3410
6722
10303
5490
10214
5573
11897
6521
6237
1122
9151
10434
11098
9855
2448
11094
8735
2388
1844
3252
2534
4160
8351
9540
10329
9572
4762
4269
6606
6907
1529
9436
1964
5664
3889
1708
7843
8087
8481
3293
7145
539
9891
6793
4840
1363
628
7432
3759
7207
11014
1545
6328
6307
456
866
3062
4416
5189
5074
8646
2028
7019
4820
5013
10562
2952
900
1306
5509
3128
558
8100
11715
2296
1067
489
1687
7678
10923
4243
9169
48
4775
9557
5484
2040
6132
3100
5599
8209
8215
7531
7384
2464
7650
6993
7476
11444
8996
10001
10494
2974
1453
11645
4082
11696
11350
3321
10126
7422
2386
4101
7040
11343
717
4003
8321
3695
4906
8993
6949
1174
5408
4882
11546
8980
2925
8982
7801
10323
2227
4442
10014
3465
6404
3415
5028
3015
3013
3073
11213
10624
5227
10442
10744
11106
1646
7005
4830
1670
4698
1778
5400
6506
7480
7966
6197
3617
3003
3991
9786
8681
2978
2831
5331
9622
5297
1968
10476
7206
11371
1727
6946
7038
4933
1150
307
4737
5838
4477
4495
11827
5406
3809
8661
7957
3762
8013
311
3832
2015
5397
4661
11500
9778
1648
10296
10119
3355
9974
4099
10962
3705
6248
7988
5020
4121
11716
2932
11913
3368
2949
8479
1609
1472
10445
8896
7828
7818
10647
9411
11393
9105
10015
7925
2090
2609
11111
9150
2062
2405
10550
1345
2501
8327
1364
139
7664
6218
5027
4992
8032
2769
7088
7750
6626
7110
5114
1293
2997
3380
2123
3548
577
11258
66
8382
3478
11397
4887
11850
6971
8349
105
3409
9728
1475
6525
1823
6505
9377
10605
1431
9775
5377
7299
5924
3871
3356
6271
5988
10662
5184
3490
7003
5257
9354
1333
3554
10141
8195
11377
5749
5042
2541
2248
6737
1145
11365
6312
10288
7319
254
6107
9609
800
3511
8089
3899
11703
681
4440
7597
3102
937
7790
1322
1563
8453
4456
4598
1093
2072
2918
317
2794
6410
644
2097
10149
7502
7337
2126
1187
9840
3487
112
3093
4486
5056
9866
9242
8736
9281
10690
3741
9112
3095
1242
10466
2959
3445
7067
11688
11273
2818
7503
1524
3786
8276
5943
11878
9608
5965
5179
10246
7508
10238
9438
728
2215
8840
6875
1178
10603
9070
1428
9038
5344
10130
8586
3665
8841
2158
10512
11428
9168
11248
226
1424
5018
855
536
7546
2986
10771
10525
11887
2341
8729
5014
2321
2029
4392
7051
102
8649
9229
6484
3814
3057
10897
10175
9702
5831
4299
7078
5804
9512
7305
4046
7710
1951
4626
4703
2741
2661
9670
5495
5000
7185
6123
9287
1853
5915
3720
10781
11370
4528
5753
11851
184
2627
10935
11690
4524
5807
5069
1738
1604
3023
7541
5511
9224
4116
7069
7657
9714
516
10459
10538
3555
3743
8904
6587
8952
2713
6048
1198
6534
8480
1761
5902
2451
7757
892
8971
916
6268
1730
5241
6317
2116
11388
5966
7703
8292
652
11356
10338
21
4916
10121
7431
7303
4436
1083
340
10363
6148
8253
6302
9578
10447
11429
6255
1878
2333
8024
5547
3780
8890
4828
7289
1994
10687
10093
91
971
1551
335
4808
11038
1739
10020
4634
3514
9078
5232
7831
11831
6088
9140
3792
11758
118
6640
3024
930
475
2892
9795
3904
8147
9950
3369
1954
4625
10228
2502
11917
3676
1834
5183
10946
2078
5380
10153
2845
5987
11633
6763
11695
8161
8491
4488
1544
6444
10118
4839
10183
120
9433
3799
6900
5706
11608
10884
3122
3123
9667
11778
8936
4125
2142
6033
7501
8937
422
5118
435
7435
7307
4123
2962
6629
3504
4370
61
6544
30
2890
3496
62
2646
11089
8306
3486
7950
9902
8163
6734
9376
3525
11015
2902
403
6285
10688
4599
2786
5051
7509
4360
5122
4320
10716
609
4165
9712
10574
5313
3866
5579
3278
7495
6370
10766
2037
4781
7294
4879
3641
2381
5413
7945
8048
10979
9393
3642
3106
5906
1720
11905
11115
1566
2331
11542
4085
3699
11231
10404
10927
3823
7814
3473
6077
2533
595
1230
5560
10941
610
5416
4707
8188
6113
2985
4494
4512
275
2150
2622
3702
10727
1961
6058
5310
11625
3412
8576
2348
2414
921
3043
11509
282
6676
11125
1626
10165
6308
6304
5025
7277
11363
10418
6217
10627
1726
11728
8059
8336
4461
6293
10099
8758
7489
11611
2295
9516
1479
10621
8444
753
11332
2
9861
4986
11813
6038
5385
6344
10139
8876
4563
10541
6541
5191
6017
4347
7469
6345
11432
8805
8091
8662
5364
1769
2889
10614
1505
3279
661
8825
845
10411
1222
10477
1485
6777
8548
9717
1195
5286
9577
2755
10333
5917
3718
7057
6266
2737
11123
144
4601
9724
7538
11838
8731
5060
8136
5912
5454
8737
5829
5482
1540
2041
2407
6149
10585
4541
4433
7747
10217
2016
9947
3821
2368
4084
3311
10024
4100
8785
2740
9042
9093
8619
11423
7863
788
6960
10900
10625
2212
2837
6310
9677
6827
2426
8081
9360
1737
7366
7728
3542
3184
10194
8939
4837
5645
5947
11044
9468
6615
5797
5325
7872
10105
9000
7591
9730
4158
793
6279
10566
2444
326
8678
138
241
625
5524
11868
11062
10461
6287
8061
1318
1344
10361
7429
10473
6357
967
1300
10425
2024
7777
3075
11242
11630
9630
9999
3342
11726
11224
7879
6836
9504
9067
1579
5741
10998
662
8160
11481
3992
7980
5665
11890
3110
5159
867
11600
5460
1447
2091
10397
11534
9080
10709
655
5991
1355
5727
10957
9049
737
10970
10961
3964
2665
5019
7787
7584
8709
6011
6359
11742
10529
8406
3055
7930
198
2756
8434
11894
8776
9742
1227
3783
775
188
5015
3370
2012
6187
8933
1893
7020
9810
5005
6682
4346
5281
6663
11708
7682
10698
8174
7544
4774
5690
9801
6228
11503
7328
8240
4175
7983
4
8887
6844
11046
9482
11448
11583
8756
3550
7615
2363
11056
9154
7256
11051
2995
5529
5085
5667
3304
10830
10649
395
10104
2814
5672
9766
11091
10203
1763
11222
6708
10834
2515
5155
4675
9137
4699
8958
8221
7029
8658
67
9308
7789
11396
8699
9326
2532
6706
10895
2738
11144
8097
7039
4738
2747
7162
10172
9826
4352
7506
3390
2086
4516
2429
39
6415
1229
3822
3653
7417
5650
7235
1346
8155
604
11101
10096
3315
11834
8942
1414
1600
4184
3164
11527
3397
8269
2108
7743
11293
749
4029
2138
659
7598
8154
3059
794
142
8912
8668
5953
5909
2993
7007
4066
5746
7561
4194
5134
4895
591
4422
8617
3432
7308
6117
4157
5761
2489
9894
11558
3149
6457
3056
6220
3680
1429
9973
9532
7102
4586
291
3351
9198
11347
10481
7242
7332
9513
5738
2191
6798
11575
8897
3673
4271
7461
7549
1436
8516
8675
4647
1220
8421
5242
7645
6591
11434
9104
1692
10078
1476
10634
6816
1163
10385
10111
10160
5712
7016
6784
4375
5207
6106
7397
2496
11839
8220
11119
2578
5145
2621
9445
7272
8230
10009
7704
6564
11277
8977
9336
11000
8058
6578
49
10611
2767
902
7638
2436
3688
3265
11191
295
3444
11933
2254
3431
5955
11318
2137
8000
5208
3235
9560
9896
1856
1552
11903
111
372
5723
313
5361
9503
10577
9600
5998
2324
4768
3372
11020
10691
3552
5324
1755
8585
5794
1009
11744
11462
11182
10107
10241
2966
9867
8596
8724
1992
5190
8659
3789
5689
5562
5254
11561
3701
5675
5428
11478
4710
11707
3481
7378
10316
6334
5366
11482
2377
9985
9673
183
2780
4382
10031
9446
8400
2881
8414
9613
1881
5550
5501
6746
2970
9605
6948
4098
11898
6267
1668
3200
963
6135
8568
7729
2372
1031
9241
8001
11825
1161
2262
8752
1325
5795
1636
6876
5373
4467
6181
766
5848
9591
5248
1658
2070
1841
8636
11891
9313
4006
8477
5661
8213
8518
3920
9784
377
5972
3316
5450
6788
11854
448
2953
5469
3738
7130
4134
1639
935
6901
2165
1263
1977
6087
4822
10598
10335
8280
11406
11272
8231
3588
5858
6366
8926
8168
8694
2186
10420
6566
2399
1743
9878
7850
5165
7784
1310
7969
9456
11083
9301
9594
4438
5616
11064
5269
4059
10168
5261
4039
2172
7406
3189
4120
6973
2585
7437
9110
2877
10267
7862
5990
9571
11717
1656
9521
1984
903
384
701
11227
807
3657
5733
4476
4110
10346
8475
6778
51
9391
4901
9910
1351
1290
7884
9909
11367
10948
5374
281
4130
143
1082
8648
10582
6284
11705
10528
3747
4111
4260
2491
5964
10997
2316
10963
4045
1928
1370
4193
3689
11204
11206
8703
2536
10291
7572
2891
1033
4290
9
4015
11414
8606
8258
8127
2809
7138
6006
5880
8587
9204
7492
10469
4532
4562
9655
11828
1480
6906
8899
2643
7111
10394
6646
3940
4373
8066
10706
7391
3437
5137
4448
2579
7931
4937
2136
4338
4214
3614
6303
2250
6100
4254
7349
9347
10253
6151
9893
9701
1528
9904
89
3913
1925
4089
4525
8294
6023
2744
9679
11729
4147
430
5438
8871
2337
5572
2600
2909
11008
4305
3851
9664
10510
4864
5877
10309
2063
3810
9739
6707
1374
5926
10530
3179
3757
7094
5240
4889
7913
647
2283
9863
10734
3633
4097
3528
8772
7962
1944
11095
10148
176
10449
8796
1549
5016
920
10515
9029
3144
5551
8700
8344
4953
4803
6080
7958
9689
4607
7418
8740
977
5336
6929
642
2053
10608
11084
4408
3888
3530
2520
10047
6991
10056
2571
7947
4137
4623
7008
11431
7140
3622
926
814
6335
8499
2014
5491
7573
3361
7791
488
4971
482
5803
4641
8461
3830
4739
1561
10112
6256
7796
6790
8470
10533
11514
1608
2311
11333
1663
2273
11745
1020
3257
8460
11919
1521
8046
4939
9987
990
6207
9911
219
869
5813
6508
2507
7189
8875
7643
9062
7732
8517
290
10301
7414
10260
8204
7390
6124
9697
10770
8671
227
2410
6883
9007
3674
3795
3728
1294
2098
153
8090
4608
3690
5514
3584
4788
11471
708
8329
3951
1963
10978
2061
2506
806
6014
1106
4932
3654
1927
7298
2457
1664
10592
10158
9996
10648
11402
7122
3214
6677
6619
1165
4959
5691
8866
32
4207
3482
201
4832
11484
6464
4979
8002
970
1890
6989
7061
1056
11706
5824
9986
9687
7379
6430
5776
8873
10173
5214
3841
5863
5305
7874
8193
10626
5298
3917
7537
2625
8423
3041
6738
9291
9022
10657
9290
7963
4667
4877
11319
7865
9279
1989
7399
5648
209
784
11629
4164
3995
6127
459
6025
465
6586
11104
9829
7690
9690
471
3168
5394
7936
6493
4615
1615
1803
7257
1337
6882
10324
11556
10641
7579
3993
10836
4146
1677
1091
6081
3770
5716
9045
10944
2513
8323
5825
8152
5036
9691
170
1331
10857
6927
9054
6594
7855
1406
7607
8245
1334
6830
4276
570
5682
4127
4458
4399
7596
7357
9900
5522
6116
2808
6339
8047
8176
2454
7022
5663
9406
10431
5969
8084
3934
8259
11791
6436
1506
2754
6240
1246
3593
5444
7375
3087
2620
5642
634
2043
7338
1550
3606
355
8588
5168
11454
6633
3374
3014
6419
5538
10969
5759
5035
3878
10511
156
3847
11597
7953
1523
10777
1799
901
6524
11626
9905
1838
6926
7400
5878
9536
9912
1179
9065
7493
5828
3659
1990
10669
4265
5
5284
3721
1430
7326
6170
6200
832
2006
6216
8766
11614
11733
7316
3362
8015
9147
704
7321
3512
8027
2561
2971
11599
6835
10776
5697
8819
11252
3334
9611
8601
10413
8389
11002
5660
2226
2146
7754
2672
9123
1189
9629
4726
6134
8417
256
11691
11797
4550
4776
10474
8370
2060
9002
7167
8201
791
6468
20
2973
7324
3310
4920
10414
4969
5293
10868
5609
11276
9483
133
4485
5470
3754
6282
4511
5855
5566
2721
4546
11284
7259
10251
1285
9522
2545
9928
2907
8718
3317
9181
6209
10894
8005
4915
8623
9410
849
5417
6455
5138
9593
3700
363
5187
4604
6049
10475
1938
2784
7875
7446
4805
10156
3182
11763
11835
5499
5582
8570
6396
674
8689
7044
10534
6546
4811
9772
261
6916
4612
5975
4231
7419
3220
736
3
10745
10101
9581
11855
6462
5375
339
11830
3732
7851
7285
4907
4094
1069
10859
358
1291
6625
8346
658
7394
11070
3148
721
4566
4665
848
11585
5945
9443
2114
3414
8137
1135
10390
10482
7125
2115
3493
10853
4650
6137
8492
8490
1715
5930
10094
6537
8405
5653
5421
2614
1660
11709
759
3273
10487
2821
4139
6747
2653
810
2485
6153
10606
11490
4952
2387
9422
2427
10060
3532
8641
3089
5154
3466
5883
2031
5533
7120
2406
9125
3240
5127
2915
8115
1148
319
3930
8791
7208
203
10040
10136
9740
8593
1810
9476
6286
10565
11394
3918
7893
4312
11580
6730
5096
9748
4369
1641
4714
5549
983
9787
676
4071
401
8235
6888
1935
10343
11533
7944
6110
4268
2615
6360
4852
5783
287
8216
7499
8363
10656
8494
4050
357
301
11127
8307
10736
1233
8466
1784
8378
1171
4107
11093
4395
3649
3186
11915
8290
11784
11618
8963
5760
10219
877
1912
8203
4007
6787
496
9398
978
2002
9289
4990
490
10297
10053
10600
7734
7405
2840
10371
406
3779
5353
4996
906
5715
9832
4784
9553
1837
9435
8883
5347
3990
10152
9644
3211
8025
5739
3441
2260
1949
6939
9373
10161
4413
8664
6236
5580
6540
7071
154
2247
3417
2234
1776
10814
9696
5372
10278
1201
3137
7680
1426
7002
3553
9550
3254
9851
6953
6441
2088
11658
7989
1286
6656
477
9370
2942
10116
785
817
3497
9440
3237
6326
2732
11241
8561
5871
534
9426
2419
3595
7310
10591
11793
10395
9913
10905
7127
11466
6202
454
2205
3398
1710
2628
9444
8886
117
3527
4856
3958
6342
2479
5162
6454
306
598
7230
5128
3763
10960
1975
7559
768
7395
5023
6144
4831
11504
3884
8420
2236
6792
8140
4468
3639
1111
11628
4683
3509
7646
6823
1896
747
6902
9939
9617
467
4924
11792
2080
9743
3117
11921
7148
7315
4054
10138
4068
6221
1205
1339
7928
5411
5041
9948
11803
7553
3094
5401
3141
5731
3131
4713
1445
6497
7123
9095
2795
1090
8797
3152
1901
5934
3559
9403
2955
11750
9621
8652
801
2511
1833
4765
8018
6196
3876
2765
2008
2750
6393
2679
10808
5001
3135
3002
8493
7275
1632
2555
11007
11212
1998
8482
11331
10681
9028
7089
3283
9227
4035
1780
9490
9474
494
9343
1387
9639
11068
645
4923
998
10018
10791
1691
7603
10261
9705
2110
4166
1272
3158
11380
2481
3462
10401
5922
9822
2693
9262
5329
9349
9852
8564
5210
8017
7352
10216
11274
6942
3483
7767
10179
353
2637
4561
10302
526
162
3771
10005
4079
5048
7388
1536
9518
9430
7320
9184
8553
5009
3092
2823
8853
10157
5117
10762
2773
6277
6831
1817
2051
6078
7933
11814
4181
8795
2498
2820
9023
8316
9574
6309
1789
71
131
10501
7971
4031
6185
9678
11496
6076
8298
1724
3581
1855
1341
9120
5890
5622
633
1133
4975
6668
8864
11195
6720
6422
5701
11420
10181
1381
9458
2920
3307
9812
8742
10580
7179
7959
11132
2565
10310
1811
2857
6590
7696
11930
6837
5936
9033
4854
10133
9061
7619
3389
1578
8418
5802
7255
8286
11324
11822
7500
7232
11437
2783
7589
10556
8779
6639
8521
3928
0
3764
7099
549
8399
3632
2398
6516
7780
10460
2428
819
4086
2924
3336
5285
283
4052
9209
5265
6501
1170
6466
8849
43
60
4032
7669
4883
931
11820
11301
10196
4394
938
3306
5913
5419
3646
215
1864
1442
11060
7009
3938
8223
512
9146
3225
8990
5089
11780
8361
3011
7024
3113
9174
1734
11712
11262
2360
5131
7813
11275
9779
2242
3587
5994
4575
3350
5954
11357
4631
4300
607
3922
10652
5064
10628
8792
10281
8192
8177
6570
1417
756
3712
3019
9881
2411
8372
5003
11315
6500
5742
6458
8580
2552
10026
11641
5352
185
10890
1905
4453
1405
5525
10735
1030
1249
5623
7124
5370
4731
2850
3201
3591
8411
5819
4152
11438
9179
11799
2430
11066
8202
5320
854
8771
532
6692
4605
4226
1770
1924
8627
4450
4327
6667
5755
5602
4520
1066
1665
1079
8035
10901
6472
3536
6483
5264
6119
11743
8429
7173
4621
5986
1829
11353
6574
4589
9180
11026
7604
4747
5765
11655
8728
4671
10693
10298
6515
93
4200
3586
2350
4824
5847
7382
8088
5632
5229
9450
3960
6324
7265
4686
9485
4135
1502
214
7656
10073
5985
7169
7798
10039
2839
7280
3838
8187
1085
8182
1596
627
6897
3408
11292
8169
2789
6243
1766
2085
11781
7113
835
2122
4876
3984
2546
3285
9379
6103
2817
5814
10507
1650
10977
11300
4061
11591
7311
1221
7445
243
7841
4048
5314
10290
11124
4668
5170
8655
4869
6475
9173
2572
3181
6000
8094
11856
9963
11287
1072
8469
3852
1815
1633
5163
374
4817
1612
5080
1070
10205
10306
304
7996
6194
9188
11082
7514
1437
6211
3256
6565
3948
10492
11804
11687
11057
5872
3970
641
5942
5303
2463
4527
1275
3018
11475
5369
6414
6372
1298
1714
2846
3296
9694
4973
4490
11904
1398
11340
9930
11197
3965
5758
3730
5212
8309
8594
3549
6806
11148
4047
9282
4936
5166
10225
4478
1560
8686
8611
11311
11122
2233
11208
1058
6850
9350
10820
11009
9923
3360
6698
11174
3976
11156
9216
11075
883
11488
1050
434
9827
7739
874
9726
4296
7473
2169
4988
1671
98
1792
10222
5220
11576
1995
564
4064
9302
11162
4900
6545
5311
7217
5637
3169
10753
10167
7053
2023
9922
2194
6757
11168
5275
7820
9623
10764
8522
553
5993
9924
10389
4417
1225
5593
4106
10517
8431
11888
8563
2731
11622
10169
9434
4464
10623
8714
8380
2403
9790
2288
11411
7334
9535
10058
2871
4955
8353
1790
37
11389
6642
3176
10506
740
8450
2355
6552
8799
1159
6605
530
10091
379
2528
1818
11612
1441
11054
2005
7368
8486
2425
247
11657
11088
4981
3109
5976
3797
9233
1722
679
7569
3983
3132
9300
2554
6260
2764
8948
5119
9838
11796
10942
7526
2967
2710
5763
5343
621
4898
10448
5431
727
7563
10950
8763
8978
4005
9082
1022
9510
4180
7380
1805
10742
9998
9971
841
10812
8717
6471
9492
11172
9663
1418
2961
1316
8609
9060
3347
5528
5489
5885
11748
11025
7567
9131
6257
6890
719
4850
7484
821
6063
314
1018
4441
9491
11299
11783
4080
9479
9669
7459
4585
5905
5205
10643
10772
4949
980
3949
5517
10686
5600
5235
3479
9991
9356
5893
10374
3765
6395
3207
5466
9153
6408
2595
911
6512
8544
3348
1404
10125
9260
10703
9461
6966
10417
584
7548
10430
10524
6665
5120
6553
4622
8295
1982
9944
4103
3303
5034
8862
4908
3875
5072
3404
2121
11189
8757
1193
7318
4388
1283
3816
3229
3557
3526
1200
8291
9845
11535
5870
11328
941
4946
8754
10569
10939
391
1611
11844
2950
5225
9729
9149
8268
8527
5543
1017
3008
1594
5135
1191
4654
9414
3910
9008
11103
7923
4418
10467
6873
2418
8395
5610
1053
8132
2664
5963
8250
8910
4772
4574
5989
5857
3427
64
9645
9191
4270
1607
11710
4565
5914
3517
11351
122
1996
6355
10902
4918
6167
5039
833
5515
10201
7090
96
4742
6887
3467
7297
7595
1916
3277
1215
4317
10030
3907
3185
9562
11530
939
7666
8765
5088
2189
1973
5367
11102
6386
10032
10458
1688
7951
7525
8111
4894
8539
5031
4559
6994
706
1299
8173
11724
6318
479
10342
9346
8835
3717
4102
3460
3874
41
6354
1433
4935
9526
3112
450
7215
6962
11416
11800
730
1010
1466
7663
3914
6060
10022
5368
4871
4736
4867
10462
10749
10315
2558
6833
262
480
5436
1244
6824
5236
10237
10980
315
2912
2540
4425
9293
8679
2263
3080
3572
1102
2592
10354
3146
4673
7642
11896
8337
4367
9017
2358
6660
6238
10209
9958
8833
7701
419
6469
6195
2717
3624
11672
688
769
3987
231
5181
8265
893
2253
5202
6275
7142
1635
3837
6733
11746
1988
11879
6341
5196
4962
10920
7882
6140
204
3045
6125
36
6489
8373
8300
5590
8028
780
5750
4235
4611
7410
6122
65
11837
3618
504
10007
2690
10115
6893
6649
5971
4336
1908
8342
843
7848
10503
8026
11768
2946
5620
1308
9214
362
5108
891
10285
7671
8506
9952
7073
3076
249
2989
416
11497
7764
6703
3863
263
6421
5607
2229
7575
4761
47
11725
1580
4133
8921
3613
6563
2778
5010
9949
8575
7441
4036
7344
3706
7292
7228
6898
6273
3223
10207
5333
7358
3197
2704
6535
1548
5773
9205
4063
1974
7266
4281
6636
7327
8049
6487
3939
11808
10661
8012
8851
9806
11510
245
9012
11682
5256
2209
2861
4041
11606
8484
6958
8333
7430
3858
4337
1482
8037
7817
3413
1926
9223
8056
1217
11215
9327
876
1254
5326
2133
9374
5219
7781
11072
667
5505
508
4861
11926
5884
10410
9480
9616
157
3561
5756
10144
5539
8388
487
6435
3731
1223
9864
11058
7223
716
6085
5816
8234
3531
7159
5780
4636
10223
6129
5612
4719
7749
3456
10383
9698
2899
3985
10249
4435
7364
6391
5702
378
2075
4093
5687
1717
2715
3994
11574
542
8455
5873
8615
2573
7982
10568
3328
6652
6212
6274
8802
10539
510
9257
1582
4624
9275
2992
5433
8547
7449
6192
1367
1046
6108
7769
9870
6915
6062
312
500
6764
4639
11849
1725
4148
225
8790
2079
3534
3719
11494
11912
6825
7756
11631
10951
4880
9943
7834
10396
2684
7881
9718
3475
446
11085
2223
6332
10405
3522
11263
9979
6523
3007
3575
9682
8720
579
7979
10964
11909
1271
2402
11338
7116
9493
7374
9246
9488
2829
4026
9926
4594
11325
4272
10188
5534
5292
3026
8052
11678
7333
4718
10869
4223
1194
1456
11280
330
2036
9047
3755
4523
6054
7483
692
778
2663
1439
5124
2010
11499
8322
6061
6695
8959
1696
10273
6367
531
3668
1110
2939
8541
6502
9199
8722
718
11455
779
10913
7916
2472
5846
10250
8257
9741
6864
8064
5833
5006
1886
9914
5427
2185
10851
6115
7672
10679
2246
9460
10049
3173
5502
2865
2644
3891
5302
5669
9539
10124
9396
4705
2217
4679
5603
6120
1630
3454
8704
4878
1011
761
6602
7792
2999
2449
1123
1211
6696
5376
6533
10143
8448
4697
3979
918
1661
4210
10011
9530
2681
5979
3193
174
3021
4383
9674
6593
6686
3233
3713
7178
9239
6067
6853
11508
6719
11067
9529
7151
2278
4888
9264
2849
451
8931
5767
255
7150
6105
207
11362
2816
7795
10750
7868
2885
3796
4348
7290
5570
6403
11041
11579
552
2581
11777
3402
4862
6709
9765
8498
2698
551
10794
10234
8788
11228
2228
3266
3324
7845
11651
5097
2791
8442
7231
3234
2550
669
1628
2830
9634
1362
1537
4748
1859
10365
5044
9589
9929
4465
11354
5576
1618
2659
11045
310
2948
1773
7778
875
543
8185
7037
5414
10835
10127
3243
6361
6557
8096
10889
5513
9415
10422
10259
6031
6252
7323
9704
10351
5472
444
8892
3812
6315
4140
10802
425
9338
4462
9395
10356
8014
8512
6007
5951
8375
10557
11314
6174
7035
742
8861
10505
2718
11679
3294
221
5662
9345
11908
7673
11798
11150
10767
9860
8973
3978
2838
9727
2128
11536
4421
5832
7773
1939
9109
5692
10497
211
4452
8925
6987
10786
881
3748
271
9472
10790
803
3280
5542
1985
11526
5474
7733
5111
7832
5345
3670
7240
3194
3163
11039
9528
1969
218
5512
11525
2272
7614
10344
4578
4517
97
596
975
3583
8751
8360
4000
2287
6774
1348
7017
7386
1567
2787
8956
10050
5937
10573
2859
4685
3535
10010
296
5199
4826
7474
10314
7856
1262
10321
5996
872
9554
4187
2800
4940
1207
1518
4870
826
4545
568
3840
6969
11607
11117
1321
6511
4814
5258
1054
7144
3215
8308
5958
8985
8558
7456
5105
4213
8732
4473
11395
447
6381
2895
159
2606
11415
2195
922
582
8063
7389
6417
9549
348
7247
6527
1824
9898
9823
9561
2805
7908
5153
1484
5500
6662
3932
5908
1839
1415
8487
9186
2913
11491
5349
1384
8816
1347
8079
10721
2162
7268
6392
158
5879
1127
1515
9048
2130
3309
8747
8293
7246
3794
10986
10612
958
3424
8151
2046
8843
5156
3601
7015
1883
8320
4162
5461
9072
11267
643
9509
7819
10805
9758
10134
8741
9808
83
11701
5420
1681
4024
5933
5633
7504
3804
5656
10293
4530
3260
11853
8994
919
1861
8784
10370
8208
6611
2819
6163
4802
11520
9389
6536
5730
10450
4182
1555
1121
9821
6382
3253
11673
8830
7196
3774
9626
8535
2779
6675
6808
6981
2940
4496
205
6819
1454
6514
1096
3349
4552
4507
11877
5588
9164
8857
6095
6672
556
2240
9920
8567
4763
4581
9136
9235
10695
7006
2543
1330
6891
798
9962
8243
10263
9542
4989
3213
140
2255
6858
338
11515
5486
7154
3262
8034
828
2708
11485
10891
4011
11289
11210
483
4573
3607
6364
7937
6938
7547
1461
3247
3629
6699
4506
982
5876
6295
1921
9118
10571
1900
6426
4786
3322
1459
1029
5959
11872
3443
9668
1168
5961
1245
6700
5213
5826
3081
4319
6582
9831
6878
8279
11815
3383
7286
5960
3249
2616
915
11609
9803
2544
11410
5639
3855
405
11718
1016
11571
5076
2462
3421
9265
1787
10435
4579
5786
9797
9135
8033
10671
8198
10283
1175
10958
4652
8554
3919
3127
8113
7929
9514
7612
6918
3050
8325
1045
11264
4928
1446
1589
2176
5839
6721
5657
2897
518
7466
1212
8520
7539
10224
5295
2752
3651
3455
8533
7715
514
2068
4997
580
4860
2963
5485
685
550
7887
6894
9261
5396
4664
6846
8945
4514
9919
1209
9774
1570
3942
7068
4777
4909
2238
6028
6053
8404
1846
6583
9197
230
6451
11506
3815
10041
3604
2144
4287
9127
7147
3828
5481
10955
9940
2901
3366
2610
9579
586
8991
11439
3803
1095
2367
2916
8625
10572
9382
1407
11836
6210
8495
8357
3627
3957
9183
6097
10468
1651
5793
9006
10140
8339
6863
3258
11270
8637
11457
9592
2860
3854
4934
3167
7724
2244
523
1432
7171
3125
9388
3724
11151
11303
1164
5142
696
6340
6291
5294
3435
1706
3301
11769
1759
7713
5335
2574
2645
2927
329
2733
4537
11053
11869
2864
3327
7712
3544
9144
2813
1277
8838
5558
10880
1979
2269
5175
407
8938
1643
11498
9256
4597
2657
9892
5030
7558
10717
4443
7986
1919
8271
6530
4693
5556
2822
5766
6558
6015
244
8523
4292
5770
11400
8282
2512
11453
4070
1793
7283
7720
2139
8354
4974
7512
599
11029
10982
1751
3108
11483
10879
2132
3602
3877
11669
7197
3658
6314
8591
6995
4298
4659
5132
11342
192
4114
457
8050
6168
3596
7448
4917
5527
8135
2050
7975
11469
10846
6143
7610
9901
5398
10907
1089
6432
9756
229
9099
9222
10327
4682
1718
675
6333
5630
274
11087
6503
2027
9420
2163
3063
8513
8693
11037
8156
6821
898
11922
9570
5171
7921
5631
9320
10076
7260
5673
4012
8888
1080
5095
9368
2441
1952
9276
4501
578
8489
7350
423
5918
1393
572
9253
5451
7822
10337
733
11305
4314
9341
2746
770
463
11052
42
5919
3343
10617
2170
7909
4205
8226
5045
11112
1806
8915
4472
4629
2518
1775
3326
6152
7468
7060
4534
9988
10596
4273
1697
5267
4632
1640
8367
6928
9879
5447
4764
10558
1350
4072
9274
10182
1828
11245
5751
515
1380
11323
3227
2729
2379
3842
9021
4857
8975
7840
4354
10638
7629
1700
10756
10081
649
7438
402
7883
838
10934
6849
7467
4062
5071
9432
3341
6954
1094
11426
2988
9114
8824
4074
10498
2345
3798
6385
11401
8530
8459
10554
10495
2770
7075
3686
3126
2589
944
3582
50
10135
7869
5721
2908
9825
10070
7403
8992
1882
9792
4872
5492
8895
2777
7470
11513
2394
888
4429
216
8181
11223
9800
10783
8946
7689
6597
11344
6336
3787
7560
6745
9918
5530
10199
40
1568
4642
626
10208
802
10609
1866
3685
3495
10197
10664
10607
3697
9089
11785
1572
1918
7726
4405
4695
10588
5059
7740
997
6584
8080
11160
8180
8217
5940
7967
4539
8645
9614
3508
10655
816
6599
6711
4941
11405
8093
1777
332
2524
4211
7695
6940
3245
8670
1695
2190
10724
1895
9783
966
5757
10667
2898
8277
7653
8175
6204
11335
8311
1458
5390
9018
10221
3459
1947
8953
11570
8224
387
7004
10012
3499
2104
3598
3159
4735
9620
11862
4948
6653
9776
9464
844
4926
11379
4785
1231
10341
1616
2391
1843
2438
2141
250
3956
3864
7826
10348
1065
8614
8419
1015
612
5423
9750
1986
10102
10947
565
1324
3671
6779
5448
8604
2309
9884
1957
236
8712
4921
1274
9071
11286
863
8536
3650
8534
631
11790
707
6735
10377
8620
10844
5334
2025
10732
8274
6914
7804
831
2256
2807
6655
2499
561
2876
1213
834
9515
4681
7594
4972
9955
10653
8252
1226
9624
4968
8085
8634
10218
2187
8164
11665
6142
4756
8716
8603
9731
1821
4013
9968
4410
3099
5861
2562
786
4751
493
10307
2378
4687
2300
4474
3897
10516
8407
9452
7126
7322
8829
8433
9130
2218
1335
4658
11587
7083
11727
5874
10878
2417
8965
10336
5497
5363
4835
8906
10437
4628
2460
6664
11285
8695
11677
6440
11920
10746
134
5327
9063
949
5058
4339
18
651
6337
5541
6905
8746
5130
212
5149
3138
1375
2951
2474
7471
8199
5022
1468
8877
6407
8773
8083
5596
11811
7746
7505
3835
9780
11519
1469
6027
4938
2455
9527
3944
11120
206
6413
9172
525
9567
699
10644
8762
6050
9680
3031
731
7617
1527
5843
7080
9990
2044
6669
6748
1872
9249
5791
10013
8972
11823
1234
957
1673
4801
571
6133
11460
10981
8954
5425
10759
1394
8673
7128
8705
8303
7455
6919
2539
10114
952
5736
223
871
566
3829
1831
11339
11501
7676
6519
11449
7723
11157
7556
11298
73
9563
1493
8855
8555
9255
509
3001
4535
10748
462
11316
8302
10989
8943
11754
1141
7360
2408
3299
10965
5065
7635
10570
1289
9965
4010
11762
6729
4666
739
9917
9659
6073
11327
823
10594
11036
6739
4437
5226
8041
10708
6394
8542
4576
7345
11739
7273
2328
5290
75
11283
6101
8966
3791
9417
7174
1369
5101
4328
4998
194
3603
10340
10132
5387
3845
664
7041
6387
8669
3860
1621
6008
11261
1076
511
9215
8770
5688
11770
10876
1531
2894
1134
4420
1301
2370
11472
4519
10090
6427
1595
8159
3538
6871
11203
2290
7652
11073
4238
4640
5073
7793
8710
3565
2509
603
7243
6002
10171
8891
4288
320
6079
11788
4724
4914
7667
11135
5724
9666
10849
8427
1154
6997
6276
5823
438
10731
6647
4163
7651
10728
9486
7109
4750
3331
8267
3086
1959
5768
858
7622
2905
9575
4865
7536
284
3030
2867
6350
2294
683
4749
3574
2687
7973
3664
4258
63
3098
10479
1401
9052
149
11146
3516
9544
7451
5106
5468
2214
8189
7054
4542
2933
4324
4670
3079
9218
6434
8654
9286
1197
172
6961
7943
1270
637
8909
7021
11613
1356
11244
6481
2802
46
9977
4859
1219
573
11368
3869
6102
1450
880
9477
6072
3954
2788
360
11161
4284
6188
5626
8968
8531
3739
6520
3364
5644
3521
3921
7121
6313
7497
7898
11656
2714
1280
4227
10666
7367
8951
11554
5403
10412
11846
5308
732
2035
5223
4253
11035
1747
125
9794
10086
7985
9745
11142
8930
799
3817
1522
4842
2956
5277
7465
11737
9897
8867
1047
6249
270
9263
342
3698
2259
3886
9725
8297
8739
7839
6951
8139
11201
4863
11833
4779
9816
11567
3520
1753
8158
8465
7543
7760
1402
2347
5710
9875
11736
9117
3289
5935
5115
7181
6785
6074
6203
11776
8515
8110
10845
8917
1390
4377
2559
8157
7010
9906
4886
7244
947
1642
2774
10893
11698
7336
5774
8621
1520
5559
10062
1966
10523
1762
6264
70
3980
5889
4912
3305
9642
1814
521
2206
9598
1383
10
8326
8882
2873
5852
3124
1292
790
163
2633
4291
8997
4947
5459
9039
11092
5866
289
6114
7396
8118
9799
3626
10967
4961
2582
7972
6229
10402
11320
9027
9524
720
9392
6353
4493
2910
6045
4424
827
1002
11069
11256
8976
6814
4797
7018
11694
2131
2880
3578
4844
7045
5288
11557
11773
1403
5681
3232
10547
7304
8947
4983
6701
4672
9442
9037
10938
7687
11269
7568
367
2219
11407
5063
6349
3151
1377
11711
1147
3272
9010
5222
11061
4263
7968
9451
1847
4409
9046
6290
7907
9066
1160
5782
2998
7087
4242
5273
8142
7842
2095
1946
2874
114
1832
7195
10696
2409
10519
11430
11185
2073
6166
3853
10429
2159
9945
2493
2292
108
5577
8725
2343
10909
7906
5978
169
3996
8009
5526
8328
6348
5306
6258
4760
7263
4407
1913
10433
8677
2107
9566
9760
6424
3480
8550
7602
11810
2624
2670
1987
8103
5792
4653
1353
4684
6847
5032
7262
3022
7924
1746
10518
7737
8598
1235
1074
10929
11376
10945
2239
2911
4704
2824
7871
6327
9656
3474
6731
5720
10213
10189
11840
11531
5075
3393
4330
8112
8062
38
10922
128
10532
8775
5779
11765
5340
6199
3338
9200
8810
4548
8989
5315
6804
3453
10399
9306
9108
789
2977
4753
6373
7938
2432
11225
4304
6904
3017
5726
1874
9032
8589
5091
5268
1455
2505
11747
35
86
2336
7636
6727
7221
965
3052
10145
7475
9773
7576
8578
9292
6092
755
6406
10061
4951
822
776
9607
7105
1125
3423
78
2650
5867
1252
11884
10255
8075
2762
1486
6298
11435
5083
4580
2111
9332
6082
4358
57
7331
9921
2642
9681
5017
1584
9005
9961
1898
8537
1865
369
11268
8244
11249
6661
4363
8284
8435
9305
4365
10202
5477
11619
5176
10754
3692
10453
8270
804
10702
7091
8881
9733
5745
4727
9769
6977
2772
4215
4497
5445
4075
6227
6479
9916
9994
3896
2879
5040
8845
886
1497
3510
4885
695
4583
5487
3848
2447
2171
6138
8834
856
932
10926
7186
10488
7914
1752
10360
4504
9908
6056
1473
5054
773
8225
11502
7956
4105
187
10870
11452
11565
9805
1967
7253
1408
6351
2166
4588
2013
1302
1509
896
8359
5465
9723
7267
11028
11621
10037
987
4896
4471
9558
2365
2301
1869
466
10780
11235
9854
224
4984
11159
5552
4245
4220
8242
3172
4368
2793
8211
4167
9091
6474
3244
11165
8514
6724
7198
529
7997
4316
1176
2439
9887
589
361
11110
7948
2458
10699
1303
815
8385
6797
11467
3337
2017
9984
576
5318
5629
4406
2812
5504
1936
545
1569
7204
2522
4142
1435
4404
8067
6770
2761
10211
3210
409
7557
2922
693
8394
3543
4567
11139
9185
2994
6016
11065
7606
3208
7023
6494
8228
5968
2954
8472
9448
2701
10630
6944
5043
11538
3287
7833
5800
10685
9369
1678
8813
9020
9429
8125
11027
4723
8505
9978
10908
1999
5424
6460
1411
1470
3540
3882
2875
4218
11553
9888
1081
11532
5544
1765
8727
9401
6179
10536
2868
10711
11795
11246
10220
10807
4060
3196
7901
9307
2009
2018
248
1669
10821
4531
10899
11756
10464
8105
6886
6262
10761
11749
7314
7688
10763
10489
10016
4734
7513
8227
3959
3180
10882
5628
10587
5262
5278
4411
5112
3974
6055
2380
5827
9716
1052
6854
10694
4087
8960
10162
11692
2216
166
6690
5480
1686
5146
2826
6301
1679
6617
4042
7707
7066
3367
10409
9547
5365
4459
6232
1993
2004
2695
1130
11184
7258
6651
436
8402
8781
3592
293
10470
656
11214
4721
10769
2032
9828
3833
10480
3929
10795
9234
842
2156
10952
4572
11821
9331
10833
5888
10723
10682
3433
7097
9141
9618
1105
8789
2322
1981
6158
7946
11190
8030
11130
2297
6518
748
9640
878
9317
4248
6526
7239
2535
6442
3746
11539
2960
2516
1438
10520
657
8501
6776
538
8920
10359
6139
6950
4913
6330
8409
11465
8102
7854
2065
3084
4185
2500
9363
8847
2668
7587
124
3669
4262
7960
2935
2510
44
630
1025
2323
10774
2728
2843
723
9859
10387
7457
4720
9254
4689
4780
7048
8711
10921
5654
7825
109
8040
9869
6643
10456
9187
8238
45
2420
6610
10380
8190
5274
2266
3161
15
3890
5711
202
6225
3190
7248
7806
11336
1559
3248
5443
4143
5029
575
11422
1675
6173
9100
1703
9813
4083
6866
7876
7081
7300
7952
4280
10226
6242
6418
1807
9956
10932
11549
10782
8464
10008
5705
10829
11865
2056
5703
5578
8927
8117
10725
126
5950
3058
1247
2781
8369
11163
5545
3981
1086
10017
7047
4590
9657
7752
3029
3332
11217
10478
7453
1026
10924
10796
2354
11686
292
5973
8846
8324
6319
10499
11006
9245
943
11196
1858
6627
238
2325
1980
2987
2958
10659
495
2445
1483
11601
8814
4509
11194
1098
4315
3339
4228
10128
10760
5439
3139
4126
5655
394
10775
899
8457
11470
9652
11479
3130
1410
1342
10358
5090
6613
3519
5463
7888
11271
3831
294
6679
9534
1588
4279
1791
1845
11753
7685
6912
2542
5453
2443
1279
3206
4446
4810
9459
260
1481
6448
6736
11474
7281
6083
9946
11257
6641
5231
8144
5188
6311
7079
765
11443
8967
9217
365
9192
4439
10400
5362
4701
373
3597
9283
7565
10187
4188
7755
5700
9454
811
2180
587
9003
6171
327
11617
4722
7858
10077
5237
6782
7444
3111
7727
792
7032
6673
72
8592
7551
1888
7816
1358
1625
11610
4766
9295
2834
4412
2551
972
2397
606
6766
7920
3010
2604
3027
9637
4344
11732
4088
3375
7416
8701
10391
9658
1251
5771
8940
8852
2243
4430
4691
11594
8955
470
840
7805
2601
103
2854
2069
2906
28
1526
8690
11427
6001
9817
1008
1143
7846
754
11143
6980
9755
5123
5929
7464
729
9134
6091
5999
6416
3727
782
3611
6956
4380
3392
2658
410
10372
2567
6090
7055
907
4022
4728
9094
1870
722
7106
11450
137
8828
2211
2349
5322
541
6715
11649
2743
795
11848
820
617
11735
3476
2727
4929
4711
5583
5099
461
4884
3036
10000
7878
3808
7225
9189
11661
2082
5323
10384
10063
5948
653
10797
1088
8908
6723
9236
3405
3114
11654
6560
11832
7439
10991
5842
1978
6868
4201
8463
1040
8950
6004
4309
1863
6684
7158
7392
1597
1309
1057
3037
8552
3096
5049
2712
2649
4028
6909
8583
8538
7070
6911
11543
9559
2373
8304
1276
2178
3386
10933
3859
2019
5678
10637
5061
11876
5116
10215
4564
6933
3419
3967
588
11059
2125
251
9853
5778
3529
9737
9299
9569
388
9470
11847
8682
6491
11451
11221
10243
151
11603
10974
5053
8471
9903
1933
6575
2183
11387
1373
7991
9633
9942
6461
5677
4397
6717
9951
852
1368
2134
1326
4378
5891
8559
3752
11042
1885
11233
9814
6595
10886
7046
11516
6034
5788
7381
2497
414
4426
5532
9076
8092
2011
4463
5488
1565
11722
9619
6150
10233
8445
4873
8761
11522
10675
4596
5928
9129
1199
10527
5300
8632
6678
11511
11864
9375
5430
8426
11317
2184
6807
1457
5977
4660
9868
2346
397
1240
961
7534
2298
8868
10542
11364
7030
5704
10311
8812
4247
585
5625
2636
6559
8122
9145
9367
5938
5676
8069
2468
9088
1867
6024
11118
5864
3537
2207
68
9132
9520
2203
2617
10428
10366
1062
9057
4241
544
4091
1960
3909
5591
4255
7530
7085
5737
4571
7131
279
14
1723
2975
11019
7092
5984
1599
3892
1713
6967
257
6996
3541
3820
2339
3579
10364
1808
7183
5649
1109
4513
7896
10975
1653
7031
11251
11154
9599
8839
710
3836
853
4350
5358
4460
3461
1945
141
5221
11911
4008
4806
3009
6018
10514
2392
473
6867
11685
5102
11334
744
10072
6941
2635
1698
7518
8529
3545
3505
7479
6865
9122
3915
1513
3834
2587
9650
746
3785
4361
10373
8719
10865
1490
9133
10599
8979
222
4708
505
11562
2320
3388
10504
6321
10421
5822
10636
1514
2928
4149
2003
11760
1444
6571
3072
605
10654
5253
10436
1153
6769
11528
1623
5407
4073
865
7649
9546
6910
5332
2241
7420
4331
7108
8900
2519
8191
11237
11871
10911
3143
7681
11468
11741
8042
3451
928
5057
9092
1228
6832
8313
9328
4833
9284
680
2527
4199
9085
3636
3998
9466
11759
8753
9159
3879
5536
1063
11639
7934
3630
4834
3353
4554
9030
7355
1764
7077
2310
622
10159
9324
2026
146
9648
5245
2707
4958
537
1917
9467
1830
6840
2459
5904
4570
5970
11304
1434
690
6431
246
1932
11647
777
4846
7335
8957
8104
5680
8540
955
4910
9596
11635
912
1899
94
7
7194
9588
4526
10953
7296
5173
4484
3750
9519
100
10785
7593
7852
4709
7170
5820
1657
4577
8605
1144
5670
3941
9107
2456
11005
5744
2547
10079
8006
1794
2632
1508
3885
3806
5307
9703
7372
5467
8318
7540
10502
6705
11326
5841
11699
10883
8918
5185
3715
4500
9079
1575
6683
10174
9672
2342
4204
11636
1538
7302
10956
3825
2984
9025
7590
1740
2334
8894
8315
7711
7961
7226
9212
6681
11456
11867
8036
11675
1256
3631
5217
3811
6379
280
3484
5109
2590
5280
8565
5479
2921
3973
3768
11207
3373
8642
8364
6219
3020
9418
6485
3354
4982
2401
497
6742
8733
5107
6283
923
1007
787
400
5164
7725
1655
8774
11079
4614
2759
948
8141
11901
182
3032
6842
2878
11863
1265
8911
942
818
519
9848
6567
6453
5743
6697
7939
4313
1758
6937
5952
10877
1108
228
3147
9387
1000
4783
6859
6141
2810
7670
11236
5496
1965
6234
6802
1586
10277
5732
5605
2369
6936
7700
7082
3873
10828
4905
9362
7025
9837
4637
11282
5328
10439
9643
10042
9266
10992
8314
1255
7056
1849
8801
5136
734
10055
10987
3758
10280
984
10811
5901
8483
11518
5575
10633
10543
8769
4431
781
235
1914
2979
88
10672
2258
9167
594
1627
11265
608
10325
10537
10057
9601
6972
5167
2530
10968
5585
6908
10059
2611
4481
7766
6549
3140
9069
6786
343
3038
1118
3609
7049
9068
5519
5276
5289
3365
2329
11845
1519
5925
1716
11164
6398
992
7119
9635
7904
11589
3734
5898
1049
522
1690
4823
1666
4364
5911
1683
8
4389
2835
6438
2330
2450
1313
11929
7191
1652
8624
7866
10881
6783
5581
8749
5359
10271
9176
7214
8998
11179
6628
11200
1196
951
7052
3071
9747
6860
5046
6096
6815
10131
9050
9449
9586
11660
2862
11016
3489
7485
4773
5693
8503
2045
1848
9537
10451
6013
99
6772
8396
10949
9752
3255
239
1592
10019
7482
10743
4508
7202
8031
11581
6316
11034
92
3044
6691
4195
11063
9409
4326
4557
10741
1868
5806
2797
11433
9333
11659
4034
6658
1854
33
5546
8332
5435
11175
398
2066
5151
10120
4700
3648
4078
9802
10484
10801
4081
9706
8653
11875
2667
1204
2968
6480
10080
9220
10292
10635
1728
6932
29
8865
7942
4239
2887
7574
986
1391
6269
8053
8356
3198
10002
678
8341
3839
562
6885
23
11018
11459
7423
9148
1955
4033
9494
6476
11247
2597
8239
3625
10990
3895
10123
4387
6809
5927
305
8903
3585
6979
2204
2666
7487
6924
2720
8755
1107
2087
9531
805
1192
1760
6879
3911
11584
8232
11302
1772
7065
9009
8750
1307
9525
6147
6254
6047
10639
7096
10650
4584
3900
6176
10676
6496
7342
1876
6452
4855
2364
3778
442
1340
6892
11734
9425
1553
8995
1173
1735
1819
5402
909
9931
3571
2726
11114
1674
9564
1970
1500
1543
7522
8579
10392
709
9225
3619
1041
10332
1937
6650
11704
2941
10408
3069
6057
3395
7219
1887
3906
2607
6222
11382
2167
6532
9824
2753
1532
1304
10707
2245
4744
3982
7282
4150
8738
2173
6554
10610
3988
7188
1556
4067
4229
2785
4232
1891
2514
9412
8478
5094
2054
4827
8443
7084
1001
10832
9580
4108
4077
2084
3371
8863
2446
11841
1732
9850
1236
9688
7043
8613
2972
9248
5699
5113
5830
4169
8390
2000
4791
6136
10680
10038
11421
7698
11806
11108
3616
960
7452
5747
11291
4970
1253
9982
8572
1489
5781
5810
1581
8657
4793
8582
10317
9649
4927
7412
7616
1953
5050
9632
10714
1021
4183
5037
7398
5070
6968
1539
7434
9641
7516
2613
10269
11230
2844
8251
5714
10103
11254
7570
9721
9699
2096
173
11586
10284
8803
6795
7490
7442
8381
7860
5244
7210
6492
4790
2473
9243
1682
19
611
4153
1809
2384
5869
5021
1492
9087
5834
9541
979
1976
924
8055
5383
2315
2371
7059
8194
9715
7014
6556
1257
396
9969
10003
3562
4233
5129
8988
11169
3589
8296
11321
6032
11772
8869
9182
10715
5772
1425
8335
11928
8616
1314
5521
4161
502
7325
8496
6603
1068
600
3335
5192
10299
4800
4301
3399
3261
6856
1323
2858
774
7745
4994
9885
10984
6294
2093
2293
9568
7613
9877
4455
4469
5651
9219
11003
2057
11255
1013
593
6094
547
6507
5564
3165
85
1413
3241
4236
1645
7146
1605
6648
11523
1583
498
3966
460
4770
7810
6718
3634
4902
6638
10747
11521
4759
8437
8964
5671
6657
1542
6206
6955
4925
455
345
6716
4444
9325
3401
6213
8932
10778
3772
4945
440
8218
2588
11907
5160
7668
1032
7402
3286
7776
427
11436
5601
8817
4403
6021
10235
11476
8179
2022
2317
31
325
7535
3047
7103
3872
5246
11738
9925
6325
7115
8872
7705
4131
3666
1264
3827
4222
861
9981
135
8452
4470
9298
9031
10561
2591
3756
11493
8525
9500
11374
9096
3623
5849
5923
10426
4499
4264
6368
10645
2804
6689
4355
11030
10673
2936
8944
7691
2709
1842
5457
3471
484
5694
2067
197
3400
2790
5784
5150
1852
2596
4931
8473
4342
8767
2202
4868
11418
4502
3107
4019
11199
8780
7478
8184
5356
4095
2196
5643
10864
11348
5410
11359
11216
8401
7425
79
6869
6685
5565
905
7772
7050
10416
11650
10825
950
8924
12
615
11138
10885
10863
4717
10692
5200
4457
5997
3025
6760
9427
9419
6799
1152
6637
7136
713
9040
9351
4943
10300
2896
6437
3420
2415
1795
3274
3898
10898
2267
5764
528
2934
4275
10513
11596
3118
3411
3406
11250
4651
698
4980
9084
8856
10443
5121
1547
3684
700
9665
772
3216
3952
5234
9662
11524
2440
9043
2735
590
1825
298
9771
3199
2077
4617
3246
506
11751
1602
7218
10282
6247
3145
7137
8362
4427
5903
11116
300
3142
5617
11615
6306
3620
4593
8124
1169
7098
2736
10862
8560
3442
4172
1943
5393
6607
2089
10551
8822
1840
8171
6631
8021
3352
6710
9177
11307
2827
2926
1942
4136
9334
813
5392
4656
6377
4993
10906
5395
150
969
3492
10386
4978
825
4977
1166
11100
6551
4480
3935
10305
1689
8278
927
4644
9798
6093
3708
3824
2101
6920
5696
6026
5033
646
8447
8116
171
237
8348
2148
6449
1701
2648
11852
11050
11755
7454
3843
3989
7867
6397
6069
4202
1577
9899
6020
10651
4655
3177
9857
10257
9059
10999
725
3382
2923
7306
7373
5775
10186
5104
2478
7363
2049
7662
3175
7216
6378
7135
1162
3567
7199
8397
7270
3333
4809
420
4219
4428
2285
10367
11918
2863
2938
6343
3330
11076
11170
25
9421
2487
3319
635
533
5777
10613
8045
10752
11181
9237
1541
7716
5799
4156
9098
2557
3046
7447
5734
6801
10954
2160
4483
4592
4893
9782
3635
4812
4240
6903
4976
10943
7063
8984
5604
5355
2270
5279
449
1501
1934
5845
1
10701
8123
10854
11505
3345
1779
4716
5309
7702
1073
6039
7885
9791
1736
5635
6517
5211
3856
11507
11158
9058
7742
6880
3222
4680
6040
7241
3048
4963
1352
9889
359
4789
2199
7365
10896
6561
3683
10440
6280
7309
3191
11544
4492
5740
8823
7408
4799
3359
6131
2356
2882
11239
11209
10493
3049
4119
11192
1004
3166
267
11043
4794
10521
11167
7765
354
6
2435
4295
10852
1129
10006
56
10684
11090
308
10697
9856
4168
7042
8808
6768
9271
5062
9612
7625
6066
6429
11240
2083
9638
1705
2639
3218
3576
8999
4002
7251
8101
6841
6872
9272
1448
10034
11689
6478
8415
5910
11560
4819
2147
6756
5557
6226
7348
7562
10892
11040
11310
9511
9957
8497
703
6009
11886
5100
4159
382
9024
5493
3826
4277
11099
726
1258
9807
10784
5066
8640
6935
52
4838
1614
334
4398
6230
11390
3384
5052
6654
368
10810
152
6621
7519
3696
8130
738
7714
1729
11136
9402
10110
191
6644
2140
2030
8474
614
507
10496
9280
11550
11842
1750
17
8526
7411
6702
7768
4278
9355
11767
5762
2647
6861
5405
5613
8633
3560
10353
9484
7706
8524
8068
6771
4176
5478
1801
1941
9602
7586
4804
3977
1587
4503
9770
11306
894
4225
5624
7708
9044
10601
8647
8376
8051
8889
380
6246
8508
4648
5589
10642
6051
9178
3628
9972
2556
8821
11373
697
2488
7361
4757
5811
11140
6976
3088
11646
11568
925
220
1419
1702
5201
11313
6964
10328
1311
10206
9081
2566
2396
7527
2763
8392
10589
10806
2181
3637
715
3867
10108
6693
11408
3078
10840
9457
9250
6773
11445
6498
1820
2856
5615
9251
9763
3947
8684
7731
6862
1232
10109
3515
4818
5206
8590
11461
9555
8510
9583
11593
8850
6109
6369
1879
11782
9423
393
4362
10526
9124
10616
1771
4600
7118
524
7545
10350
6463
6384
9267
3051
4217
5078
2981
1451
7744
9372
2482
3192
11366
5887
5125
6744
7209
10403
1873
3905
5709
6044
7172
2711
10552
6272
6728
7770
3379
2605
10818
11
9268
8571
4432
2074
9238
9953
9203
9932
7291
10535
1676
2385
9190
4866
9366
10185
11358
1112
2120
1510
8974
429
11602
7346
3677
554
9119
7354
4853
10779
179
1055
3488
1603
2758
2221
11866
458
10719
6459
1366
1812
9156
996
9543
11881
3679
200
1788
2677
592
6241
5350
4899
8319
10088
6899
3264
10248
7864
1956
6363
9556
1971
1423
2685
7254
9310
9285
2619
9497
9056
6826
5796
2811
4151
7351
4944
2586
11861
741
11671
2782
5371
4318
1064
11202
4821
10035
3742
11352
8858
9843
1397
9964
8262
1409
7721
8029
9676
3999
10106
10799
4390
6270
1462
2757
11932
7599
1044
1388
3660
5647
10914
2442
6130
7697
8663
8430
10393
9573
1297
5379
5429
6159
6399
6671
2308
10804
2357
69
9288
2853
9708
476
10549
2192
1491
9455
11883
10347
5008
2656
2118
3292
7633
7605
4627
6624
10044
2569
7829
5555
10915
3901
864
1077
7152
1576
1585
9646
4209
415
5317
3105
3340
10089
371
2423
7919
10204
5686
34
6450
4381
762
5182
1774
10231
1744
638
3065
10937
830
4603
11155
797
1591
9163
232
5713
3600
670
3452
2603
11413
4445
9371
7837
9303
11702
5415
4609
7510
11547
11412
95
5316
74
277
3491
2893
9165
2671
3881
10355
11021
10841
857
7421
2048
10619
4386
4956
7785
11794
10916
1180
1216
11243
7890
7187
10765
6358
11816
6822
1138
4434
2577
9244
11309
8331
6870
432
3711
7894
199
3644
10071
8446
660
9872
10985
7401
3463
11369
9316
4613
7761
4115
8403
9625
2651
9342
3464
3016
3162
3378
7803
1115
7964
10322
11337
6945
3357
3302
7926
6743
2332
2669
8708
2803
1250
8310
11662
2833
11017
7033
7245
7157
1328
3861
8893
344
2503
8272
10629
6791
4995
11403
6401
4533
4743
5900
1320
288
2531
10798
7892
5172
5939
5263
11330
6925
6694
1796
8500
4620
8107
8166
7129
7611
2983
5531
1443
1525
9208
962
2976
3120
3784
11442
7870
11555
352
8485
4449
1113
2284
1517
8011
2969
2179
2494
2654
914
1503
6752
5455
5862
240
8702
9777
9818
3224
9405
9315
10604
9545
3707
181
9886
4960
5618
8584
6178
10368
189
2319
4020
6623
11126
11817
2314
8441
3793
2553
7086
7552
9428
10023
1190
4560
4505
1048
3615
6781
10873
5606
6855
8884
5079
5004
3539
4302
7155
3231
11902
8210
8299
11234
5498
5144
4393
2947
11081
5503
8120
1463
5707
3104
4186
4402
1922
10287
9615
2730
959
2745
11259
1629
1477
10212
5282
6064
7995
11805
3251
5920
10875
5597
9865
5611
9671
1991
5068
859
3115
1892
1357
3418
10995
2376
5354
6848
4090
8246
11391
6005
6323
7001
6146
5809
1157
3121
1184
1338
10180
2232
3857
7977
1903
3066
7107
84
7481
2680
10815
6172
9162
4069
1181
10730
546
3203
9506
8039
3403
11290
10668
4733
4657
10622
9709
9751
2723
8019
4261
5685
3776
11011
764
4401
10718
7222
3726
4678
9736
8070
6456
11055
55
7779
3986
1554
9357
2302
2564
7580
3428
10067
9462
2338
9247
11171
8692
7134
829
2327
9152
9439
5679
303
1613
11071
5449
3573
2208
4551
7634
4274
1624
10423
8264
9175
3652
6598
53
4646
1816
1120
8504
2261
9361
10087
751
7899
8109
375
7891
453
4001
7797
8114
10455
946
7581
11238
1558
3775
9883
6688
5301
7133
8599
8222
7940
1535
3903
1634
4741
8928
3422
6974
7922
8759
3594
7844
11473
3955
8424
5981
2222
464
7693
3773
3769
115
11177
10888
6075
10415
11074
8723
3870
10973
7385
2193
11548
11916
4851
9103
7233
5381
8350
2281
6803
2991
4414
2124
9231
9992
472
3656
2344
8986
376
4141
3599
8643
1182
11047
8551
9876
6161
6352
9394
6645
2210
2673
9311
5216
6986
3802
1218
1684
934
2271
9408
4189
11857
3800
8923
3819
9498
10193
8340
6753
10831
2393
6596
9016
6121
4374
7496
666
11080
2771
1100
4746
5540
4017
1950
1078
10867
10567
8355
1972
5932
3320
2480
3524
3074
3612
6299
2235
5641
837
11670
3737
8644
10424
9142
2105
9431
1005
10064
1023
148
1136
6400
6714
2869
4196
486
10866
2630
503
2676
1782
3883
160
5931
8371
9413
2153
2461
2529
9453
4587
11447
3643
58
8650
6300
9858
8131
6765
2886
3270
8672
5180
175
3691
11573
2251
8885
1395
7413
7371
933
11564
1601
6084
1504
3844
9441
758
7193
2383
10200
4795
985
9915
4635
7278
4848
4510
5805
8777
2683
1158
208
11616
11383
5790
7585
4515
4030
9507
8281
4178
3276
1128
11637
5194
9846
8651
8610
4569
3725
8241
278
9475
3714
7409
3325
9606
5787
