3989
842
7700
8557
9971
5418
170
8378
851
6669
945
8190
2184
6044
2100
6544
4812
498
10471
4011
9642
11504
9613
6197
6394
11371
880
3105
5527
7978
3645
2211
5259
6176
2564
7318
8099
11880
969
4259
4253
4804
8823
5954
7693
6787
447
7128
10469
1228
2848
5117
324
8819
3396
3009
797
10590
9265
6575
3202
3237
10701
9150
789
210
1970
10655
1076
8306
1661
876
3559
4173
8659
8651
7993
8052
1508
3751
11768
2545
840
11247
1320
6420
7818
6768
11385
1985
2789
1848
1691
3194
4310
10059
1295
5049
5213
1995
11816
607
2492
252
771
388
3643
11871
781
4801
4348
1174
3014
11121
4340
2108
6139
5105
5330
759
6211
4048
915
6380
3542
11900
11628
765
5822
3787
1823
4442
11141
5193
11024
7798
6209
8381
10805
10136
5256
6845
8443
11153
4875
10595
3917
5807
4110
2904
11179
9762
2561
10977
8899
10455
304
5560
1366
4687
10001
7936
6661
5210
7168
11290
4799
6170
1430
7162
3101
5268
993
7764
820
9919
10776
3282
11862
8295
3146
128
7944
7469
11027
1878
9910
10700
9102
88
2862
2998
4158
5638
9105
10249
3464
5206
10669
2280
8477
11808
4623
10816
7314
5318
7865
8471
3299
1718
3254
10439
3269
4022
1703
9968
6864
7207
9173
7201
7379
7609
137
4960
7845
3455
1039
9652
6228
3140
7690
9225
4000
9790
459
10866
2620
4985
1075
1401
5880
6599
4800
5182
7600
8082
9441
8117
11388
2642
6863
11036
11923
9623
10242
5226
2996
10641
451
7054
1361
8345
1919
10207
11753
1669
10397
10276
9829
6928
11082
2673
9775
11817
8196
9573
7209
8429
103
1456
7595
2820
3505
5849
846
6974
2799
5763
2432
10416
7117
2520
1316
1519
353
4165
10642
1679
2
8529
565
11834
6312
7218
9617
5120
6903
336
10894
167
10947
74
5217
11760
3933
1902
11819
5034
3361
1396
9223
8370
5435
11250
9681
3823
11917
11411
4743
2069
879
11882
6830
5203
2527
11215
11868
1169
7651
3418
3781
3034
8350
8990
4224
11719
6714
11335
10479
6374
1885
5986
2339
4313
2882
3271
6592
4043
4734
8414
1444
10456
2612
9402
4120
2734
10333
9947
4335
7081
6411
9164
4267
6457
4065
3139
9598
7946
7166
4689
4392
4887
8893
9062
10382
10675
9335
8255
8339
1653
10270
10184
10743
3444
9575
4738
11670
10409
11147
4948
6975
5024
5762
8454
4517
11927
985
10959
6348
505
6838
9694
2141
11839
9185
3143
9156
8068
5011
2835
2526
5169
9101
1063
1167
8572
303
10155
8808
5753
6780
334
6347
3514
8368
8928
3523
4478
5860
2387
9403
4751
7898
10949
7170
1558
2958
6268
3632
1619
11503
2439
8847
10661
2956
5302
458
5121
11605
5165
3740
7964
6670
3765
6945
4059
3737
7601
10194
6154
11536
7923
4063
3318
9666
425
7674
2397
3711
3171
4940
4239
7131
2724
4771
6029
8720
6837
11689
3861
6292
4417
2592
9296
7499
8150
61
7416
4756
11731
6867
3921
6535
3480
6962
2452
8283
7108
6346
233
4818
8815
9058
8620
7353
10868
11156
58
2801
10551
1050
5958
697
4127
11663
272
10020
2873
1839
1071
7334
9388
10190
9982
7112
10040
8988
7332
11073
11551
8672
11404
2380
7701
2950
6606
9740
11548
4497
11777
5619
2761
5776
1900
1539
1185
10173
6109
10955
5353
3949
5508
8680
10875
3019
2648
7706
7183
1301
4001
7361
232
10532
8704
7647
603
5506
3544
9838
10621
2807
9784
4296
1608
10759
8274
2461
37
9013
8323
2984
11452
5103
10083
541
5297
9545
4685
11070
4432
3938
11696
3295
6440
7111
10766
4286
10640
6229
7383
5257
11814
1457
10183
1322
5309
10116
7988
3097
10064
2269
3326
10964
4161
620
3112
1250
10810
8981
5787
4331
649
10683
3351
7363
2147
9035
1183
506
10887
9417
7918
1830
1242
2321
5978
4357
1579
6101
2403
8891
2975
4567
5597
1217
8163
11478
10446
2095
7781
5376
3132
3053
5441
7020
2304
10477
7376
10032
2869
2307
6235
2755
7452
4539
7699
5826
5477
3496
8363
814
3144
4769
8507
1930
4169
2741
2644
10711
8364
856
11040
2627
9821
6899
1578
3940
3229
9350
8946
687
981
7123
8059
9540
5976
4695
9411
7811
5957
11533
4199
7503
9133
10386
25
9667
8232
9522
9716
1667
2231
7244
7185
11612
2905
5735
4419
6253
5094
5536
2260
9907
811
8140
10392
3406
162
6522
11600
9396
7691
6555
7861
8231
36
7008
3117
7812
3104
728
6820
10969
3506
2783
3325
5723
1803
7403
9247
1356
11545
10798
8273
117
4701
10265
5215
3339
1543
2248
6367
8898
8726
9542
8662
3705
9893
8256
6859
11248
1999
100
11163
5286
2270
5834
4901
2294
11722
9326
4092
7739
6333
11272
10638
6937
6775
7735
9753
2802
11520
646
249
3281
6941
9381
4408
4060
8207
933
2039
7392
5925
2353
4507
5197
6664
1536
6410
5421
11717
1237
5482
1248
685
7466
3812
4572
6470
8262
5405
3412
2725
3866
465
2267
7300
1507
2867
2105
7921
9684
4145
6422
6404
10882
6668
7290
6640
11433
10351
5812
9963
3859
6340
6569
11426
1402
2189
57
7586
8832
8920
4180
5390
8479
1059
10115
406
7851
3566
2892
9601
3531
10458
10453
839
7817
5570
8605
7146
11278
4672
5151
3952
5737
254
2646
7323
5384
7893
1635
3602
1041
4457
6678
7127
2608
11004
6191
10870
35
4842
1953
1184
4770
9498
4546
722
7006
6003
9874
1450
10119
3106
523
1274
298
9339
3907
10358
4226
2515
10681
11697
738
3340
670
5879
8445
10214
9863
6479
282
9507
1011
4883
7675
2052
10652
9056
5426
3193
2766
10292
7628
475
1022
7151
3102
3
1214
7352
10171
11563
11823
1305
584
9052
5874
4466
6623
8357
26
514
5116
172
5842
10104
8270
6169
2536
4714
8153
8601
8180
4225
943
7109
7430
5161
5129
7083
6612
7333
8412
11579
11135
4207
281
4275
2338
2431
5869
9422
2225
7116
2770
1769
8675
8863
2042
4945
6163
9908
2697
6250
3338
9413
7535
1045
1173
8883
7180
894
5020
5097
10699
4142
11617
11307
1605
4757
8030
4330
5261
6081
2348
7658
1961
9987
2762
6167
5325
5279
96
6035
4438
145
2109
2145
4573
5010
6914
7928
546
8182
3065
6030
8644
8518
4082
3877
8606
3517
2872
4298
6563
2283
389
10089
5044
5015
8042
10090
1842
4185
5903
1454
6055
3589
111
5507
4407
855
5470
6610
11035
6212
4915
676
1974
2222
11058
9580
4853
1391
962
53
1709
4156
8892
152
6274
10581
2906
6760
3307
1595
7482
9809
9117
9917
300
5394
11205
9595
9197
7546
2780
4496
7740
7029
9491
11848
8935
8406
3629
10824
11337
6050
1354
9606
6221
6953
972
1204
6502
5109
8245
8286
1091
10867
5806
10917
4485
5858
8773
8029
1651
10927
4010
11377
4258
6057
2174
904
6821
7349
8261
5875
9722
11829
10569
6552
8760
4676
11601
5489
1433
7779
1088
1523
6160
5363
7829
9589
8547
3457
695
6813
6808
2016
9661
2740
11201
2219
4033
6831
8359
9744
5862
2207
1100
10715
3383
9918
2550
8751
1480
5761
11854
10770
6930
10188
8352
5323
4344
3553
2588
7172
11455
5253
9038
5928
6092
6844
6293
785
3710
11606
5830
10835
1417
5314
10647
4341
5056
8814
7784
11136
11213
6259
979
794
6691
709
6441
305
1448
9360
8223
2240
726
887
1524
5061
3350
11517
10209
3839
8314
5046
11659
3595
9861
1264
657
1123
10140
10606
8193
9833
11144
11908
9449
3135
594
4873
9493
10033
11298
6026
10535
2350
11234
7649
8044
7005
11672
5101
4516
9103
2332
2941
11351
4495
11618
6782
7002
7359
8400
3220
1115
8049
1069
3779
4026
3382
2385
7778
5754
7839
228
1495
2969
10284
10430
3041
491
956
8013
11496
11287
4594
6926
9902
2960
6892
2687
2510
3920
2384
10672
5994
4793
8805
11228
5069
6224
39
4066
7033
761
4513
1958
7329
8031
484
7969
2217
2495
6063
5655
7606
7967
8063
11132
3079
8087
1352
9641
9147
6886
2760
10440
8121
11360
1903
287
3303
7044
3275
7571
995
2870
2518
4509
8567
4379
4786
8862
1701
7911
6272
7134
5752
9628
8285
11627
432
5526
8655
10024
9269
317
884
9432
3210
6283
5886
5555
8279
6900
1869
2784
3103
6362
11812
10359
11775
10127
1143
3273
9004
9079
9610
1887
10325
9656
10687
8954
9571
11856
3540
6461
1643
3688
8324
3020
8194
8845
9288
7686
9233
3889
10799
2143
10574
5494
11080
5818
1258
4570
5942
5592
11302
8725
701
1631
3274
8842
101
10929
4203
9887
11924
9939
197
10208
343
8839
921
4101
2640
4934
6525
4527
4583
801
3141
10629
8900
8435
732
6994
3047
3473
1046
11438
5780
4184
4365
8912
7121
3873
5352
4264
9906
11102
9528
7320
5837
4930
1116
2519
9226
11680
928
11403
11702
2793
3901
11805
11804
4186
3713
4733
7406
11288
1750
8366
10039
9822
1136
2127
11638
7203
4112
5683
9517
3213
11293
7225
9814
6016
1431
857
3915
9078
1384
2101
1303
11115
365
5835
10241
2827
3593
10493
9946
8006
5663
11664
9136
7230
8114
9488
746
8789
2342
1742
11368
6707
1549
5749
1087
379
11544
1243
461
7358
2634
3389
4737
9368
2478
8078
6381
6758
3647
8218
7478
5973
2699
7783
4080
1716
1526
5080
4500
8848
6919
6149
3182
6682
2172
2226
222
745
11442
9443
8430
8022
10567
844
2707
5308
1319
7437
3899
11436
10074
11087
8979
7789
3328
11930
2340
6576
10240
7994
4544
7719
9008
5777
1870
4371
8105
1085
580
10357
1624
918
8148
5271
8787
3536
11315
3592
861
4098
9549
7657
8157
9065
9063
4263
5568
1446
1561
9509
2434
1797
11847
8360
9883
7874
8209
641
7808
10907
3527
6857
7995
3018
5512
9291
204
9323
8827
6991
7864
125
11518
4697
9097
10619
5798
4724
5706
10883
9702
8071
4018
4825
1756
6254
3707
356
10539
10335
6096
8645
2396
7804
10999
889
3900
11301
6666
1229
8396
7972
11832
3137
4281
3263
5368
9816
1188
7155
10443
8706
8025
9162
4304
1724
8583
8579
7250
11591
2674
11887
2945
9819
1768
1193
8111
7308
6000
1500
7202
2335
1656
10498
11180
555
6285
471
9999
1341
1218
11735
6949
9629
973
4912
1962
4152
8517
6021
4711
4561
3279
369
4097
1441
1198
6336
5692
7711
7734
901
8020
11677
6896
9769
5766
1510
3304
4848
5221
9330
809
2091
8014
2359
6355
7169
9711
325
49
9840
10111
8061
5029
9912
9492
7252
6621
3329
8984
515
7826
9144
9671
10057
7502
10837
2381
8380
10689
7140
8183
8710
10120
2140
6237
11892
2366
9690
963
1984
5941
10976
6736
10592
2826
7153
6058
2903
8538
2787
2156
5334
2297
3975
8407
11883
10138
11706
10664
10206
11412
10246
11511
4831
6764
3611
6506
8587
8050
11414
11370
1582
1671
4269
4301
50
10457
9434
2278
3094
8654
10823
2221
882
6493
7191
10953
9165
4922
10464
3815
978
3276
10584
7439
8501
11119
10396
4560
5187
6344
2376
231
10760
5604
9472
8798
9379
9535
7519
1125
633
7055
3113
3321
3664
261
11113
5491
2465
7371
6898
987
7904
8053
4620
10884
6968
3346
6988
6062
4070
1932
6973
3200
2134
5900
1825
5927
7381
2737
3192
8713
10518
9714
1921
5036
11000
3216
4586
6323
3003
4971
9241
5601
10615
6227
6492
11460
472
3268
5495
11799
6391
1104
10438
5923
7266
3802
9482
6375
7461
1187
10302
11420
151
4382
1965
7370
10789
9611
90
4647
3960
9474
1177
5359
3670
11314
10970
11186
10045
5746
237
8889
1
7877
5040
7624
7477
7983
4600
558
30
11061
11319
4781
4461
10229
2186
1060
2670
10180
9245
9828
8858
8169
5299
3521
11620
2898
1158
381
1829
3686
1476
556
11603
5919
10673
3904
11329
2202
6702
3341
6509
4389
895
7222
7976
10995
9970
148
3023
4215
11742
3378
6495
2468
2164
9047
9890
8864
9516
6065
6153
2836
11054
8399
7645
3892
2704
10327
6041
1139
8745
4376
4315
5704
1824
3603
4617
4994
8608
11583
2272
5558
6978
7659
5996
11067
4326
953
8119
8219
10912
1111
7073
2399
873
8365
6477
2014
7105
5118
9015
4268
10601
4138
5679
10526
171
11587
7688
6143
8271
1911
8476
2861
422
7028
3723
8299
2262
11860
5137
3133
6835
7456
11435
1105
8906
2654
5583
532
1511
747
1208
7298
4629
6242
4917
6957
5496
3320
6885
11906
2619
9260
6869
6119
32
2428
9568
6204
2243
2043
7730
1599
9801
9503
6138
9920
7631
11738
4306
7973
10904
7415
5444
6067
193
7336
2745
10226
10018
5878
5853
6708
2736
5230
3116
3259
10982
6800
6423
299
10215
7980
2758
2508
9543
10519
1862
1845
463
9404
3743
1879
6106
6984
10872
10413
5554
1917
3437
123
7009
4763
6273
11229
5078
8549
1802
8472
6266
9966
11904
1988
234
3764
2864
8386
7436
1858
8482
10958
3847
7494
6345
7910
9672
518
9406
4666
5144
8138
8186
11792
2035
727
1799
10849
1955
5483
8545
4020
10516
3152
1542
11575
5505
5474
5937
7253
640
7537
8947
6294
1277
6998
7505
8199
11637
5241
9916
679
521
243
9860
6126
11160
7316
10564
10910
2878
4838
3330
2571
10573
5774
6786
2097
8220
8145
8598
1233
4859
4718
3170
10990
9312
4312
4678
11146
8539
8034
2791
1514
4078
10217
4072
7846
11588
11363
8293
7879
6337
6520
4483
1522
7474
8224
2990
3519
2781
11484
7043
6979
10834
9352
3212
10537
7256
10461
5716
7510
7605
4289
4902
9113
4230
8470
5866
4455
9648
8439
2790
4422
627
5082
8826
5184
6681
8533
8671
3366
4291
5711
9018
7919
5975
912
11694
1591
6587
8258
6350
11202
5547
8427
5931
6017
8214
4366
3290
27
7355
10684
3434
729
3685
11253
11692
8011
9172
87
1860
5347
2649
164
9064
1079
9061
715
7952
4993
4943
9992
2288
278
5067
5810
10940
3404
411
5727
1530
743
11020
8913
1642
9237
1103
4305
3539
4491
2617
1343
6406
3735
10527
10829
1587
6383
9787
8943
11430
1365
11003
3800
4350
10163
7147
9945
8222
6605
2417
5035
6600
7887
1458
5912
8296
10780
8528
5629
10411
10428
1575
11189
11316
11354
10925
1051
6625
370
1213
8640
11269
3780
3219
5486
8461
2675
10851
8969
3520
8803
4334
6244
5522
7487
3257
8762
3450
7525
4876
8143
4356
9051
4515
10704
2594
4015
9455
7559
2314
977
10049
7749
7787
8736
2955
3039
4429
9088
11011
5949
246
926
1035
10199
11699
4897
4436
8266
7186
6631
481
2357
2622
1390
3849
4640
81
9695
3415
9429
6865
1048
5653
5430
7498
9151
4563
1872
9576
6879
4858
5304
9072
4027
480
982
8624
3988
2828
1728
8208
9305
5963
11183
1614
409
5868
4134
5168
5246
11683
195
6164
7056
4590
3010
2888
5295
11878
10696
7813
10301
11500
7442
8676
1775
2040
1745
2395
290
9764
2695
7014
9023
9565
9100
256
6513
4396
2884
7613
4251
6726
462
1692
4792
6027
2621
5349
5775
7577
7246
2524
340
80
5743
10512
3414
6032
10773
1176
6395
9758
9578
76
3227
3672
1311
4498
3266
3525
6855
3331
8742
3887
6401
1943
7820
4151
10123
1284
752
6468
6649
5771
822
9884
2651
3804
2130
3005
175
4337
682
7646
5216
692
10380
8619
10232
10248
4446
9729
4030
5085
9977
5649
1910
8496
8695
6458
8588
5546
399
6123
5006
6617
3726
11170
2661
10848
5904
9222
1726
1989
5809
1567
5341
11718
4958
1778
9209
7475
10212
8149
3654
4664
6590
10412
2580
10322
9873
4502
11233
8682
1981
2918
6456
4896
10399
4533
2662
5142
2671
10008
10192
11671
2833
6715
1190
4959
4621
6897
1713
2647
2083
393
11557
3694
9077
2056
266
4849
7444
3240
10668
2952
7025
6329
11345
11667
3652
3617
2002
6716
2775
1733
7616
6510
23
9511
2546
1754
10332
7738
3581
2245
6302
1738
5785
8756
2629
3547
5658
7012
6012
10950
2023
7977
1025
1333
7529
5030
6827
7823
10881
10908
3840
7106
6833
5515
4278
9850
10543
4192
435
10815
11410
9146
6397
7460
342
6255
10316
7080
136
10617
4872
11187
11401
1000
8987
7717
4708
3842
2333
10609
4564
8027
7727
10817
11355
5124
7309
1120
8597
6048
4813
5541
2968
11682
11350
704
4381
11550
4228
1509
6705
2191
7895
3585
9425
3628
8510
413
9298
1016
8455
2051
10755
6514
4791
11863
6033
11705
2786
10761
9242
4833
7515
5984
1732
5656
4451
8244
8373
8465
9029
10666
5877
2159
9581
3459
10746
10277
5765
457
3054
8578
10328
537
4384
11651
11822
7956
11445
4820
10273
5521
1261
5033
9693
604
2327
8004
508
5122
4699
11598
9295
3419
8069
6004
10707
2072
10844
6802
11849
9384
10142
2200
10337
10578
11711
10019
8571
9974
6519
2759
1698
11480
3255
1855
7581
7842
5715
1588
11521
6006
4850
7102
8635
6602
6172
6417
1996
9199
6353
7301
3843
10863
4124
8174
8251
7011
6902
1482
1807
9092
6633
9751
3853
9264
10891
6409
5974
2517
1049
6206
7220
5473
8817
1097
5833
10441
849
1849
6358
5764
9275
1863
446
10600
3916
11761
9436
3621
3956
6636
6248
7236
4782
3392
10314
2266
903
6368
6828
2329
8135
2900
4554
9280
8206
11159
3235
268
7419
9333
34
5199
8278
10768
3342
3696
665
10134
8590
1479
456
3862
10098
755
482
4176
4183
10720
7075
1276
5613
2818
1810
312
805
9140
5196
8351
9915
5284
7413
9635
10203
4452
405
9527
6987
3908
7492
3345
6542
4405
1678
1423
8520
1065
10278
4736
6826
11710
9069
6981
2206
11220
9128
2614
7319
6784
11784
9718
2684
10585
4351
8703
6546
1623
3543
7148
2963
1196
10247
5001
10861
8830
5335
10135
1936
5606
6297
1767
9345
7171
1442
4635
835
5240
10309
3052
2777
6763
5687
4205
2163
9579
3390
11559
3746
5218
8865
5460
6387
2549
10421
420
11092
2193
2165
5153
7680
791
1283
6571
11762
5191
5086
8410
9786
5950
7190
68
1916
7364
3934
6753
6491
11577
4927
6711
11031
653
8810
11886
11059
3635
8998
2739
2237
11200
6131
3363
4951
184
92
396
9778
3717
605
3337
6620
9433
3440
642
10367
5112
11165
10800
5953
9505
11085
4115
1719
4511
8932
7929
4031
8237
2054
6798
1912
6882
10235
10728
8003
2302
7040
7521
7630
9851
9188
8905
2702
10968
11693
6481
768
760
5425
3693
802
4667
9654
2871
2383
109
914
10993
1052
3965
1748
6516
8502
2081
2726
5728
3633
796
6536
10554
5401
9985
1606
8017
1338
10122
10783
2253
4019
10044
6455
4879
9683
9282
5164
10150
6365
5135
2603
1084
10785
7531
4136
5490
10336
2501
4510
67
11155
9489
7107
10736
4085
1937
7570
6948
5531
3926
11522
2129
2472
2425
4953
11493
3159
3619
78
6944
1288
3238
5076
3922
239
346
1156
5277
8449
6662
8178
11920
9159
691
8870
9898
9435
9924
950
1925
2473
5416
6562
4604
9347
2122
4962
11126
2290
8051
9639
2053
1021
650
3073
8037
2063
8354
6574
7063
4472
6976
6704
6077
5455
3387
1646
6436
4659
8861
6556
11053
5475
8001
7853
6807
2006
1877
7208
7625
11258
9207
4154
777
140
3384
8282
9525
8727
8024
9201
5104
1275
11523
2994
6315
6823
6384
3252
6256
4147
4029
8010
7100
11530
5673
5322
9852
1740
2565
11570
3947
1377
7584
8838
9016
3833
4657
2613
8576
6547
10756
6594
10565
6920
9256
5917
8599
4722
1752
9675
4713
6198
2157
7493
3578
8488
11796
11212
529
9956
9074
4765
7554
7560
8447
4123
2442
4378
10307
7523
8843
2846
5002
8560
11540
9510
10198
11105
2500
10897
5587
2936
10108
7694
2408
5710
10068
10475
9808
6777
8795
5519
11196
13
8568
813
5340
1762
570
8822
782
11047
8265
9877
7745
8594
11629
6980
199
7407
8714
62
11901
958
9158
9698
8615
9257
1302
10542
8581
10342
11786
8287
11457
7704
10296
6550
6432
9943
9584
5174
11475
6079
11766
6114
9124
3891
2446
1812
5863
2277
1094
7431
3475
9944
5289
4058
3697
9328
9795
8639
3739
2727
10424
10329
5386
8428
6316
2507
453
8444
4343
4843
11241
2236
9232
10665
10771
9686
5058
7827
11356
8289
10195
2554
3963
9440
845
11541
7331
2997
3119
5562
11698
9319
3218
1074
6117
6296
1926
7696
3860
10331
1331
7626
9640
3638
6010
4037
11428
8475
734
3796
4468
4437
7963
538
1527
8669
764
9189
6983
4116
4219
4339
9122
2596
5747
4606
82
7279
3308
5132
4400
920
2708
105
11932
9811
9928
6082
10698
4287
1950
9203
1168
11727
966
9773
11825
2171
8097
10853
7957
730
9476
10442
7077
7695
1819
1364
11636
10753
1471
9086
11678
11045
1600
11925
6611
1487
4201
5952
2033
1517
4997
9253
6950
7794
8467
301
5845
2845
10213
7367
8971
5907
11359
3836
5502
439
2722
4628
997
11730
3528
9988
2420
674
11473
1106
183
1210
8005
9512
6318
7934
8200
843
10893
11138
9258
11090
5458
6992
11851
6925
2680
10936
4486
913
7935
2022
3031
563
6188
2938
7857
10081
9585
2735
10389
8806
3045
750
6001
2013
1650
4579
10154
6053
2839
2317
2388
3232
7655
3533
1538
11390
7057
10984
602
6246
6128
9026
2587
1871
7278
11308
3490
3189
378
1814
166
6165
3454
4869
4817
11198
960
7004
10967
1232
669
10987
1398
332
6971
742
8506
922
1460
6111
852
1110
3996
3663
5190
1392
11807
2447
2534
4728
22
8660
7578
9238
6214
10830
9544
5767
11798
7653
4450
5677
10466
6642
11382
7780
3431
3502
8335
1477
1068
654
3750
725
9572
9152
4762
8546
8948
6195
4131
1161
6723
8088
3370
560
11369
8058
8611
1330
8257
10685
7514
8309
5298
5493
5106
11361
5320
7251
7755
7652
7591
265
208
97
33
1267
4117
2638
3173
7496
2196
10533
2586
870
11041
5492
9277
4970
8763
10261
3691
4675
1259
2817
11676
8687
3168
11249
5178
4132
4266
5205
1640
3660
4265
5614
2951
5294
5772
3913
9471
3114
1326
7970
4645
3025
8107
10690
10056
1323
8383
9797
1904
5125
5582
1461
3991
9415
3426
236
3327
5870
1714
337
3386
6243
5791
11025
1972
847
7587
5654
3186
7902
466
10341
3594
5
8558
3302
386
7465
10778
5360
1056
5211
5742
8596
7173
11013
815
9844
6431
11561
6789
6551
7638
9529
5736
2050
9691
6952
3538
7885
7754
6910
10960
8548
3358
4844
8573
4240
9090
8556
5260
4470
1287
7261
3567
3162
5778
5792
428
579
1206
2454
3280
6710
2208
511
7103
2792
5517
11060
6693
1459
6097
11178
4100
6680
1817
2125
6231
6485
6270
326
291
10923
339
833
3127
10811
10568
8962
9217
984
2570
6652
4404
1290
3089
4421
9662
9034
11526
1794
5324
10233
9933
6490
9246
7891
8128
11254
7608
11394
5857
5625
6986
9724
3831
10852
6717
11483
7795
8582
4746
11464
1787
2815
4035
9889
6638
4375
8685
4346
1639
10165
7488
2167
7013
7633
7066
2037
3535
318
2895
2676
6045
3930
11001
11120
7542
7115
11217
5542
3174
11776
7816
9252
5233
7126
10222
6489
4794
7732
2289
6201
5346
10009
320
6498
8402
1739
8867
9459
8500
11752
5926
8977
2131
10717
4803
102
4163
9523
9864
9394
10620
7565
1971
10826
3071
6881
5513
2757
6878
9392
7229
7676
4740
1813
2655
11647
1592
8091
5539
4149
4458
408
10825
7104
7620
5759
3541
7720
11542
10719
1686
10075
1773
4071
10767
8940
10259
2880
702
11065
4780
3410
11918
5186
4316
5713
5892
1782
8132
3770
9127
6434
1058
991
1874
4824
2610
810
3122
3468
8638
4216
4218
6560
8610
3848
3323
42
994
7049
10692
7175
9872
10080
9625
5039
1346
5070
11922
10452
168
1513
8978
6049
6713
11866
11440
4935
11709
7327
10694
8728
3049
542
2393
1602
6400
5644
14
4766
6484
9416
8073
6189
10303
5391
10436
2112
534
11015
1822
11349
10427
2216
3051
3099
8185
3467
2635
2730
7219
1727
5452
3828
5303
5631
5195
10319
8344
2721
7793
4788
11781
3462
3856
2410
8228
4968
4783
3894
135
4696
1260
2560
5902
3503
10562
1959
7432
5633
3972
5525
5938
221
2075
10991
8033
5930
6501
8512
7703
4354
7026
7343
6720
5850
10871
808
5432
2551
5476
4643
3674
1786
5615
3560
980
9196
11188
9737
11239
7274
6446
3376
2681
6529
3167
395
141
6056
8175
5997
1806
242
568
9878
11264
6141
330
5413
3118
9923
10378
1891
5968
5714
4398
4420
2071
656
2264
1676
2506
1117
10187
8294
976
11576
4166
6054
9588
10330
4755
5436
6290
4882
1706
1935
3013
2223
11006
10612
6643
1281
11425
178
3615
6085
4177
2701
10391
7462
1093
4622
10170
2748
3596
9356
2061
5173
9533
11052
4661
8781
2694
8801
699
2796
9603
7615
9234
9734
7179
4712
1146
6507
2341
3825
3939
7424
1215
108
8269
1851
2812
5252
11203
6386
6727
215
5551
7159
3033
4963
3150
6607
8165
2445
9849
8203
3551
4597
1944
5574
1370
7089
5055
7324
5453
9817
8337
8949
776
5374
9653
10791
5462
2628
5738
3128
9134
8643
9950
1967
7152
2665
5852
4307
5064
7912
4279
9914
9796
9364
7872
10269
9494
10371
5016
5796
2146
784
5865
8637
9953
6801
4233
8120
7594
1067
3718
10913
4105
11257
5977
245
1948
220
3157
6686
8802
540
7627
11448
8648
3998
3070
1066
2402
7947
8705
3221
8874
9665
806
9521
4752
4034
3935
449
7777
8950
8521
6265
9536
8385
5768
8109
6626
6554
15
2764
5437
7728
892
7440
3893
371
10654
4122
8752
3471
10029
2374
4916
9846
1553
2931
548
5603
5053
817
8275
7622
7097
2806
8290
9837
6430
6467
2767
1610
8922
9515
10400
10520
483
8081
5167
7035
3950
7539
10855
4822
11018
4141
7291
4159
5130
5134
5961
10133
2585
7435
9957
8297
6071
10821
964
1072
9922
1725
7863
9336
9791
2255
5446
3692
2312
5883
1437
2574
7157
6093
11439
9959
7093
6748
756
2626
10419
8917
10414
2639
3373
8047
1979
7666
9116
6750
8748
8485
8426
5607
5707
8234
10963
4980
3587
803
10267
11734
3872
8240
7669
9685
474
6474
9815
9597
11898
1081
4749
286
8854
10508
1757
3890
10275
3656
1414
3183
10253
2319
7084
10010
3676
10006
800
1367
5824
8788
9794
8438
5670
10729
4107
11881
7137
9129
5096
8729
3160
8844
10077
9582
11373
7729
4322
8136
4892
2464
6568
11539
1133
6951
10200
5647
3349
6943
10735
881
6192
372
900
6749
10632
297
651
6320
6238
1225
11929
9733
5315
4553
5951
9793
3286
8749
2032
9913
2738
2606
4760
11815
2090
8543
2351
819
1694
552
999
11803
8147
3017
10828
7692
8401
11074
504
11334
10560
11755
7708
7239
7027
5995
5377
4178
9202
2025
6628
7233
6015
11538
7634
8441
5013
8079
3055
8239
7167
11357
971
1114
1317
2337
5825
4427
8754
5882
3971
2201
189
397
10037
2624
8526
3449
8116
3534
5472
7828
213
4046
6190
4694
2859
11827
4982
2475
8189
3614
6342
5456
5232
11838
713
7384
5703
8623
8523
6932
60
909
11665
8732
3446
4490
10941
1172
9359
9089
6331
11077
10300
11227
11535
1681
1098
10376
8929
6873
5509
5932
4663
8118
11802
2795
2689
8112
158
7368
3675
4459
306
1291
1211
9462
2279
9002
8492
6641
925
3719
9620
5504
6840
9926
8869
1447
8835
4262
10204
6370
917
1969
5722
1241
1421
5934
2965
10514
10344
11911
9180
1649
3486
2543
7954
7635
2633
3205
8852
3769
9300
10745
6614
1312
4007
7683
1795
8733
9450
1409
4767
5821
4779
1798
6074
3580
2128
7425
9112
6263
7212
10886
3522
923
7991
4004
11915
8064
11195
8413
11112
2372
7064
226
3576
2347
5063
10030
6647
8522
2533
1273
5991
1270
7195
4360
5605
5576
5734
5023
7459
10803
10121
7177
7761
11142
3208
8084
10534
7672
11595
2765
9048
8394
7975
345
11434
5007
4952
10679
3489
1843
5465
5442
10674
11286
9633
10806
3816
7832
10036
2971
10603
6363
10839
11641
10281
9289
3609
4861
4363
3835
11398
5100
9800
1371
5888
3080
6824
2343
2198
9788
10854
7296
7088
11193
1753
3297
1044
10503
1428
2771
4383
9106
5697
2326
11273
3134
947
2854
9622
1334
2611
1399
3217
1107
7338
10796
7062
5632
7989
11474
4593
5608
9835
7758
937
263
7074
996
5414
1128
3752
10608
2282
127
10956
6724
6908
10772
7801
1200
5281
597
11844
1586
9308
522
3909
11046
5675
1796
1381
955
8248
6152
5779
6781
5659
716
454
270
7497
7193
11714
5700
5578
10522
6295
7550
1197
4387
773
11669
553
3572
7132
1134
744
11274
5740
10797
4492
7506
6412
6487
3627
7762
5769
2863
10251
357
1882
11582
9143
191
3411
1042
185
5037
8767
8489
2573
9646
4732
8552
7800
3641
4271
5691
4487
1014
10297
11728
6993
1535
4489
293
1618
11304
10972
9042
6249
11275
8670
6653
7555
3479
4660
1201
4247
6954
2344
5364
3215
9673
2378
3311
10637
3260
9355
5579
10312
8329
5943
5851
9325
6299
1425
2672
829
4395
8561
4234
5797
6319
2625
9469
2160
7489
6774
2268
2902
8970
3284
7922
10193
6660
1223
1721
5745
10510
830
4650
949
9651
1856
2921
9856
2429
5139
8959
11231
4785
1720
9645
10403
3474
10604
10166
7511
3613
2811
10580
1880
4653
11491
3207
2153
9419
11283
5688
8718
8126
10153
1007
10179
1151
1406
3136
10474
6829
3981
4013
5657
4550
8007
9272
6573
8780
11912
10782
525
1055
10658
8968
8681
6393
2179
5366
6328
6685
9412
3478
11088
1918
2298
9118
9361
5643
2957
3501
1252
8235
1613
3228
1515
7197
8586
1494
9487
4373
1439
4999
1518
8886
3261
10951
1178
7010
6890
3980
8307
2241
5126
5532
9148
5998
5783
6589
4851
3242
4864
598
6526
9216
3495
3164
3883
177
8077
10905
5047
11687
10774
6177
9587
4906
11441
5008
9803
4599
10026
5017
8379
637
4688
8113
8356
7869
9688
6361
3854
4700
2116
9125
11597
3092
8310
10158
448
2150
11413
961
9848
7765
1240
424
6120
8372
5599
11216
8197
8056
2435
235
2368
5593
3004
7757
9020
9955
9478
400
6700
9153
1964
6969
4889
11531
6168
11462
9649
6385
194
2530
3417
10659
2959
4723
5844
661
9376
6148
11564
9772
2915
10144
1545
7374
1805
3324
6695
4277
8355
3897
9073
11219
1031
8260
10394
9526
7796
896
11309
11444
5127
3561
2422
11622
2457
2031
11895
4642
4847
11707
7031
1946
9454
10366
17
1747
11569
8509
2943
3180
2436
8330
7612
176
4758
4089
6066
8018
3809
8837
4565
2690
3845
2677
6627
9909
2078
6931
361
5255
7216
6194
44
11194
2244
4967
7821
7423
7538
2458
10210
11631
8925
763
5898
863
3516
227
3620
902
2433
11338
6213
11782
11506
6207
4133
3181
2346
8367
1708
10896
8775
6639
865
8983
8649
10942
2316
3006
8829
1659
5549
3729
4232
11097
1165
5795
4658
7673
550
4798
11446
3721
5856
8451
5321
5567
10042
7833
1498
4836
1279
2656
7984
129
2259
11602
4956
10488
4328
8155
5718
1388
11237
5371
7756
7859
9749
11565
2066
10352
10182
11271
6725
2668
4187
11192
6129
6742
2678
2274
10613
9431
4285
1024
115
3700
3424
3838
7395
4969
10295
9827
8938
4569
3224
7294
2691
3515
7642
9080
8974
712
7069
4568
11352
10050
9930
3967
792
576
7746
7599
1119
7427
1289
4535
2011
4473
10784
7446
5891
7204
4114
3937
5829
5399
9337
9583
2358
10073
3169
2154
10752
10903
3658
2568
1415
6019
6308
7321
3964
7021
6279
3148
3375
8154
1908
6356
647
710
3884
9707
8191
4167
4566
7617
6451
3038
3245
2682
8100
10260
2605
8673
5204
2496
871
5388
4821
10865
507
350
1489
7665
4171
2877
10041
4715
4242
11634
8252
6300
11181
10721
2855
10737
5556
6762
8210
9903
5575
5291
3875
4508
4273
423
9604
4021
2809
4320
941
5530
916
2178
8735
8436
4397
4079
11376
5666
2028
3036
7790
75
688
2711
9273
2979
46
5369
9453
6694
43
2062
2823
7254
1466
7544
9725
11007
957
2512
1393
5624
3178
1018
8693
9179
9754
5280
11875
1443
9664
9132
1991
10252
5180
4170
683
6812
8575
5343
8217
5591
1015
610
6675
5189
834
1469
10023
7547
3754
7144
8336
7824
8076
2182
5093
8188
2135
9687
4777
11417
10996
7684
919
2180
10860
9426
4467
2688
577
6210
11713
7854
207
1336
8468
564
7588
989
6996
7860
8340
9736
6488
7950
9424
4984
812
517
3000
10547
6039
9631
2746
2363
7940
8530
11161
9807
10739
4391
1837
10820
2235
1257
8494
2334
5336
1928
1486
6390
11341
11525
11841
9501
4480
9334
10038
11118
9382
1838
1736
8921
883
2440
10355
11897
10225
3616
590
9942
11737
3058
5922
1565
7366
7189
2744
1053
10305
7900
1484
6178
3742
11619
1730
3469
8408
11668
5725
3443
390
4238
2980
11089
11574
391
4602
1627
9854
3749
3442
2251
9755
2925
9306
9682
11903
214
5854
3130
3487
8868
6339
5183
9176
714
8433
3814
8884
1492
7141
4237
11461
6632
5970
6732
6646
2709
10530
8689
11300
3247
2079
3955
11824
1992
2803
10383
509
10095
11489
11890
8130
5689
9346
9178
1793
681
8313
2336
218
6108
9025
2073
4336
5944
7598
6970
8369
10873
4773
7457
4061
10268
11068
7196
7143
10239
401
6476
9320
3867
7501
8432
1362
2686
3786
10234
6257
2542
6161
1662
4102
1149
7722
8019
5581
4174
7589
4359
10205
1525
10765
9468
9892
1467
3222
6230
7968
1868
5454
440
1859
9021
11140
5566
10577
1298
366
2607
10792
7767
9949
7095
11366
1765
94
4526
7908
9405
4646
3826
3072
3364
10809
8066
8450
666
10237
11190
3402
6182
737
4884
1729
9182
4434
8083
7249
7840
11593
5626
8914
2252
6754
5424
10393
4150
404
10043
6503
7573
11905
1601
2774
2566
1378
3984
2928
4557
3568
1636
4522
2070
7575
1129
7896
8656
3155
4424
5553
5329
8872
3098
2962
10003
5219
6282
3059
10850
8247
1355
9109
4950
10101
10324
1150
4137
11107
10793
349
2716
524
11532
11767
4618
8040
11650
1194
1481
1690
9261
5972
9154
3243
8942
10919
8534
7130
10862
5152
3597
4077
3983
2849
10286
10994
3407
8609
4364
3115
5981
3149
7926
5397
9286
5234
1472
8133
6278
1573
7948
7906
6580
9137
7099
8115
4393
585
11885
3251
10818
10628
5641
10975
2747
8694
98
2218
11853
1369
8989
3283
3043
2281
8800
5159
1102
7838
1695
2480
5947
10012
2599
11721
7050
10716
11049
9420
9726
8048
5897
2513
3640
3548
5361
9285
107
1562
832
3230
7517
1286
6267
617
8565
1465
2313
864
2405
1413
1939
8177
10196
10368
11303
6518
1533
4605
9353
4484
7540
3622
3355
9082
2528
7288
3562
10741
7405
2733
11218
6909
10245
9730
7052
4787
9259
5676
3165
6037
10541
1282
7943
1020
3946
8192
8304
8564
566
5552
11310
3785
1940
2618
3007
217
6324
8459
7953
7142
2126
3151
9802
9732
7597
1715
155
11656
2197
4041
5074
11635
11032
5091
2584
10589
4652
1951
2785
1426
274
9340
10714
7086
2192
5680
4577
8697
4083
5387
8739
8221
2352
4499
3846
9385
2173
416
6447
3870
6171
9473
1419
4538
5611
10813
1325
4693
1931
5136
4928
1164
7629
2742
8478
8792
460
7164
8403
6351
545
7623
10650
7925
10290
639
8996
11191
6424
1852
10713
4416
5793
1551
3422
5915
4919
11168
8707
10763
9831
3777
6480
992
4707
7945
1175
173
10961
2331
6018
7566
2048
10710
2170
6751
8448
11780
1596
3644
4062
7160
4832
11347
3986
5648
5248
2117
7909
10548
8602
9175
7241
9984
10794
3024
4188
10635
10224
259
4024
9343
11246
3575
7227
4068
6459
3293
6223
7293
1759
1195
1541
3203
7335
8480
11831
9708
4088
4193
2149
6985
9193
6671
1617
3896
8094
5326
4213
8650
6130
10112
9958
9674
1864
11252
7447
11405
5379
4839
6868
5181
6624
10289
3398
5955
8498
3970
11529
2113
632
3032
2794
7671
6841
6654
8415
3509
6538
1749
5079
5065
3400
2104
7022
4106
3906
8716
2029
1220
5202
9871
6770
1850
11465
9414
7961
1630
10221
9303
1779
3272
363
2390
3976
8821
10482
6396
8093
2808
6811
11336
4957
5729
377
5602
3027
9834
2920
5802
6425
4829
9371
6460
4057
2885
9532
7328
4272
6779
2498
2089
8
9186
4549
6783
10914
6794
7509
2463
3557
106
10529
8168
10310
6788
10979
3650
11048
2544
1700
2743
5160
3481
8280
7747
7386
9155
3766
9879
9009
3762
6137
3362
11429
5660
11240
7679
2985
163
1131
6965
10372
9267
1368
11643
5439
7951
7513
6528
5111
11333
3285
4778
6946
11642
9727
7125
2753
4739
9904
2837
186
868
3313
335
2503
8652
11513
5497
1127
3445
3123
1468
6083
10445
6577
8553
6429
4426
8055
7782
2910
11537
73
10558
754
5664
1148
2667
9075
8820
276
10465
11451
11907
2714
354
8398
9513
9040
11795
8783
8923
9271
1942
3423
7771
2824
7348
10021
6376
4008
8995
7214
192
7365
4153
3788
4790
1416
1626
588
9446
9228
9000
1130
9276
988
7572
3074
10749
4512
7443
4609
11610
66
3649
9556
9427
3601
10161
2183
307
216
8213
10501
6072
11639
9979
8417
10007
7458
775
10869
9085
11700
1496
3841
434
2756
5090
9804
4465
3175
9279
659
2657
3850
84
2909
7770
2810
6132
11103
4209
2894
5719
9231
9380
885
595
11534
3790
3075
3310
4558
3195
3646
4584
8856
2044
11872
383
7819
2448
2175
6884
7889
7508
6156
11774
4878
660
10156
3546
1731
778
8123
8331
1975
2361
1557
8319
9972
8786
4562
6034
10485
2581
1764
9354
628
7421
11145
489
6613
5805
7310
4372
2816
8127
3289
311
2379
8973
1144
6052
1674
1212
2214
9616
200
6674
7302
1707
8054
1438
6325
9331
8137
2597
1710
841
898
6473
1205
4196
6205
678
3817
4440
9760
7576
3558
2287
3941
899
4325
6445
4931
6738
589
1577
11291
11393
4380
11712
11038
10404
5269
1080
9139
8595
10671
5872
329
8272
7441
2370
11910
5235
10097
6912
5479
10895
9574
1809
28
487
6252
6193
6028
9500
4918
11801
8764
11703
3573
4081
21
1857
1207
11276
3356
5158
1672
2121
10365
10643
4929
10504
11450
10429
7224
11842
9555
4633
8316
3604
877
1314
667
4428
10939
8098
7965
11071
3657
283
11263
2972
11407
8046
9619
4644
10254
5693
11267
1997
9901
7792
1833
8075
8952
4827
8349
7245
5884
10125
5831
2669
8793
8243
7799
64
9332
10625
11255
2602
10708
3808
4135
624
9562
9166
7242
9366
3309
6731
5084
5709
9954
7716
1566
9167
4053
3011
8717
146
5157
3432
7485
7283
7422
5708
6463
11928
5609
6475
7369
223
6135
2797
3239
2484
2284
9348
10931
394
10555
3648
10847
8032
6728
7702
3508
8276
6321
9251
7346
3100
4474
2453
2982
6832
938
10449
8238
8642
6225
3703
11681
10025
11238
6588
8966
2155
2169
6472
3197
2493
7585
11305
1235
316
8701
10611
6419
11296
11415
38
11447
6151
11505
5194
309
10053
10499
11758
5333
7825
2423
11091
2710
9049
2822
8233
8388
6275
1347
4270
9311
6939
7791
2249
10434
10318
5068
9632
1585
11021
9594
5520
11633
2271
932
3499
10051
5083
3876
5590
11279
10591
8202
10566
1266
2238
936
10680
1027
4990
8440
11062
2187
11524
10549
11609
9391
3555
9989
11679
419
3744
11069
1781
501
8875
1658
4299
1693
6011
7206
5372
7357
6616
3550
7553
9927
3526
8302
9818
10480
6377
1464
9593
7809
8353
6533
5876
5815
7213
6098
10723
5620
2462
5398
6388
3076
5434
1648
6435
4257
5989
6002
11855
9213
4447
1057
2973
8960
3348
821
9621
10790
1735
6677
4595
9254
9991
696
3492
6699
2444
5128
4261
3158
444
7484
6936
6134
6916
8980
551
11770
1722
2456
267
5072
10363
11688
11552
11746
10492
258
7248
9461
5705
11876
622
2455
3987
8317
1914
3305
8158
11111
7685
10311
10733
486
4721
7687
9442
4090
8108
5367
10511
5616
421
5385
1683
4981
3634
10576
4471
10015
8095
1776
8618
1182
4846
5589
1980
10971
2751
5328
1697
9842
6791
3265
11083
10230
150
11143
9739
5428
4347
9524
7495
4932
4936
11715
7668
2059
11806
11456
10201
7262
3035
6245
7272
3801
355
4868
1570
8431
8554
452
10223
11573
11152
2404
3755
7257
10321
6125
9250
8503
2060
1109
8665
11384
4353
3992
5739
368
3248
70
3583
1615
4052
6042
11867
8028
635
5811
4318
9098
9239
998
5141
4665
11320
4680
9792
1884
11470
3689
1379
7034
8937
9934
8975
2930
8267
8851
3315
8859
10067
11850
6858
8131
10596
3121
4130
10751
10586
4403
3598
18
11422
1086
6426
9351
11708
4362
2215
3782
1696
2188
11389
2360
967
11472
10071
8771
9862
1677
2152
2407
6883
6078
10627
1564
8999
149
4681
11158
331
9679
10933
3078
11931
5965
9981
11685
5651
7549
6581
4944
6746
4926
10587
4523
8776
10027
10556
9235
8513
11381
10186
3267
10191
10515
5988
9497
9210
6608
5140
611
6113
4900
7641
6046
1145
2292
6657
1012
11010
2469
1001
2652
9437
4503
11386
11933
359
10722
6371
6846
6157
1976
6557
8124
2917
11243
2115
9696
10900
8796
8919
3093
4260
9547
10807
9911
11877
1485
11818
321
5149
11017
5041
8881
6301
2325
1429
4369
11281
10490
69
10227
10005
6105
9658
2065
6099
512
6523
3858
2868
1418
7774
6217
8198
9393
6839
1986
5293
6112
858
6341
959
9324
7286
1554
1376
5612
10607
10164
10280
7643
1247
6185
862
6644
6418
9626
4819
6009
7238
6373
11169
11778
1231
8768
11362
1375
5929
2632
11365
8321
5162
8411
736
10271
1664
124
11055
3067
10486
8901
4543
10509
9882
4212
3881
7603
1387
9321
11701
8846
3690
6929
930
4514
7351
2919
9756
3574
1070
10360
8391
2993
2939
11236
11184
8092
9383
7670
5025
10779
1389
1816
4208
6287
1652
8070
4476
11666
4742
10091
798
6656
600
10754
1621
4430
1572
7558
2068
8734
4179
7527
5946
4425
11022
2228
1328
4519
9614
7769
8204
6076
4961
9054
5681
4598
615
4860
2212
3701
11127
8226
7476
3427
2521
6504
4039
10160
445
2705
11100
8902
11909
9287
6433
6870
5594
1865
10014
8074
4501
10885
3056
2107
952
739
2406
4992
500
10308
4525
8405
2772
72
156
3563
3626
11528
11888
262
6672
455
9680
1758
6578
3381
10172
2853
1923
11686
7228
6515
3682
392
4308
9161
2418
8343
2323
9741
3552
2199
11148
4181
2303
3332
9365
2315
11266
10812
11124
2074
4528
9091
6995
10047
11437
6180
9520
8328
6415
3716
5071
9399
6405
4300
3504
9857
2778
3728
1023
8460
6658
9262
2015
8747
7852
8110
11323
240
4937
721
10966
4891
711
3069
2557
7198
4811
9767
9028
4140
6360
1607
8877
7445
5407
7471
831
6298
2057
8250
2718
11260
3974
6421
3671
7199
1166
10802
5731
6102
5979
11467
5208
2522
11427
10126
860
8151
2683
7024
11661
8358
4294
3599
2487
7569
6634
8887
9757
2842
6558
11572
9502
1682
944
10926
4830
2666
5982
8334
10540
2664
4719
7849
2540
9410
4390
3807
10626
7322
6630
7942
8045
4669
6849
4656
7678
9044
6494
11921
3241
9897
5026
8658
8041
9925
9721
3012
6989
4867
9538
5621
4925
41
7955
3637
6706
10320
4342
5784
7873
6203
2203
4592
3902
9592
644
3607
4109
4965
2181
11476
9439
2768
5245
8930
8700
7759
2776
8511
8125
8268
9876
9495
5813
10066
6469
4841
8684
3927
10559
4578
9853
6745
10370
6483
7047
1474
2961
7281
4776
779
10943
4235
6313
9087
4720
2488
1993
8616
7876
1171
2616
10157
10748
9070
2413
7187
5274
344
10546
4542
4454
7317
753
4200
3569
3730
9195
8535
4964
10988
6306
4615
2552
2641
593
5623
1844
9292
6959
4624
5905
6070
9700
2813
7982
2490
11210
11230
8723
255
10544
3810
5273
3147
5392
4679
8731
10946
2144
606
8416
4445
2024
11740
5634
6773
1590
2365
7884
7712
5048
1043
11387
6752
8362
6803
10189
3951
6635
4585
5383
5138
4231
11199
3932
6761
7268
3191
1711
1861
10084
1746
376
11495
10575
9761
9314
3699
1162
3322
5538
908
671
2018
9302
9936
9456
6349
3401
11177
5596
4311
5564
9720
11131
470
9602
3430
4706
10178
9010
5110
7949
786
6216
11261
2377
6208
1118
1349
6847
11423
11640
7998
572
5370
7500
8668
10385
1689
6304
3472
6408
5799
1743
6284
5466
11914
6893
11066
6414
11078
4671
9067
3948
10915
8541
4582
8377
11864
5820
3179
4282
2084
7377
3931
11751
6442
9342
348
561
5544
6735
559
11206
544
2409
4966
4541
6107
8834
1705
8484
7417
1811
8141
6327
11568
7999
10061
897
2541
6403
5443
6187
519
11176
3642
9397
10842
621
11094
6251
10657
1126
11596
9676
8104
4638
5501
6277
11277
694
9224
6549
11649
11662
8038
6927
6676
5726
8284
2019
6219
279
9430
9398
10801
673
2535
8418
7518
4370
4975
530
4244
7176
4630
9418
1597
9236
9373
9198
10323
375
7289
3110
1112
1574
2232
658
10572
9071
8897
533
2426
8315
7068
9007
6524
4246
9483
3483
7996
578
3789
1342
6398
723
2832
1397
6698
7705
2838
9017
6853
11086
9293
2392
2852
7709
9553
4529
9177
7448
7632
8646
2750
770
4118
536
3985
6186
7741
5457
8965
5244
8008
11861
6907
596
6051
9855
10476
11042
10131
9438
6239
8661
5099
9867
2414
11479
2929
2185
3163
4324
8626
9043
1135
6199
8967
11454
6428
1978
2295
2576
10315
11657
11658
3772
11002
554
1269
983
7124
6582
8563
9227
10725
10467
5089
10031
1548
11543
9743
9777
7788
9710
6566
1836
9938
7815
6075
9230
11846
1077
7113
6413
9191
1137
11106
2132
1403
2926
322
6584
10505
2779
8879
7265
9783
4249
198
2087
7356
826
188
2030
3030
10103
24
11211
5617
8281
741
492
4297
9566
3433
10282
6464
3639
1876
11599
11150
6334
3630
11772
5438
1956
2479
11378
2036
3470
6601
8982
10634
10035
10052
3403
5758
5577
1159
8080
3767
4761
319
2927
11289
7149
6427
7590
10545
8927
3428
9812
6416
3176
10065
6759
4768
5841
3556
10691
2220
11625
427
1766
6366
3441
4946
2883
3659
11044
9830
1008
4815
2696
7932
3198
10633
9779
3668
4863
5635
4977
10102
8159
7235
4972
3673
1616
8831
8653
2204
2983
10563
10168
7237
4735
5254
6310
10000
1372
2850
872
2419
10149
10899
7930
2717
315
9115
5790
1030
9560
8519
5014
8853
5022
1898
10013
5669
1300
341
1096
9994
11029
6696
2865
5073
6895
5021
16
5312
9192
7614
11157
9055
11859
5855
1994
7723
9477
8212
2139
7710
7194
161
10197
7736
1531
11567
3391
2301
6086
1949
5267
11325
10934
5920
7038
11224
8904
11409
11408
8963
3895
5600
6144
547
6335
2477
6797
8195
1101
10069
5573
3050
7707
1821
1491
5237
8160
11891
7504
9670
8631
9466
9785
4973
1245
3554
4094
11499
9866
11312
1373
9027
10472
7350
5652
4129
7464
9095
11828
9423
132
6687
10272
10483
6247
7311
9765
4044
10921
11562
3154
3262
8811
9220
592
8537
1475
9030
9448
9050
2858
2773
5449
4576
8016
9317
4040
2732
11763
3209
5828
7339
4691
2502
10174
609
5712
2276
7420
3466
10326
9886
10283
8490
4845
5081
6090
8744
11916
9539
3002
874
3590
11424
11432
5924
648
1310
4731
6790
464
5935
3460
6121
7118
2663
8167
2471
2505
10218
3586
4475
2046
6604
1571
8089
3447
8876
1892
9204
10682
6796
4463
1108
8516
8555
1840
9349
8715
5468
9240
5373
10709
6999
2843
10202
3684
8341
3797
7060
4874
11164
4220
3145
9605
986
8216
9782
4772
7178
4983
10832
10022
5500
1268
3172
6496
8603
11747
2099
2102
4016
8106
8765
6637
6103
11324
9569
5962
10175
9268
9820
1033
10274
2916
5698
11033
1113
11843
4540
1827
706
5498
8382
4189
2582
3256
9609
3763
1138
8393
2230
5400
557
3500
11294
9557
7255
11072
1040
6942
9130
7753
11084
9643
10099
11510
5381
4125
6453
9888
3359
4401
9558
10909
5685
7295
8171
8376
4725
3623
664
6064
7697
7398
8580
8230
3530
5770
10747
6369
4126
2256
3914
6354
95
10616
2008
1867
3957
5836
6136
7536
10470
11615
8469
8825
6889
2731
8774
29
4596
1221
11039
1569
8657
618
5584
6956
10055
1688
10128
1835
2897
3057
9826
10557
8544
4636
2876
7399
5019
3969
9973
5678
3185
10313
11771
8015
10374
9490
7409
1308
3734
1329
4367
3319
5523
11655
10582
10306
10495
3966
5956
4556
7562
7210
6888
9875
2609
6816
10317
7981
5038
5909
2922
5224
11549
8702
10410
1385
4933
4195
4911
9141
6322
11482
85
8305
516
6478
4903
7483
2362
1306
7404
11704
3225
513
7931
6262
11392
2653
7412
1638
8724
11813
7337
9033
1412
5990
9638
9458
5115
5529
4702
1520
4686
8487
11395
3651
10997
3365
6817
10361
974
5755
4611
3190
9184
10375
2631
5311
250
11585
3090
4444
3044
7401
295
10521
7161
9657
707
3107
10463
867
5665
9341
5699
3961
9157
5382
1239
9024
6236
4327
2856
384
7015
2834
1309
11167
10857
4095
7042
1271
6597
10775
6271
608
6679
2719
5801
7805
5313
11265
10028
3046
10610
2908
7899
11175
5484
3408
1420
3317
8769
2356
8043
1382
8161
5305
2136
5967
5316
11331
8746
2645
7662
7472
6040
4202
3120
3253
126
2007
5899
9669
1154
2525
4236
8236
7400
7078
4759
7036
5427
3082
614
118
2800
5690
3037
2636
9704
1537
8627
2481
11673
5272
5999
10401
6200
8288
3943
7882
9395
1583
6166
1462
3564
3748
3852
433
2296
3725
9409
6181
8593
11471
6629
8464
11458
6815
271
9386
11865
2489
2763
3416
7681
3177
10340
6854
1473
10124
8782
1927
59
4704
2441
3600
10118
8696
5412
11162
9825
9218
2305
2989
3258
9768
11794
6437
2954
4361
9145
4443
6722
6303
4774
4276
1546
2322
7285
9858
1408
2934
8424
6757
6095
4862
11477
1815
1335
7897
6080
9504
4051
10978
5275
4976
1436
1609
7070
1488
5686
4309
8173
9014
10646
10141
5415
201
7971
1560
3507
5571
9766
1612
4705
3968
7927
8525
5695
4634
8318
8614
7567
10599
11743
323
1324
5148
9011
8804
626
5895
1449
10788
6013
2578
9824
10786
4469
6133
4028
2246
5107
1505
7661
5344
3532
2162
10667
1337
1028
11469
5595
10588
4280
2650
7145
11282
3485
229
689
9463
6448
1780
3830
4921
4741
4880
11270
4924
7689
11318
6332
11463
9780
1503
4988
10304
4248
11344
9084
8039
6104
8926
8708
4938
5628
9531
1804
1032
2064
10840
3223
6540
720
7656
7768
10814
3138
11501
6933
6537
10088
2106
825
4317
11379
1170
1153
4025
9059
10369
2120
11590
7593
6499
11516
11725
4292
7907
1622
9318
3832
441
2814
7451
6756
7731
11884
8181
9094
490
4162
9701
4727
5823
5459
5332
5948
6439
1977
8589
1890
7644
9464
7905
616
7231
7122
1038
7847
7387
5179
8395
11101
11453
7382
7072
6875
6226
6014
4211
5214
5150
2412
11608
4388
1645
2119
10460
10898
890
9615
7878
3016
9728
10742
4504
8692
2151
3081
3497
8201
8205
891
6110
11554
3679
9713
7041
6659
10114
5817
10678
2949
4121
5642
9534
10670
10211
3584
5032
7580
9120
7467
2450
10506
7433
429
9190
6280
190
3314
4547
567
6047
9750
1395
1452
4172
2470
6603
8023
2964
7663
3083
4893
3510
3666
8242
5682
3125
1037
244
2563
1665
7454
10262
7135
7786
11419
1132
774
7410
6585
296
7561
6443
11204
7402
1598
8532
8179
6645
8338
11787
10094
1960
2601
7866
7154
5198
2830
11553
2879
10536
3296
3868
206
9421
4995
1152
3360
11214
7534
911
438
2138
5227
10132
7966
2177
1142
7640
7524
8570
4368
5650
10384
6261
11894
10528
6963
9297
4881
4157
1360
5916
10992
539
10255
2310
528
8686
1828
2583
5285
7850
7491
8625
2660
1941
294
398
3199
4837
10388
157
6804
645
5306
4006
5510
5827
11852
9929
6663
7986
1920
6598
2258
3677
8933
1006
9327
7394
4493
2511
6721
4014
5598
6825
4828
7568
11487
7396
5450
4807
668
9770
3063
965
11485
1078
6142
333
6650
8550
10838
5448
9624
3367
9114
7848
7094
4955
402
5901
1251
4789
9976
4974
407
1296
7453
11498
6915
7058
9451
2364
11358
9294
3379
3880
7743
9208
8807
8505
8871
4631
9813
6918
859
5440
11578
3354
8371
11675
11375
9363
11765
1163
3335
4692
6450
9781
9475
1497
10998
5639
531
5404
2320
2819
1847
636
11268
7664
1410
3353
7165
7619
11580
7385
6947
11332
10507
3066
1054
1313
4907
2400
5337
2821
9263
56
3352
2263
1924
3821
7871
7326
7610
7868
3793
2970
154
7551
5062
9377
5223
4045
11030
3374
5380
358
10405
4537
672
7067
10662
3774
4775
5781
9935
292
8277
9975
5054
9135
8322
4386
8347
6938
9715
7221
6911
6967
8409
11546
2966
5003
8452
3724
7378
10459
4431
3715
11173
10822
5250
7267
4608
467
4673
7390
476
3665
499
5270
8690
9467
4182
11732
5317
4910
3156
8888
3421
6567
5550
5839
5881
179
7715
3493
9746
9738
7007
10757
4074
6718
2829
1502
9600
7304
4358
9039
8508
11809
5131
4662
5987
10407
3091
4716
8483
5893
6471
3211
2953
11330
795
2096
2967
7760
3731
288
3435
9045
11151
1854
2229
7602
7345
3708
8992
3188
8931
3334
9457
3021
10418
1345
5808
502
5327
8152
1451
99
10420
4717
8166
3695
9748
10338
7174
6799
5469
11835
1644
9278
10264
7890
9559
10889
2572
8770
11519
6364
5176
6739
327
4303
5622
5873
9006
6232
3451
7726
450
6541
3936
1501
473
5936
8894
3405
6905
5960
2349
7541
6196
740
6511
4601
5156
3380
9865
2562
10362
8986
3420
4632
410
569
7200
2547
360
5871
3316
5375
10876
1954
382
2427
1209
3683
5043
11674
9066
3368
7958
7411
10373
2840
1982
619
426
8473
8976
2720
7563
6025
3491
3997
3060
2913
708
7037
2976
1637
1791
2308
6561
8985
4409
1422
11744
6444
4441
4888
1219
5088
10113
1203
571
7470
5170
4750
1434
854
169
869
1141
4448
3925
10962
6147
4252
6747
8791
10525
1684
6805
10169
4810
1589
8761
10762
20
9068
6288
11869
11604
11129
5266
4854
10072
5238
3397
3028
10513
11646
8291
8836
1280
6876
9506
3953
6061
9940
11893
9003
10011
4049
8910
3898
430
4857
848
10639
6140
1889
7418
5894
7607
7434
6309
11327
2098
4254
8753
4986
5028
5864
7939
10697
8916
573
11346
7830
9508
3270
6352
8909
5800
8540
2523
11443
8259
10750
6512
3990
3476
8142
436
31
10686
8263
968
3874
8759
6792
10244
3928
5004
3565
3865
10622
6020
11311
10432
3452
3524
3077
11783
780
11306
310
7455
5503
2886
6734
10139
8308
10129
10293
9948
4603
6452
8404
758
3756
2504
6940
11321
11225
5814
10954
7752
10656
5042
6281
9798
7822
11653
8298
3722
6118
11558
5559
8086
2933
1064
5804
4435
10238
5095
8964
11009
3857
10437
8311
6023
6972
3753
5819
9357
6795
3312
3465
5535
5188
9870
11858
2509
1922
9046
4332
4464
10845
4729
7888
205
7621
104
5066
4852
5572
5356
7648
906
9952
907
4148
488
6399
5243
4978
6579
3015
4797
11779
5588
3771
11830
574
6007
3062
6806
7520
11492
4290
2658
4989
7917
6089
7772
6307
3068
225
4349
4898
9843
5906
8253
10468
5543
2430
11695
10079
131
10426
5431
3463
7306
4588
3924
11418
10258
5545
5222
4808
10602
7263
3776
10143
3588
4641
11012
9799
1348
4805
946
1009
8057
7287
9514
2575
7136
2974
1584
2114
10266
10901
5585
9519
7937
4552
2286
9053
2067
2254
4855
9428
8915
7000
6215
10502
3760
4894
1339
3511
7271
2805
2080
8162
10106
7133
7637
11299
5423
4241
7232
7018
11149
6851
10920
3962
6814
9608
8312
9905
4654
6517
8730
8062
4612
9400
942
2250
10932
3855
2723
7297
11391
4191
1680
1405
7650
6955
7312
2637
6454
9723
11449
10648
2483
9255
7211
4009
4826
4047
4587
289
9338
10478
4506
9660
693
8778
9163
625
8499
351
8896
6008
6703
1411
5561
10294
3300
8777
8944
8903
6776
11431
1654
1628
1896
4456
3792
143
8738
11064
9362
2947
9747
2239
11222
10417
591
8346
6842
11502
10769
5119
9986
1883
2176
4835
10651
10152
6860
10339
10594
8122
7992
5451
7362
1704
5050
7924
11726
9243
11421
2111
6872
5908
1435
11251
1593
7438
6043
2467
8755
3979
7834
1082
10702
1580
6036
3822
202
4520
5403
9389
5985
7234
3999
2991
4204
1846
10624
8750
2476
8229
8617
4012
2213
2643
10481
8067
3277
8300
497
3811
11245
2306
10402
10730
10004
1603
2999
5145
2158
1604
3022
8437
733
8955
280
253
8741
1249
5557
2896
1222
1641
11769
8585
11514
11611
4482
828
181
5569
264
4581
7260
8860
1770
1002
4748
11759
1318
1547
7129
4668
2713
9978
277
10880
2598
5782
5627
3653
11623
10531
10858
6740
1888
8569
11399
9375
634
7426
5672
5980
5717
4754
10082
79
11139
3910
9221
11654
10538
9107
10159
10583
9590
3488
10462
3008
10093
7205
4591
5264
1179
10185
9937
6233
1552
3206
7284
8514
783
10145
4423
766
6059
45
939
7582
5147
10484
1544
7449
788
10395
6595
1990
2911
5339
3129
11836
4217
2932
2659
5351
11028
7017
9480
10063
7802
6966
4947
9832
1246
2946
1321
10450
7766
2692
772
8818
5992
2595
5610
1155
10944
147
8709
5751
4518
11026
11691
134
10117
5229
4411
11729
8629
10938
10605
2424
10524
142
663
7545
7163
7065
4206
2981
11614
705
10299
11328
4032
1230
6712
5348
5133
4574
2935
9591
5175
10364
2451
224
6184
3687
1499
5636
212
9369
850
9899
4840
1660
8060
10649
3982
2531
7264
3747
562
11185
5395
9596
1047
10423
9313
4222
9518
2841
8504
11326
10911
1818
4886
6809
1099
1272
8621
5757
9647
11749
1404
2124
2257
1556
6379
11099
7307
9370
11005
3306
3298
2224
1620
3720
5789
10451
4710
6465
6818
2700
2499
10864
2577
11317
5310
11645
2485
2706
954
9244
10636
5741
888
4871
4913
139
629
8241
6848
1906
3371
6958
469
9083
11616
7450
652
1202
11182
7347
6692
4168
7315
187
10345
8934
1913
3448
6150
793
9126
910
54
10787
8945
11586
2782
11096
7051
1299
3882
8957
40
4087
5155
6977
4698
4885
9484
4575
7082
328
7618
8679
4996
4197
6124
7090
9921
10693
3512
3042
9249
11339
2728
7660
11364
4814
6667
4099
5499
11873
7375
5239
7053
6906
4414
302
2000
2103
9160
9891
8628
7543
875
11295
2311
10833
824
7480
11117
11481
2847
8215
6771
10473
10216
7391
11235
3757
11340
11313
9551
4954
5207
1445
10597
2354
9655
11811
6843
3871
4655
6382
3291
1073
1061
1783
10630
11716
6852
8878
2857
2693
1191
9329
6689
5720
4433
11008
5511
7098
3231
1432
8026
5461
4227
1792
1873
2142
2389
7032
9206
2987
816
1983
2977
9836
6024
11821
5534
8678
6222
2045
4
8254
4683
4909
8035
11244
4245
837
2355
4214
5433
3605
8493
7463
2555
5249
11037
6619
11820
8515
4086
1453
7325
931
1095
1424
3768
2049
3333
5933
1189
3040
8495
582
10937
5721
9586
8326
5288
11208
6877
951
11788
5012
7223
8085
7048
1140
3233
2034
387
11057
1186
11014
11056
5914
8613
3301
7507
9552
9659
9111
5154
1741
11785
9548
10348
3084
6730
5885
6359
3680
5910
4075
5756
10219
2085
9561
7226
1122
2027
1181
9290
9481
878
6719
4093
6155
3733
3741
7192
3636
10570
935
11154
8895
8497
2093
5760
6648
380
1192
10110
7611
638
9001
10892
9895
4532
8425
10243
11845
9076
4942
3778
6793
10827
7564
3436
3438
7
2844
7886
412
3064
10060
1216
10387
11652
3369
1358
8491
8873
7997
3582
4834
10285
6543
3612
4488
10377
2593
9119
4477
8397
5087
1832
2923
10100
510
10663
3482
5684
3712
7354
4128
2058
2569
9550
2538
1004
5378
6737
9763
9452
3456
7916
5143
6766
8542
9131
8737
4555
3549
11571
9229
4991
10109
153
122
7751
6264
5185
6990
5702
7974
6744
10703
1262
367
6609
8021
1841
5262
3824
11584
9735
7797
5354
4682
10096
9465
9138
9274
3429
8389
3278
8342
10930
180
9996
5661
7342
6305
2698
257
8584
5537
11285
11197
7280
9697
8666
4274
7532
3409
686
1633
2345
10764
1789
5794
8953
1966
11826
10349
5533
1663
2590
3791
7742
3377
5031
8841
11406
6856
11757
7188
5480
5338
1034
8924
7061
7269
684
3844
4319
2123
1881
3624
5580
11122
10016
7914
4164
7373
8144
643
4684
3109
3919
3579
7528
9742
9789
3357
1717
10948
3667
7292
6767
11134
11507
4895
2443
9031
9805
5410
6622
3869
10
165
6068
4651
9980
11560
4406
2369
6564
8096
3385
4314
211
10874
1666
3978
11508
3126
1555
4536
4744
6115
7181
1594
5108
3759
3394
1353
1915
1516
6862
7733
1933
7393
10491
2195
7959
3001
10346
8757
520
9499
230
2194
4144
9211
6311
1528
5052
52
8790
1755
4904
10287
7724
3758
8591
7831
4747
7330
11098
468
9205
3669
4096
347
2328
990
11624
1483
8907
9
2788
1668
8164
6276
7843
3942
285
10781
5748
10981
8636
2391
1875
9022
10343
6527
4877
4899
11095
2261
495
2190
9019
7836
3655
2209
3714
1866
11400
8000
3088
4103
6317
2494
9316
11879
2914
10819
3545
9060
3954
10444
4998
8772
1180
3184
6850
8677
3048
3888
19
2010
2907
3783
10906
9678
10598
6572
2324
8458
5586
8941
7397
8683
1893
6174
6904
2421
7862
11322
11380
5342
11919
1224
9869
4534
6486
6655
1655
11748
4002
9717
10631
6372
11123
4613
8991
2082
9460
4104
8632
8816
5730
7240
4190
4941
7114
8607
209
1199
1504
4005
4377
6038
9322
3851
2437
7092
2299
1157
11130
7557
4155
8712
1351
5867
1036
6887
4764
4113
2924
5075
3061
2769
5358
6357
3288
9149
5733
7990
3494
9637
7721
2133
7414
9104
10706
7023
1963
417
8604
7814
196
5345
5848
284
8146
5231
1568
6810
10924
7985
3571
7156
11644
9995
7556
8551
7574
6508
4670
6127
8885
2752
3773
112
7270
414
6733
338
10726
5172
11292
1089
11114
5365
7938
3393
2891
7110
927
6022
10087
6202
4255
11800
2234
3439
2205
3795
6466
3945
1083
7380
2825
9969
10422
11093
4784
5640
4038
5890
9444
9965
273
7019
8374
5171
5913
7837
2137
11488
11791
7654
4146
4949
6559
10916
11630
10046
9705
581
2449
698
1761
8630
8719
11632
717
5983
1463
10879
6060
238
1359
7941
2371
6772
10070
4865
8419
10448
9212
9774
10167
1771
3738
5528
2398
11512
5911
51
8699
3108
3681
11342
3085
1699
2623
4329
5296
1285
478
8102
1801
10433
11648
10644
9806
4979
3704
6615
10017
2942
9776
2539
5921
5667
8156
3903
6073
2754
3761
4302
7344
9479
0
11509
2009
1784
10489
11733
9081
11372
11690
10945
9171
10523
10553
10836
1763
4143
8559
10354
11226
11209
5406
11174
385
9170
1265
10974
11051
9941
4726
11724
9041
4479
10257
5051
9401
7158
114
4589
6269
4607
6220
2978
818
787
10795
11416
9248
4111
4531
10738
10859
3577
7856
4050
1427
3918
6179
7091
5292
3029
241
8721
9372
9634
1772
3204
3618
7030
8698
9771
10250
1751
2005
3709
3250
2300
1629
8997
7429
1124
5287
314
1777
3944
10758
10705
9123
5059
1685
8103
2890
3518
6289
362
3732
630
1788
10561
10425
5773
11396
11108
5750
2804
3958
119
7714
10151
1062
9032
493
443
6482
10034
11348
8211
418
7243
7548
9183
8577
929
6596
8456
9644
4256
10350
4399
11402
6162
5163
5393
5563
934
7258
1945
275
5966
6258
11592
7748
6871
8072
5251
8176
6145
1723
4323
7858
8325
9951
6392
1307
8688
8527
6583
11527
3214
4908
8633
5258
3161
6982
3995
3095
11343
1394
1350
4753
10744
8600
9307
3153
7636
1255
10058
8332
6690
10877
3885
7933
8880
5724
6765
3864
583
8524
1293
4023
7259
5200
3775
10137
