11435
4648
4978
4052
1995
4473
4391
9802
6286
2155
3195
7732
4935
10520
8247
2923
891
10777
5528
744
10681
9803
4556
5959
2509
4373
7184
11713
4305
1530
1287
8526
10943
10582
4549
738
3964
11029
3909
8208
11839
7646
6536
11524
8276
11042
9162
4481
170
11886
4598
6125
4979
3674
6735
10738
11320
6583
898
5126
4421
4820
9808
9975
10191
4289
10130
5941
7963
2949
5897
2876
10823
8815
2736
7635
4768
6156
1548
4347
9248
4565
3199
8574
2610
10422
10597
11180
3913
3930
9484
3914
2253
4492
6275
2611
7546
3419
1550
3474
10844
4783
3717
260
4974
10986
1730
32
11119
6005
1852
10955
5514
2371
11533
2953
8128
3925
723
4962
6579
3349
5609
1823
9215
3707
4135
4593
6033
8862
237
8168
11339
10217
10224
10519
7318
409
1585
8422
142
4029
9467
10897
9027
6568
10131
8227
11711
7920
6545
164
11821
9838
8450
2006
1399
7126
6326
11105
10327
10618
8185
135
11463
3545
4230
1049
8696
5107
4913
7488
3562
7180
1408
9340
11302
1767
9083
8173
11582
10340
10636
8918
9412
8898
6238
11034
9814
8674
10424
10574
9787
8265
10016
5385
9705
772
11253
1984
11676
9097
9012
6361
342
9832
7403
1052
7453
6595
11788
612
5896
3560
3225
2027
11771
7226
2948
4239
2574
1884
4128
112
5544
4802
11846
9593
6549
11059
2143
126
11659
3096
4181
264
3040
10658
6793
9547
6332
5842
7243
9963
9725
3285
622
2729
6101
7891
9213
11787
6134
2983
7710
10776
3658
6789
4303
686
11716
3307
357
5593
6902
5332
509
4294
10390
6271
11192
719
9415
2009
407
10995
3957
11438
4960
5846
11385
4220
8747
9532
2671
1713
6557
10039
9349
10654
391
11600
7926
11277
9865
9146
1384
4773
1338
3092
5290
4946
2816
6060
5576
4008
10483
7596
5698
6470
351
1019
4310
3967
387
7099
5228
11120
10265
9937
10206
7956
5566
1660
8105
6122
1788
10790
2017
1004
10884
11309
6059
6316
636
11840
5263
4462
5067
6255
4356
3305
5947
7168
1373
8692
10876
11503
7405
10737
8620
11509
10920
3777
5575
7747
9737
9627
10699
8494
7896
1786
644
2572
5702
2365
7777
11155
3056
8262
7155
2165
4281
4351
2273
6472
7664
5018
5863
8942
4202
4378
5201
2793
40
1581
1681
11459
6845
9968
4684
945
10780
3790
9945
1656
9028
10761
1966
7912
6211
1850
10741
6495
22
3246
2917
2262
4374
6510
4905
10132
5638
8978
7712
962
2792
3043
10033
11829
7619
5210
6787
11067
5132
7534
9915
8392
3801
10730
7385
3034
5077
10882
302
9648
5823
4060
4987
517
6283
11371
25
10462
4334
505
4967
5797
7906
471
9784
3288
10907
6910
9592
9569
3016
5410
7235
1758
1286
10184
2717
11706
2809
6586
1602
5761
6903
5705
8014
993
1315
971
6243
4338
8964
1658
2331
2538
10488
6192
10771
11795
1509
11016
2189
2784
8483
8796
4906
10259
1369
10875
11212
10
8318
9369
6427
3380
6928
3343
7478
343
11400
9626
9417
1277
10752
1421
7139
668
468
9061
2562
5739
5466
4017
3928
71
3640
765
9406
3753
1122
8536
11738
2023
10611
2052
2865
7909
9951
8831
2202
6268
2842
1436
4126
10126
4204
8560
8113
10997
3155
8465
4495
410
9074
8986
2315
8069
251
5437
3890
3412
9135
2500
7913
1319
8913
3115
3337
3379
8871
8568
8362
5650
710
2788
7944
4323
4047
3505
3522
7725
11056
6027
10138
8292
8896
2364
5476
619
7662
2712
855
72
3541
5209
79
9653
11694
11322
5973
5336
1598
5247
3690
3531
4110
9972
7533
11219
8653
6482
11652
779
4434
8790
6040
3046
6188
3803
6126
5803
5605
10409
6824
7580
9768
9145
6680
8597
11592
3177
8617
10560
934
1265
2683
4897
6662
7128
6874
8614
4904
10591
5344
7042
5555
7748
2759
8615
7487
2577
11707
10380
2457
7080
2370
8512
5878
8825
1008
7764
8215
827
1225
1491
3974
11766
11185
9144
9998
3301
4970
8941
10098
11038
2498
10179
4067
6442
8826
1367
11066
11232
1344
9341
6745
5974
2938
9075
6927
11697
9202
729
4224
684
8934
6270
4575
8041
7520
5942
1653
1402
8584
918
173
3584
9511
1793
6281
1074
7852
5522
7992
4210
9518
10185
8268
4156
11312
10122
8616
8313
11649
11725
10756
2464
4811
6992
5511
6944
5586
1843
1026
9492
4734
2073
10312
7950
1165
1841
6643
7694
8993
7865
5414
1751
10510
7783
4915
5384
5890
7401
1278
2132
11809
9771
2884
2647
2358
11547
2681
11815
5567
232
6831
8841
6900
5297
557
7058
2135
3901
10159
8529
5402
5395
2375
11207
631
11245
2076
1459
10241
7887
11225
7419
412
4315
8409
6861
3768
11778
8048
2284
11054
4083
1418
1457
2089
11556
1341
9352
5765
11415
2703
6995
4057
1947
11190
1139
8559
6747
3827
9038
7871
9181
11128
6834
1552
10254
11113
9486
7306
6715
8561
6324
9733
8428
4954
8632
6280
1346
5590
3987
1642
3022
1269
9300
10576
531
8530
6076
8317
11262
4942
1391
3656
3755
3090
7140
6688
8748
6970
4544
5078
1158
3028
11428
4088
9617
4418
537
9288
10610
2199
9224
8015
10153
8711
10836
6481
670
1827
4890
7393
9999
4683
7028
8011
2193
11092
3750
11006
8076
1583
4406
9607
9303
10915
4212
1203
6647
10805
7046
10333
5207
7036
11429
5635
3949
6708
8241
6958
11534
7832
10816
7594
2236
11741
1545
9660
11882
4061
5028
1128
11578
4850
8963
5745
6675
7013
5834
11689
8199
5922
2387
5063
9164
8644
6128
2161
6221
2845
282
10331
5625
8827
10189
4062
6115
5934
4105
4582
2181
8160
7414
570
6908
6603
1960
4482
11637
2003
10389
3265
3689
7342
1536
149
6301
2310
1263
4870
2534
8549
8372
10391
9295
2342
3235
1861
11116
11586
3614
6112
1366
304
9405
5627
6310
3863
5790
3481
11378
6766
5298
6986
7528
2516
4465
4678
160
1738
3823
6313
90
11607
3607
3405
3903
2448
2251
4609
4129
7680
11863
6977
9178
3682
11075
4622
10559
4748
4096
10537
6985
7122
7597
2296
3483
4216
4541
3922
169
988
2411
491
6916
814
6050
687
11495
3712
6072
5553
854
4996
11646
404
5572
9516
4042
6149
2764
5206
8987
113
2998
10553
6516
3221
4225
8056
2154
9107
9907
9338
634
11816
8874
8348
2906
5368
3326
1007
3393
8073
7500
6480
2840
2153
10846
5
10345
153
5688
886
4431
4436
9553
1970
258
1017
8754
9454
9098
8683
2641
2881
11170
6748
3529
7463
7007
11583
10150
5535
6506
10667
9482
10363
830
5113
9884
3304
4485
5293
3884
10401
9525
2722
3428
1541
4307
4746
11334
8812
5279
9048
11331
2286
862
9337
2798
903
3124
2991
5283
4510
7272
347
9776
5116
685
5071
7615
6962
4856
10037
11300
1355
10755
4607
2010
1029
9273
2826
1353
8996
9534
5106
3940
77
2121
10668
5995
6084
9591
5478
3609
8264
4726
2700
8200
4597
2485
9462
5097
5202
5087
3757
11407
10789
3513
4045
11518
10373
11484
2506
1985
795
7400
11003
7970
11144
5354
1888
884
9589
10008
3547
4637
708
2330
863
9590
1194
9128
4676
7967
3492
9290
8220
9942
5162
9813
10116
2738
11562
1357
256
3439
7599
6685
7809
5252
2210
7223
10787
3360
2734
1131
8135
5950
261
1610
3268
5719
3017
8052
7825
8124
11133
10125
3054
2041
9179
6492
4895
4936
3506
9296
3045
2056
225
5156
4200
10443
4161
3111
10436
8792
640
3730
9665
8342
10751
10736
1482
9644
6866
8025
8290
7315
8519
9211
7837
9895
11109
11700
1414
1822
11468
987
6515
5236
11423
5945
773
11273
5907
1439
857
849
8916
1825
9899
1164
3163
7213
3184
5677
9460
10383
2810
303
3095
7660
5453
9700
5990
4571
4534
4711
3010
4739
6190
7959
10500
1865
8621
2158
8102
1168
10515
4124
1134
9834
1883
8595
6974
6236
3902
6965
9878
1396
2037
9480
9034
10523
8901
5795
6036
8636
9566
4705
1340
9995
8356
28
334
11145
5245
5161
10978
1815
5517
8476
3258
11441
1894
8376
1222
5691
6886
2593
9513
374
5787
5045
2096
10257
11507
11464
2378
10457
435
3718
9680
6423
1875
6459
2612
7493
259
2163
10732
7088
10822
8040
2151
6138
8351
4774
8744
5183
3807
1212
7641
5388
8509
1900
11097
1644
2657
11854
2256
306
4422
5819
8764
2320
6673
2409
11775
8681
6964
6452
1458
110
4513
9450
11742
11275
5214
5049
8691
7697
7637
10077
1951
771
3431
2659
10702
627
1416
4975
10906
2742
5883
4333
4823
9618
7329
4557
9167
5244
2581
8288
943
5338
9086
1121
3162
3973
5516
8752
10344
11838
9220
2239
9891
4304
6865
7851
10791
7338
2356
8860
10135
2883
11406
6478
11433
7858
3217
10991
2439
1085
11451
999
1473
3657
4493
10614
4231
7707
1641
7611
4885
486
6640
2667
8406
10251
4400
4460
5521
1434
3283
9096
11466
9226
10161
10626
11055
6464
4548
9010
5121
9765
3339
10338
11727
5416
1326
2897
10316
7717
5899
9793
3787
8642
11589
8036
8125
4578
9377
6725
4398
5571
7626
445
8971
3612
4270
7811
10948
654
4372
7586
1034
1902
10237
2207
2825
10172
2525
11221
3421
1046
10109
5860
8545
10379
3415
3653
1133
2323
1451
11843
932
1393
8734
8995
937
4458
174
6893
9428
6922
6620
9373
7116
11367
3064
3406
9329
11623
6679
2688
451
1143
9742
8117
10522
2692
5427
1538
563
1464
1816
4729
1101
6037
5983
8049
4781
8513
5367
733
8869
5257
11810
6690
3935
3112
2843
9330
5281
10843
9310
10050
2431
10765
8907
6763
692
4446
8713
3862
3312
3311
75
825
8498
444
7846
4464
11874
983
7526
8243
8404
3896
6436
2213
6897
9630
8136
656
1532
2804
9174
1235
10561
2758
268
963
9258
2040
10734
86
8255
5405
11661
388
11593
965
3413
6121
7358
8694
74
599
2690
3250
9967
6428
3075
2275
10944
1000
9468
10301
8590
9741
11831
695
10514
1971
4198
8302
812
4020
11004
8735
10235
8355
1980
2773
6352
3015
3364
2568
10362
5465
6871
4377
9230
8813
4027
7298
3168
10064
7681
2319
6185
9755
1349
9731
6777
9388
810
2728
8100
9841
7658
6949
680
7776
8627
4102
5417
6749
542
7936
9281
8207
7444
10753
1563
6479
4211
8583
2329
7888
11842
6409
11722
701
607
9264
785
7354
10904
1921
9123
6609
1300
4445
6915
7979
9432
7422
11572
3113
7437
10221
2879
7613
7719
6380
6820
2468
10723
6628
8132
9650
8739
11244
5616
2232
1800
6184
9839
6441
5583
5485
4782
1002
6939
2106
7895
318
967
3725
2837
384
2176
10398
732
11490
4640
7415
6530
880
3894
1570
4998
2675
2353
9040
10713
11033
1323
4527
6231
7133
10678
8556
6014
5184
2889
10923
2071
11230
10309
2015
4709
1301
7132
1588
9022
1010
6509
2197
6704
1909
10912
4766
8777
6556
4125
4920
3879
9659
4151
5921
44
5657
5584
6705
11343
9795
10209
2086
493
1896
1981
5276
8419
4267
5674
4246
2326
7817
8026
1478
96
9932
11115
2619
3950
11095
9961
6798
118
7154
4426
11310
5392
5386
11076
11261
3068
9254
2981
2022
5585
3604
5833
9538
11101
9276
11714
9639
1394
3259
2781
11216
6912
3417
2533
4570
1086
8547
10353
4859
7169
2627
8867
8434
8485
4107
2685
6860
11268
2977
9800
5673
9929
6430
7813
4265
2595
2058
11130
10682
7948
9773
1258
1487
8751
9851
4814
11156
1137
3765
8314
10000
7499
7350
757
8600
8296
819
2313
4596
7878
7945
9973
4961
10807
1969
3071
2115
6863
10187
5134
5176
10061
11927
1267
6353
4767
11368
4966
7147
10003
3875
1256
11920
4787
7201
927
1082
861
6931
8169
4524
2777
11352
5746
11358
657
3794
11667
972
8000
6522
10252
8520
9738
7917
9087
3891
11199
4825
8678
4864
7152
6224
10024
2753
1709
9447
5449
8478
8788
5493
10152
2972
6728
2195
5424
835
8886
1107
8507
3201
5867
9210
6071
11780
4925
11802
11691
1280
2392
5963
11022
1465
3108
7441
10195
11226
7332
11167
2184
8601
10648
1313
4179
4063
5618
8800
10799
2060
6646
5038
4174
4413
3057
7821
2803
11329
9414
3422
4448
6659
2959
11575
9820
3063
7141
3561
4365
3332
7501
288
7117
10826
10684
9917
7027
7482
9004
7164
10922
8900
770
6626
6803
4001
8588
2055
7466
470
1805
10147
1110
7034
5636
1185
286
4927
1948
10960
11513
5715
10169
6801
10318
9362
7853
520
3780
6274
9724
6924
8579
1826
3579
4791
4437
8503
8988
6813
7345
5145
7829
8797
3139
8736
5981
241
11825
6832
7786
2630
6369
6304
10317
7674
10489
1041
1899
3072
10810
6529
5133
3734
3966
8474
9825
11442
4659
2707
2389
3384
9195
11876
7468
7409
9044
8053
10641
4778
4258
87
2661
545
6737
344
7584
4236
8046
10652
8114
10824
3165
240
469
10996
989
3006
7933
9550
9966
10021
156
10623
6534
2607
6619
1783
188
4468
11427
7880
5123
9683
4769
3594
9033
616
3996
9622
5174
4873
11437
392
6503
10268
11538
8757
4396
2966
9512
676
890
1362
10546
9703
7684
3233
11902
864
3683
5436
9504
4159
818
2511
9035
10030
6512
10226
11900
10182
7562
1079
2435
9293
3241
8244
9082
4707
8565
4296
7004
3229
2639
9600
11903
6721
4367
1483
9898
11710
7785
1564
11743
10772
8042
559
10220
756
4991
6742
11720
5774
8954
3886
3367
352
1562
339
2658
7682
6853
2554
960
3
5393
6476
681
9722
9156
6622
2851
9574
4554
809
8984
8471
8500
11376
10803
1184
5043
5596
10744
9319
2824
11654
66
1565
11283
6207
10972
8287
10111
3296
3237
7285
6605
6717
5241
6818
8365
3182
11351
10285
8647
2745
3854
6936
8824
3290
7799
2870
2996
529
928
489
9429
1239
6269
4355
3994
5095
3467
2988
5318
3435
11338
2494
47
11899
2152
2215
1445
753
8170
7554
1950
8695
7416
597
7812
5432
7207
8538
9218
4703
11634
10812
1437
2527
364
8477
1217
2483
1689
24
2169
7008
8177
1242
10921
8611
5825
3895
1027
2950
860
4854
5582
6542
11601
9983
9736
7427
5910
2815
4055
4425
6493
9334
4866
11699
9375
84
11761
4010
5391
5208
11326
6971
8176
11187
1205
9204
3764
5352
9088
7137
10715
11812
11136
368
2755
3905
9183
1153
2886
10861
11621
6959
9603
6814
58
2220
9822
10707
8462
11619
9950
4977
5099
6660
9344
3626
4455
2328
3084
4403
4170
5222
3223
8802
1119
2544
2557
9519
11628
3977
7946
4219
3025
4502
2961
8537
11541
10719
5496
5948
11604
5190
483
8074
9777
8258
2621
10080
3572
9780
9823
10322
11023
5730
2415
5768
11768
8852
7730
7581
7955
924
4805
7161
8682
11160
9729
1905
4614
2289
9024
817
2701
4780
2033
3291
330
9409
3995
9168
8664
7432
6600
5310
7793
8839
11247
8459
9324
11674
10075
9029
5192
11168
8172
2507
4476
3500
3821
7868
2930
2445
3509
7040
1216
7283
8072
9132
2413
10829
6504
1774
2956
7144
4256
852
1522
9262
5809
8267
4922
11884
9131
11695
6004
7388
8582
4756
2403
196
5644
4203
6505
9959
8186
10874
1446
2476
6612
2185
1665
6582
402
4150
2339
1016
7374
249
10271
5931
2882
11043
8261
2679
4438
9601
1169
5055
9251
3795
1652
2254
10354
6812
1331
229
11715
6632
158
7106
5733
5355
7996
8854
664
7535
5564
503
6259
10813
4569
7969
7978
3197
11791
8858
8134
3726
10047
2501
10657
10607
3934
4807
9487
3769
2719
6098
10838
5686
11612
11184
8819
7104
9835
4621
1392
9646
1433
6511
11019
11148
7361
7902
10911
4214
5720
10243
10330
5630
1192
900
822
8464
6367
4066
2026
4799
5160
2566
1857
4325
10775
2601
5985
3385
9610
1701
3835
9629
9113
6200
3601
7632
8235
8472
9147
11058
4730
11449
244
27
8979
192
1968
8787
8024
5832
5914
10093
7555
9856
7086
171
5662
594
9918
8915
6697
8840
5527
8923
6100
199
7854
9212
5747
683
9256
2270
3651
11024
6179
6934
7931
8570
9473
4103
2450
5658
538
3970
2112
2430
5594
7112
7775
9099
1893
7314
2605
2360
10467
5102
3741
5980
3892
2032
3939
4433
908
9286
6768
5800
8333
829
1590
10946
8811
9819
4116
9206
5017
3669
6539
7940
9320
9805
11684
9867
620
9275
5919
1711
11555
3942
11122
2540
8147
3548
10100
4072
6397
4006
10347
5958
6208
6841
3740
60
5552
1979
6669
7351
4452
7020
475
333
5992
4266
1821
874
7309
10437
3701
6746
313
5520
5248
8453
11235
185
3493
9416
7661
7469
9605
11853
9365
8016
10203
11051
6531
11931
606
8070
10197
6658
7663
2120
8347
3020
3275
8851
9419
2428
1117
9499
8820
4714
7443
2469
2223
7462
10748
925
4022
4917
7232
2918
5776
10326
4238
11616
9720
35
8705
3645
4279
3284
3809
8634
7022
4542
10595
11769
10704
11327
5024
200
2962
725
8794
9870
119
3580
6008
1404
9039
9068
7921
3397
8163
11419
6358
5679
8672
2080
10020
8660
8533
8167
10384
6693
1197
1890
8880
4743
5027
10845
2635
11801
3744
6012
230
1886
8714
3341
4084
10670
2832
6488
3249
1236
5913
9510
4939
10364
4131
1607
11567
5628
9308
10892
10369
10255
6160
294
7629
6344
1042
3365
3444
7248
9268
7908
2643
8652
8973
9837
11194
2782
11753
5843
10141
1630
10872
5177
7237
5904
8593
4753
7994
1347
1498
10293
7746
4388
4363
3048
10175
6496
7866
11820
4134
11286
6671
5880
8350
11229
11673
4232
6870
10181
3885
375
5853
10950
7236
6716
3236
3200
4646
8809
4673
11613
11808
8990
3578
630
5671
1764
7265
6166
2259
11898
3100
2082
3277
5637
1784
11206
9828
2482
8685
6730
9873
2134
10958
11786
5319
3462
6652
3911
91
8077
3178
4167
432
190
4595
11519
1557
6806
9191
3416
6330
10051
3176
8475
11093
280
209
10516
1560
3103
6769
647
11082
11529
8115
10485
242
11860
5320
8952
6163
2560
10178
2586
7984
5996
919
3841
5756
5812
5633
11599
3904
10350
3953
6781
2363
11851
2617
9030
4263
5938
1627
11337
6406
3434
10198
6979
1428
3187
11248
6177
6451
8917
1043
1714
4519
9294
11772
551
1944
6880
8023
3400
7910
10942
4914
4074
1279
9651
9313
5523
8202
3805
7219
7814
6604
4715
2050
7602
10349
9678
2550
11622
10926
3798
5253
3308
8727
10368
5780
1684
2567
6295
7720
1935
6694
7496
5554
7334
5316
10663
4855
5829
10232
8129
5513
10084
4878
178
2512
4498
443
1284
3263
7191
9905
10481
4113
11450
1706
6155
1999
4089
7668
8499
9494
355
9636
6933
11386
824
4397
1441
5170
6868
11267
11718
5104
4932
9049
5888
1166
2203
6371
6088
9041
1649
8698
11679
872
4813
2091
2444
10549
6776
6303
964
6021
265
5767
1873
2490
3024
11505
11545
7394
9552
11108
4545
7543
11790
8550
10502
7490
6760
7324
6678
8604
3615
57
9277
1310
6711
7822
6757
5198
1075
4209
2594
41
9664
6696
3138
1318
4327
9506
179
1116
1954
2912
1237
10474
8878
7982
5289
184
7723
10304
1261
3698
1206
6836
4638
11844
9216
3677
9316
10583
4666
8390
281
5313
10324
7234
1030
323
4507
2441
11164
5510
10643
2335
10662
7212
2063
8864
1876
11150
8725
5916
9613
9536
7322
1715
5172
6683
7702
2936
1398
9785
499
5029
11489
11257
5258
6843
9390
7134
197
4185
4529
2470
1351
913
4779
5704
3480
4387
8505
780
1334
2632
1571
2102
9579
1542
2101
8622
10025
4336
2456
308
8019
7135
11210
6494
4147
1837
2480
4980
389
9323
10841
67
7263
715
10917
3912
3843
11855
8894
2740
5250
2084
5188
1838
1551
3362
6947
7954
1377
2508
9384
10208
10802
4506
4757
8429
6467
5468
5371
1259
115
3644
8650
5588
10815
10460
5438
11789
2888
2401
227
1863
3816
1586
6489
2090
11070
10046
8506
3632
7973
1740
4312
8689
10830
11452
11614
3044
1224
10653
9515
212
8078
6322
5400
7057
10085
8357
1033
8893
8153
9939
9078
6320
4752
9530
8575
2670
5082
3031
11401
2853
8466
4054
1941
1623
910
6896
10908
1703
8346
6147
4293
1543
2225
5548
9483
5946
8939
3466
5844
10420
11670
186
4326
6457
1609
6952
6520
4295
10137
2425
3001
4538
6535
735
6592
2706
9265
8263
246
9197
7074
1618
4840
7325
4285
1032
10931
3868
6802
484
2946
2182
203
6045
9227
7524
4442
401
6608
10452
10291
6429
2780
2660
10890
10406
10735
403
4995
4751
956
5749
1939
7609
3616
11412
802
760
1167
7160
2624
7200
9611
2811
9424
4669
7079
10196
1012
7574
1798
3228
2308
632
8442
1071
3880
536
10728
9572
10430
1035
8088
5695
6404
1356
11704
5213
10703
10612
6035
6289
4195
2569
8297
2861
108
906
5501
10847
1044
11560
9897
5830
8931
8280
4698
8171
1201
7928
1368
5874
2684
10894
4625
1257
6058
7105
2424
6196
3368
4525
3395
2733
3853
239
1892
4091
4463
8767
5789
6355
7312
7381
398
4647
8773
5295
7209
8884
6139
1554
1272
231
7098
7397
1901
7292
4274
4149
5407
1226
6468
7066
6561
4908
10386
1575
3245
2892
8009
2011
2812
1507
11923
1770
5824
4480
10893
8795
10096
6633
4589
775
3874
1517
11382
11297
3719
3436
6034
11682
6867
1510
4222
10669
411
349
11276
3861
1519
7288
646
5146
2787
10639
3724
11186
10376
8316
5061
1722
6573
9846
11421
5808
10747
2287
6309
5970
4429
6356
1804
7006
11630
8855
1422
5284
1725
5309
9192
7192
2140
3461
591
2637
5999
4227
1374
4735
8686
10476
10245
580
8592
3443
1255
4655
6930
11135
6384
5221
11223
1973
7015
5714
5663
10690
7440
4228
4193
383
6118
3732
1150
8580
5403
8224
1093
6585
3771
3464
4810
3955
9364
3938
9160
1603
6432
320
7347
1525
7266
10852
10427
207
11794
9585
4359
6000
5503
7754
11171
2159
4104
10200
7094
2019
10325
5342
3917
1251
5032
10743
11770
3350
6129
4670
878
10218
4722
7173
2062
4832
2827
10784
8726
1745
7023
823
1663
3143
9544
11516
1087
3097
7479
10498
8155
3899
4861
8661
8230
11861
2818
9754
5378
6003
10511
11040
7796
9706
4097
6146
3947
1587
7101
5651
2438
786
11377
3702
6319
6111
7068
11565
3559
204
5189
6940
9358
1849
10859
5589
3722
2914
3968
10456
5743
11127
11391
3378
2749
2183
8495
4931
1188
210
356
10521
7290
2488
7667
7671
11690
3747
492
11581
9783
332
6418
11823
3433
4148
5036
7989
5286
4259
2518
5274
6533
11032
2047
4375
6178
11678
5340
1370
430
980
1307
7204
6253
8502
4959
10936
11445
9105
271
11805
10211
5350
1976
3697
1787
5706
5661
11303
4423
10957
7277
1413
5139
11644
11131
10332
5434
1556
4152
100
7794
4938
9628
8873
3331
7360
362
4428
10849
1281
3336
11588
2907
2829
2556
8693
699
1918
8384
4881
5034
1666
3878
5807
10468
7050
5150
10655
6214
7836
4879
3870
5504
2649
10956
5278
11197
9710
10277
11143
6601
7
952
5362
9001
5076
5665
7631
3254
4590
6263
8377
8920
1635
7069
4118
5755
7431
5039
11627
9189
328
2065
7686
3409
1061
4986
11028
7065
3889
11479
9232
1182
11590
2606
2582
11132
4909
5219
10635
11633
11814
370
125
11785
5142
9046
946
8720
6666
5460
5799
8829
2655
600
8018
9163
7698
5442
7678
9157
638
8671
4973
10057
6148
1832
5912
159
11077
7861
3169
778
1114
5506
9746
8543
5543
3754
11873
9207
7792
10989
8201
6699
1330
5356
5125
10351
9537
1336
9493
2123
1274
6153
3700
3530
3945
3872
11177
5937
5007
4887
2563
7021
4255
2975
6240
3269
10854
1174
8740
1524
5869
789
7077
5680
1497
7839
1912
8154
9003
9449
105
10627
5821
11218
840
3770
11260
1962
5759
954
5333
7373
10411
8370
10675
10998
9403
679
1303
7472
11758
3345
6123
11439
11017
1674
2772
11151
8274
2290
9766
7278
3222
8175
10412
11868
3852
752
9752
5011
10589
8068
5075
490
2979
11188
1058
11888
10415
4229
1140
1580
1903
9969
9604
3576
3437
700
9437
939
8195
3282
10399
6065
8919
3736
7229
7450
4111
2030
11611
1869
4968
2786
5224
7636
4004
7877
2461
9782
10120
6905
3965
11605
2031
8064
4869
5288
2453
1667
2014
6157
4471
2850
2167
1987
3662
9993
11112
10592
4808
8670
9953
5534
5361
10470
2436
3148
5068
5013
707
8688
9089
8121
11728
380
791
2932
9539
9597
11349
300
5646
9395
11454
20
7257
6025
7892
2698
1090
6878
8006
11002
496
5255
9573
7573
6334
3328
7525
3486
5649
3693
2954
11196
3897
1993
9187
4723
7683
9922
1844
8033
3865
2083
2769
424
3013
5324
5778
2098
1924
6731
4362
7467
5794
9520
6038
633
2638
307
3399
9122
8092
2434
10078
163
3915
5708
8953
11304
3778
8166
6104
9885
11165
4829
9596
9436
1916
8510
3257
7971
6028
5042
5894
1448
6548
5052
10140
1247
3074
8921
1931
510
743
5242
7447
8724
7012
7130
11752
6630
8418
3959
7942
8804
4371
5512
2128
9497
8605
2318
3009
7267
4100
3149
9714
3906
6617
2634
5518
8271
4624
2761
1925
1749
5773
9130
6657
9050
3294
10382
3213
7778
3327
1814
5868
7311
4585
6501
3733
8012
2406
3455
736
5918
8515
9173
2838
7557
7867
2856
8870
1592
4389
713
7510
3242
6389
549
8818
5735
7588
3477
7848
9289
1697
970
6631
10012
6348
949
2960
8969
5260
7348
10828
1772
2969
9941
8051
7673
7254
5816
1555
9408
5701
10598
522
3003
11480
9263
5557
7915
2520
1193
11467
4867
5672
9279
10461
3556
145
10393
3272
8257
11764
6578
10619
9252
8273
8339
8630
4037
7153
1928
6222
5200
3855
8164
11106
8193
3893
8228
1232
9071
7755
1769
11655
3574
9541
4795
10428
3688
8133
5048
5879
6235
2386
2989
6898
10018
8799
4241
9385
10455
5272
3441
11308
7216
7033
461
10118
4679
2636
4835
2381
4393
11361
7389
7823
10256
10290
128
997
7055
11580
7897
5962
8187
3844
1781
11471
7974
1742
9140
3831
220
1595
7977
5065
4201
6282
6387
7303
6854
10712
6176
11387
4486
1582
5348
9318
8619
8540
1070
3498
1223
4893
5480
1447
9906
4888
3586
1637
466
7301
2672
6877
257
8421
9872
7976
8646
9485
7010
9672
4943
6956
5924
11289
2295
1862
4439
2894
10262
350
9458
1023
9136
2589
6714
4744
8730
1920
10491
575
9623
9059
648
9904
6521
3226
764
5016
1221
9919
8408
2116
7476
6727
11005
1240
10097
109
2478
6048
4153
11313
7189
11238
11804
2118
4794
7151
11930
4053
10142
1352
931
7037
8120
9477
8319
4848
2523
2976
8035
6593
2656
4080
512
3484
9857
1308
3454
10677
3954
4299
10234
2048
8291
7648
689
7742
5000
6024
9311
1157
6366
6471
982
6091
9583
6913
1123
7108
3654
1698
10939
1748
1500
4320
11081
5540
9253
5766
55
2831
10359
3478
4386
9853
2669
2535
4619
7886
2596
2217
576
4618
4099
7553
1317
1750
1419
6041
7327
816
2546
3858
7382
5152
8308
3227
9170
3093
3742
9219
2901
1808
8514
3999
9274
2723
6405
7276
10007
8174
3152
8237
8651
7410
193
406
4809
1386
11350
1098
10036
9106
4976
10497
7610
882
1830
10366
2044
1288
1752
584
1481
10706
9353
6278
1780
10674
8002
10194
3340
8525
11211
2440
1124
6435
5014
8260
1177
2205
11650
5092
6455
7939
10594
9452
9740
9979
3274
11745
11296
8340
9921
5911
11737
4331
10759
7286
2417
6733
9689
9091
4727
8609
92
8709
1854
10685
5930
5537
4324
11447
9677
4701
7255
5505
7642
5865
11908
6400
1100
2548
5781
1083
8768
6779
5026
6308
5968
11087
372
806
2613
4536
4197
3476
10473
8782
8079
6668
4708
1142
11369
5351
205
7131
4192
10782
5802
11000
8436
10188
9702
5497
8266
6193
4402
604
6513
3504
3671
4852
8814
6941
6069
2393
5569
11061
9236
5876
2029
9868
9441
2200
7370
4846
2147
9244
5854
1836
5818
7333
996
8345
9701
3907
4668
8905
2045
9772
2890
2771
5450
9727
3303
10853
8718
7504
10850
6982
6288
6552
8331
9667
3193
4146
9158
7916
9287
5713
11833
1539
1622
3672
8786
9717
11224
6700
8061
10305
9143
2705
8687
14
1329
2133
1616
5458
5786
4432
3055
10866
11100
3553
11576
2645
11755
9821
7092
3468
1834
3408
3686
4282
11045
11511
6285
10568
4447
6780
7633
10932
3597
9964
8760
4178
11847
423
2423
1204
3611
9326
9634
9647
4050
9804
6379
5136
8758
299
1775
49
206
8776
11579
1910
6103
5303
4788
1161
6151
7491
7502
543
8060
9900
6816
3728
2541
4344
6580
2266
10547
1974
1014
11871
4551
9568
2920
868
11852
5681
6653
6670
8865
2351
11636
10642
7078
3359
2841
7047
3248
9524
3627
9690
7568
8415
8250
9225
5229
7924
8741
312
8940
6761
7404
29
1151
6991
985
9444
3685
6066
7727
6136
1297
4817
1264
8206
4997
2420
7330
4311
11363
2042
11249
3592
9475
7211
103
10471
1066
8803
5645
3038
8407
3668
7439
1743
8067
2631
11323
9205
8591
11432
10273
11134
2021
7980
7899
1214
1273
941
11735
915
1765
2673
291
7968
7874
4420
8844
5764
1860
758
6621
9305
3991
9908
1132
1799
3832
7150
9764
4221
6142
8553
6197
9153
5124
2397
9016
10621
9657
10180
6411
7019
9721
3008
11425
3333
9645
4645
4208
1486
11603
1599
8981
11290
10059
4034
5737
9282
157
3779
9394
378
9769
3141
3109
9558
3590
6323
992
11703
3846
5429
930
3494
10371
7056
10106
1430
10616
6064
5578
9118
11483
4137
9280
10551
1628
6957
4762
2603
784
1306
8269
6723
2150
6023
7572
6412
213
5866
3047
3985
11811
3758
3593
10548
706
7438
276
1292
6086
3924
8109
4599
6049
2857
8479
7881
1572
8156
2164
4613
5852
642
10720
11916
3589
6752
6855
81
9383
6311
3348
745
5399
2054
7445
9100
8759
10058
3772
10603
8238
7475
7870
3460
734
3424
11465
4251
8944
9453
4470
3618
10644
9840
2532
7583
5599
226
8139
11870
728
2281
8690
2937
4500
8717
7035
7067
2157
9640
4188
7566
1245
1115
4665
11457
11159
2078
9342
1831
7743
10054
3819
11346
11497
3079
5977
11557
52
2766
7806
1496
1208
12
8123
933
8283
5358
3087
11254
8030
1648
9199
7749
2013
10466
7550
3255
2517
2808
7239
5409
9685
5574
3142
4504
6318
7014
2822
5307
2036
1190
1186
4924
2891
6562
9297
5805
292
4777
7005
2625
6791
9960
6022
131
1835
2075
4628
1047
5841
5851
9129
7617
3802
8524
3675
6473
7640
3629
8456
6143
6202
9723
11044
4671
2368
2216
11364
9625
7319
7729
875
936
7377
4894
9614
3543
8423
666
3386
7220
3743
11099
2823
8586
3011
6744
5484
10745
4688
5515
4186
5025
6966
5439
508
9943
8306
7121
2904
10045
3978
346
1339
8641
2646
9775
5827
3993
141
11241
6851
4984
721
2836
10880
7167
11285
8970
530
11656
11749
1429
2858
9021
7838
1553
7489
9816
1299
1881
1162
8539
1146
7740
6741
6906
1109
8378
2924
3479
2264
9735
8761
10438
1569
2346
7670
4804
7280
6555
6792
2922
5606
7455
7425
2384
245
5390
10593
11298
6487
7362
3030
3581
981
267
3161
11478
1915
4951
6544
6272
11231
9064
10788
6560
4969
7961
10225
11635
7474
6973
5976
10651
6307
11837
625
11340
7113
5266
1155
10951
8534
10440
144
2126
7343
986
6771
6899
7364
10689
6011
7938
10286
427
4112
1036
9687
1480
2495
10631
9372
11896
8991
10450
5143
10321
7585
70
9302
434
5836
3582
10074
8837
3472
5722
6206
1105
7181
4016
796
11869
1777
9616
7513
11618
10573
1502
7420
9688
11031
2214
6370
3528
5269
10656
6092
8032
4184
5991
10425
7744
10964
6195
7159
2957
8738
7689
2180
9912
1053
6273
6623
8976
5115
11301
3936
8638
6508
10464
10871
6718
11681
10763
9317
623
8149
7965
558
11597
3681
917
11500
902
5793
10839
9368
2369
7844
269
3191
8214
327
3851
3666
11512
459
10205
4144
6421
9
10766
8577
172
1218
4990
6590
1400
813
3613
8414
7407
11458
10868
1170
1149
7366
3703
11410
8932
2156
7136
11069
6019
3517
7872
4803
9246
31
11542
3551
4635
3623
2398
4552
1295
8435
6044
2305
11677
3971
7166
248
8623
5828
673
948
1141
8606
2982
3748
10307
2714
16
851
7672
1672
3388
10176
6764
5882
7115
7091
6581
315
9608
8648
482
136
5273
5331
8555
1060
9070
3091
1566
7741
6523
7883
11
4369
5421
353
5472
5788
705
7049
2345
8144
2148
3430
10026
11191
2196
4899
1956
6174
7030
2806
2070
10465
881
8968
9757
7041
11272
7100
3694
5387
3570
10705
6887
106
9767
10381
5312
5760
6198
338
3018
8626
9930
2597
4136
5928
2543
3557
6862
8005
5839
9301
7960
345
68
3549
7413
10536
9374
11110
783
10834
3751
2790
9994
3429
1354
2817
9063
6252
5875
10442
8762
6483
1712
7307
478
11907
4207
10006
4065
8299
618
9842
1679
601
7622
9903
583
990
10856
955
7339
11103
2718
10558
6955
10177
366
3956
2350
2407
7103
7685
5130
4901
2119
6719
5770
641
1866
7964
4240
11189
1485
9901
6875
8891
8361
2160
6703
7565
5334
2359
6362
250
9042
2194
3810
3834
8087
3219
7384
1617
7624
8875
8065
9716
4950
3206
1728
9527
2537
720
2699
11702
7690
3558
97
1371
4117
10503
1056
8146
950
7090
3077
6381
310
8960
6869
2968
4133
6526
9234
1211
7863
4449
2980
1614
8798
1062
6171
6989
797
6838
8522
6773
10346
6574
2486
10070
5070
4695
8779
10163
10659
8908
1535
4764
6135
6444
9062
2416
9067
4033
3105
4540
3051
2206
3482
10323
4518
8807
2192
3174
2807
7889
6116
5180
4177
6300
3293
10499
2767
2640
2005
3310
6426
8282
8703
3788
9196
8426
9165
4826
9309
548
381
3471
9817
2665
1523
11062
10114
748
9958
1847
4949
2693
11832
6191
10804
914
274
7807
2299
10143
5285
4499
7757
887
565
10167
2622
10328
7156
10052
6884
8190
1638
4164
9896
603
9758
6756
10308
2229
7589
5311
7340
1806
10971
4892
11595
11281
5935
9732
7336
1025
9756
10535
9621
11522
9490
7269
4517
8702
5526
11688
3289
11701
2608
1597
10901
10361
5872
4361
1619
7434
7193
3490
2579
1629
7495
9549
8876
4691
0
7162
4512
11521
8081
54
2754
7009
7644
5614
8057
8126
11436
526
4430
3247
6625
133
4078
11591
7900
5861
2689
11926
5640
2945
63
1173
9923
717
6262
9927
6068
4733
10445
11274
10697
7815
9333
6099
7423
1717
10578
10212
5615
9563
10407
6276
8328
1512
2244
2921
8254
6987
3641
10063
5762
6265
7657
2332
1127
6013
3000
9997
6469
3781
10055
9354
2105
2802
6180
3185
1839
447
5965
10581
9235
4269
4833
4095
9159
7612
4724
9095
10646
7386
4958
2555
1721
2994
10029
1877
5302
6799
7728
6345
8548
3131
6132
10524
1089
3525
3281
1520
7250
7995
897
838
9791
2467
8249
7321
4503
502
1763
8107
3829
30
2814
7788
11258
790
8110
9559
1365
5831
9185
8097
11608
9496
7326
11859
6484
2618
2002
3102
10213
1316
1578
6325
5046
7310
4937
1094
2085
9501
1302
6062
8983
5610
11408
5398
5238
1776
1700
266
9077
10863
1325
3373
6611
6403
3418
1489
4831
11848
544
8071
3961
11734
8424
9619
4314
4841
8679
1293
5726
4132
6026
9233
6844
4758
3932
787
3527
9076
5763
8926
8084
8222
5955
651
6110
5775
2855
10935
1254
1337
9697
628
826
8676
8161
820
4581
2127
10014
11384
3988
6477
4487
8098
8188
8295
2057
4972
1102
1683
6351
2559
5381
9101
1693
8022
4260
2600
10017
11129
3976
399
8780
6918
5335
2785
9198
4127
5296
4337
624
1406
5051
2620
5740
3122
4681
2018
951
9066
7038
4760
7411
11475
1248
11552
5539
10798
1534
2778
10632
5086
7096
10781
3785
7051
8334
1655
10239
8310
7464
10725
4000
1965
9306
2477
5519
8451
2280
1868
4983
10048
5653
3830
2510
1809
11139
2916
5291
2395
5481
2385
8842
9781
10988
6016
1719
10979
6807
8929
10902
4516
7679
4092
2642
7064
3465
3377
568
2578
11420
9944
4520
10444
1879
1989
3059
7430
9861
5246
8731
4921
9155
2276
2686
8402
3554
2380
9763
9711
6707
7820
7302
3595
513
7253
10528
3678
7492
7186
5978
11792
4537
2935
4988
2724
8354
9991
4199
10533
3147
3211
2336
1527
11532
5475
7625
10532
1508
2835
393
2911
7549
9243
10637
596
6606
3840
4275
10954
3295
10295
10013
10282
6499
11037
9666
8324
3414
4818
4981
6518
11242
8162
4141
1081
8375
6558
2951
6175
3647
2137
5796
4441
5163
10767
6465
2211
7606
11499
4713
579
5339
1209
2460
11169
4332
6637
7174
761
10571
5619
2503
2250
7705
6097
5275
9508
885
5446
7026
1160
10236
5676
2725
3673
10770
9491
2770
4345
9936
8448
645
9266
6081
2136
9682
7143
7424
2314
2226
5064
10343
615
4568
5687
11152
4115
1731
1544
5837
8888
3052
694
3002
3811
117
2306
11318
4040
11379
5193
1382
10082
3202
7481
11747
6654
4157
4143
6879
4877
3817
295
7843
5117
8879
5369
3302
9000
11818
10624
6639
3005
1818
8649
3120
11784
10094
9371
9180
5169
2763
3789
9695
7713
10107
11894
7721
2272
7188
2107
8756
7291
4627
11767
3555
9209
208
10410
3320
8277
7118
301
6895
284
10433
7018
198
2591
11723
2111
2125
8198
8226
10808
10622
6095
11639
8830
11271
5573
9363
99
11645
1163
1771
1449
1647
6981
6242
9902
7791
8732
11348
8204
10357
9931
3606
9434
4509
8219
7344
9570
11800
4272
3316
527
5885
94
2437
2258
5231
9889
589
4790
8380
10207
480
7759
3944
3535
9535
11440
2235
5073
8486
10086
8281
10600
9422
8138
11830
5237
8557
6634
8091
10617
9986
6450
3353
10484
2828
3680
5591
3667
587
3354
3356
3699
9002
9438
10785
794
6695
8488
11446
11200
476
11416
9359
7273
9495
3224
5165
1091
7614
667
283
7241
5021
2849
1324
2230
4491
7935
1045
11074
9977
5748
4704
2522
10417
2252
6124
10228
2875
10796
8374
6443
7294
7114
8094
9154
3190
4636
6732
2872
10903
7736
7293
3207
3643
6565
4550
916
6246
2955
1268
9069
7456
8467
5194
1181
2248
10250
6751
3041
7541
10718
10173
1882
8433
7221
3133
1961
1908
1493
8596
9231
4651
10119
5428
1055
4025
1389
2208
7988
7395
10835
218
7972
5060
5120
2970
11796
639
11537
1811
4741
2583
2173
11053
4546
3145
10778
8958
7251
4162
4106
9299
6433
4792
9176
6416
6946
6486
10680
7879
2279
4910
11413
3972
9564
1231
4884
6296
7308
7760
3695
5464
7608
1559
7252
3440
1625
2433
10099
9877
9940
2847
609
3927
10647
2100
3189
7804
5325
1092
481
781
746
3355
11431
6571
3014
7695
6096
11395
8335
4392
7163
8999
11146
11430
2139
10539
759
234
5988
6257
5542
2309
6102
3822
3214
5568
10966
1695
5654
1891
4797
3171
5137
2187
9261
247
3621
6413
4290
1794
9267
11914
1
10801
7470
8955
6458
5725
1106
9886
9533
1812
9609
9638
3325
7849
4602
6517
8528
1710
8883
3488
9443
5168
9498
2652
10199
11918
9221
4190
10708
9962
2004
5044
11311
10688
6440
3230
8157
11195
7649
11615
1051
10649
8444
5738
9801
2926
4842
6564
8585
7818
6454
9345
10449
10009
1270
6186
275
5084
7262
3519
1613
6042
7927
3792
11933
9577
4963
8946
3962
6618
3544
3081
6015
2344
3564
498
6228
807
2691
5694
9693
3351
7993
2035
7894
11890
6114
11798
224
6438
10028
7957
8719
8573
5771
9599
7575
727
1829
3411
11124
10731
9982
2129
5798
4690
2178
155
8233
4245
2316
11527
8801
8957
6420
9517
8089
8578
9448
1732
10088
2902
2919
10605
5732
6119
10531
2008
6709
3929
2547
463
7884
7053
2
8119
6984
11353
2212
3806
663
3921
7442
5835
4121
5753
3192
4172
2893
8327
10679
5423
5926
2943
10356
11487
8165
9586
8763
9120
6463
5550
2110
8150
1020
3338
2964
3706
4845
1872
4843
6712
9913
3470
10139
3099
803
5204
7506
11227
6113
804
6948
1198
1682
608
10289
10378
5820
5769
4765
8358
793
10145
11762
8933
726
7532
4606
10065
8492
5069
883
2942
10602
7947
287
7165
88
2442
6923
3864
2234
3438
11887
4233
953
7536
10168
223
4046
1171
7412
5212
5300
11506
9661
11176
859
8701
1407
3691
3209
11672
10049
6407
8566
11080
10886
4122
8849
9809
8723
1911
9799
1754
42
11294
5383
10580
763
2880
10505
8742
59
5426
635
10992
9631
5431
10508
1333
1932
6460
6607
6183
6020
11779
1914
8082
6340
9858
5979
8353
11356
10857
9223
2274
7048
2931
5108
10154
7564
431
4930
2502
9020
9503
9526
602
2695
1420
8027
1385
1626
5902
1761
6331
8178
9284
11736
7392
1443
3620
10965
11570
533
4123
871
154
1379
7498
4163
2965
1013
6650
10294
9343
6077
4775
5088
5656
10313
3617
4577
9433
1998
2228
4253
1018
6152
5939
690
11035
7477
4049
2739
5138
7505
6394
1677
7774
9789
1466
8364
7059
5666
11826
11098
4380
10227
1470
6341
1077
7457
6445
3869
6327
6596
9926
5131
4656
11554
11342
8546
10529
8229
10692
7044
935
5810
10556
974
2079
5262
6672
3407
2171
9292
7801
858
4740
11698
9125
3140
7999
7934
3231
10919
9203
5081
5757
4700
9426
1579
4633
11564
10292
6726
9072
6739
7591
9387
191
8657
2124
5019
7665
3952
10263
3423
10490
417
1724
8904
6266
10453
293
11739
6439
6210
2666
4702
3023
297
4824
3076
6904
4036
7593
718
3453
6085
11030
5360
2530
1757
9184
9815
9668
4368
3737
5727
879
4642
550
1425
4381
5066
2092
1744
2333
4300
11922
2198
9864
5595
5349
98
1576
5887
905
8127
9654
10032
11071
1024
581
8368
8508
4615
7552
2662
7761
7270
3062
7650
7621
425
4798
4634
11756
2188
10493
7925
7696
10202
4298
7716
4953
5114
9561
2088
5864
5710
9992
3270
4484
1080
2034
1084
7590
5772
4985
8003
2650
9175
5940
947
5750
1992
3329
2087
5669
6525
7903
8329
6661
10606
11675
10982
440
4346
2174
9351
10825
3910
4680
10501
9730
7109
1855
3786
9380
5100
2093
6729
5570
2570
2246
6385
3983
5363
9794
9747
4444
9073
2402
9404
9774
6753
1492
5337
9712
11717
4168
6087
9699
9543
4941
3220
11760
9978
1792
7985
11137
8245
10640
4109
7076
11287
5629
11494
5058
11405
9090
11263
5667
3773
1673
11332
10795
10314
9887
9798
2899
8312
448
4629
4982
335
9894
11514
1309
10953
5127
11658
6770
3951
1054
7052
866
1779
8624
6932
1621
11544
561
4926
4847
4070
3239
4558
5871
9649
3856
10733
10367
7435
5329
8956
5299
5433
6960
11539
10527
4013
6797
2783
3567
10742
1917
9361
8410
3687
3032
3107
3610
1011
511
10625
5957
5096
10721
6167
3923
6808
10832
1723
15
11375
3330
8279
8998
8294
8781
5158
2908
10249
11305
2795
11366
7170
2552
7299
5993
5972
10223
11836
10525
7149
5612
6415
592
5915
11924
5736
2466
3986
11777
6901
4358
3799
10123
2602
5420
3078
10300
5971
4404
2081
10414
9400
3992
792
1471
1260
4682
595
11867
8001
5020
4196
2584
9726
10042
1342
9474
6131
5597
5479
11776
3037
4071
515
2615
3898
6894
11013
11932
8728
11901
2497
4384
5751
2067
6229
11765
9587
285
1945
519
1958
6882
5154
3369
5225
776
6359
2708
4583
2138
11496
1741
7459
5956
279
7071
5455
1680
5345
3710
3588
10634
4838
10105
8791
7261
9418
3243
140
5997
4169
3900
1314
9698
7142
8750
4108
1409
10043
8716
9166
9455
4687
11530
6137
4661
11517
1996
6343
11841
1736
3170
9957
8386
8897
10297
8104
1694
10124
6213
3793
5083
547
5443
7102
2414
1191
5164
390
5217
6373
6408
5801
6315
1817
11724
5059
5089
10073
1528
7372
1196
8838
5741
2227
8887
3933
709
11240
4543
1440
10837
7692
8766
11781
7025
2704
10800
3137
10821
4737
10492
11444
6223
7429
9866
8666
10664
800
5091
1283
8369
4806
6401
8039
10899
11102
9671
11640
2072
4934
1175
11885
11864
4643
5670
7371
4353
7391
10783
2388
7185
11917
2066
4592
7518
8816
3065
7780
1604
9285
4252
4849
4461
11389
76
10447
4528
7227
321
10724
7195
6422
7402
4287
7337
11096
1636
7070
7577
9509
2774
5541
9052
8749
10566
9578
11879
4165
9779
9807
3352
5998
1889
9149
3027
697
3624
7769
7107
4073
938
578
8158
2349
10432
9114
8847
675
6089
2561
6724
5135
4292
3445
5949
6743
10628
3635
7179
400
1514
5655
6382
167
132
2971
1632
176
6588
4742
10004
4248
3086
7369
5364
2626
10296
9481
4860
8344
7378
9488
5053
4340
1312
10786
3943
10320
101
9121
1591
7711
6968
4271
9588
6706
3172
10797
2585
4414
10613
4812
9379
152
11153
6261
4383
252
8521
2001
1895
2834
61
7198
4215
5814
9229
10174
7691
7032
3713
3585
5435
5536
5607
4883
6225
10945
11354
9575
4277
2995
6800
3602
2334
6105
3727
8457
10103
6390
5179
3458
4205
799
429
5678
9875
11642
10569
1596
4770
10883
9019
53
7515
4261
8669
6159
7352
2514
19
5622
6395
6885
1219
4902
6598
7734
4459
5703
3569
9347
8315
11687
7016
3292
11763
7687
4857
5482
10186
11476
8697
1241
3136
7842
3735
4194
2986
5243
1558
9670
6976
4862
3394
2025
10069
2324
11014
4250
6954
5380
11118
5098
10687
9507
3314
984
9684
4005
605
11892
9431
4567
6292
2061
1611
8516
9053
5461
8846
5167
7790
3260
5489
6543
749
2864
6485
5370
10469
3813
5982
6615
5159
1561
11632
4206
9093
6837
6212
1266
11928
9376
554
7497
2487
1031
5906
8853
3511
6681
11813
2867
3491
3357
8949
2481
8217
4784
11347
10090
2623
11663
1037
841
10975
201
354
7017
4154
438
8922
11750
4566
2743
3049
6635
11905
5643
120
2791
2680
3763
940
5373
2285
10475
3116
8722
10448
10855
2265
11284
3188
2909
1038
6911
10999
2399
7638
8822
7509
5696
4579
1646
3877
10968
9571
8213
5551
2141
8225
6682
8383
6410
5862
8925
1438
5600
4653
7559
2341
6524
3849
4610
8063
9269
6983
1327
11531
1290
10541
3575
2146
6314
9806
10133
7545
10973
7860
4496
2263
5456
3649
9469
2751
8212
7485
11515
2012
5717
8055
2130
4031
10264
2915
5487
5218
2302
1276
8259
1040
10144
7601
10229
3252
2293
5366
4451
6537
7706
2278
737
298
421
4928
5873
11157
2221
892
3216
10336
2172
1957
5149
1952
11209
569
6162
9560
2974
2355
6267
577
2536
4171
6554
11653
6199
10601
2820
348
10372
4160
2987
11147
11264
10283
1963
1189
2443
11568
1412
9612
2542
968
3160
1372
5305
8412
4865
5454
10896
11278
2367
8248
6144
4262
337
2848
6540
5196
751
305
5270
9161
8947
6245
6972
586
4652
7600
3503
8607
5886
11460
1953
10261
7835
10885
1113
10121
8610
10068
6750
9360
8625
10392
2929
9910
10495
7516
8930
11587
9890
11411
2240
1934
10754
9315
11540
828
7522
9924
9750
11641
10792
739
9080
5315
3448
2109
9255
831
593
6414
7452
11335
9796
3232
11793
5379
9949
7297
2190
9673
11660
1332
10814
9272
2149
10190
1529
6347
8511
7268
555
2142
7449
2993
9655
9241
9435
11319
2789
8242
11472
1515
7246
1348
7966
4313
1639
4342
894
9850
8656
235
3642
9663
7603
10302
386
6953
4364
7503
10727
678
11362
1227
3324
3752
8211
747
1472
1387
1381
10478
7824
10554
7997
9194
7929
467
4335
123
9990
8684
6032
1118
4868
8699
9186
10590
4796
10192
2277
9996
10244
4376
11919
7855
6232
5012
4515
8395
1668
9247
11744
10019
2422
11551
1802
4853
11910
7789
93
4993
6216
11696
7718
11403
162
889
8021
6453
9009
9335
6698
38
6158
6920
10374
11336
5856
8783
4094
7196
6852
1997
11316
10977
6082
8936
901
3267
124
7981
143
6857
11631
95
5929
1285
2726
6641
8721
4189
202
9188
6827
8438
8487
6864
8246
5822
1531
9055
408
8301
3127
6602
3181
11648
1727
1111
5103
7387
7745
9011
9151
7561
9529
500
7571
2558
3661
8859
7289
10584
11508
5415
4776
4693
5227
6335
1594
7905
2352
6677
10156
2709
9860
9880
6689
6788
3518
7454
1015
450
497
11733
150
1442
1069
4479
2454
11693
5287
2715
7054
10947
1994
4069
7797
1671
909
2357
10204
4456
7461
4213
2747
3552
6810
9332
4176
9169
9127
5232
10504
11141
3833
2209
815
8371
215
2760
8108
3361
535
9556
1972
11850
277
1484
3514
2122
4594
9270
460
3908
8151
11360
5304
1645
6150
10230
11719
6106
11751
9312
921
5441
10660
8131
7731
4696
11629
214
4630
7551
1521
11732
6234
8965
6161
2099
3194
9058
2104
5181
1704
4604
11125
216
560
4532
10101
11561
8881
3426
528
7119
674
1922
8337
836
2765
9759
8823
8038
10545
1943
4526
10394
6073
6963
4041
3603
10170
211
10924
4761
8321
6720
848
3121
11158
8338
6876
7120
2432
7827
6849
11925
8007
8400
5111
2237
7484
4064
5966
7380
5927
1737
10794
50
324
4576
1424
7724
8142
4786
3183
844
4677
9465
8099
11462
3485
4834
2400
7357
3344
8895
9676
9420
1243
2866
9836
3871
8948
957
3563
161
3175
379
11001
8427
4882
7898
11624
2451
10877
3118
8397
1796
3060
4789
2144
397
11546
2474
479
1444
7772
4030
8493
4249
7850
2762
2472
6754
4591
9954
10740
10615
6233
11774
10665
1906
6795
8667
10700
6819
10242
10905
3705
8567
10439
3073
3496
7941
9637
3366
5004
2312
1210
2114
3540
9442
6569
3941
10015
3264
8935
8322
4130
5758
7784
5023
2479
10164
6570
4350
3280
5408
4947
4940
11596
9713
1733
7231
1726
9051
7039
6988
10031
5141
3167
691
10494
10136
11443
3783
5729
4328
3427
10959
11250
9108
1335
1405
572
3676
5178
10984
2992
8452
2496
11912
7831
10215
8980
11025
4929
4330
6975
2735
9778
3804
3566
5697
11357
373
7396
7256
626
11359
10914
1039
7753
9824
4024
7530
5203
10040
2674
11181
11543
2874
11068
175
3596
3600
10726
7582
9386
4450
1453
8975
540
6386
5235
5473
10940
912
6226
1940
3873
8631
8286
10746
1853
10575
5240
5817
8793
1064
9013
7834
5893
3839
4003
6360
711
10281
8181
10487
3918
4166
8663
2297
10867
8205
6030
5151
11015
9104
8240
10969
3463
3883
4038
8122
662
1946
977
9882
1152
7840
8599
340
5892
7249
1401
5909
7222
4903
3501
2720
11345
10062
3404
10840
9239
9110
7770
8563
9208
4142
3381
4654
1720
7175
4716
3746
9065
2694
6850
1298
11913
1246
9456
8866
5389
1659
5094
4999
5716
10929
7448
9709
8613
7512
1296
9459
4218
7951
9366
9103
5785
8013
3442
585
6376
3134
4026
5323
6990
177
2053
4699
7043
4749
319
7669
3447
11282
1129
6461
1923
1729
614
4644
1154
3279
7567
5587
8877
6999
18
1072
9852
6140
5728
7353
8059
6002
7157
10714
137
46
8808
643
8603
6475
5783
9043
2268
959
2885
4952
9826
922
9298
3205
10695
10645
10811
7653
5933
4875
10711
3568
2868
4611
10129
2748
5562
9719
3382
5718
714
3982
3129
4523
8221
4488
9112
1577
847
2869
8902
1782
127
1687
2565
6613
396
5668
7458
10878
168
11469
309
2446
10676
7949
3403
7937
995
6839
5119
11685
2999
2113
9005
7919
9148
7465
6589
7627
10165
6551
2426
853
3739
2846
8256
3420
9367
1669
1790
9201
10817
2796
111
7659
5486
6572
11877
4093
1095
4535
9314
102
3432
2291
2145
1846
660
5700
3796
11063
1159
1048
1955
8045
7762
7217
9892
5490
3652
3931
8972
3035
10231
4955
34
316
1699
9382
7904
4257
1477
5002
8654
10717
9562
3625
7932
8307
2376
5792
2421
1005
219
8381
2925
6437
811
4014
5494
3836
8278
524
4916
10620
3946
712
8305
51
1878
11835
10387
3622
5682
961
7300
5524
2405
10990
6291
2903
4564
2245
3767
4717
11862
9748
11325
9393
10272
5343
9355
4183
10862
10918
5707
10023
296
6017
6497
9430
8532
7029
11208
8413
8977
4965
805
2162
11052
3321
11065
4851
973
2776
9111
5525
2233
7845
9421
7771
2028
5230
7426
11107
1676
2103
5923
5944
11651
5187
6491
11828
11008
4522
11585
236
8234
2473
588
9014
1130
5877
9026
3608
10848
5859
4923
716
8997
10889
1200
1867
564
7869
9521
2545
4736
9970
7911
2997
11020
8961
10930
1504
8737
3646
10927
5406
7446
11773
2311
4043
2756
9567
7205
8677
5967
2260
1664
5314
9883
7914
8300
4657
8085
2900
4283
10585
553
3975
7652
4603
788
2094
11178
3888
5185
2492
7768
8772
1455
2354
2327
4366
11372
9761
979
6734
9548
7072
4948
4489
10860
9952
3286
290
11598
1547
5010
11094
5374
11625
2247
507
11396
3508
11142
9545
4395
11783
3323
6297
5122
11807
7480
6938
8889
6667
2271
6997
574
7570
8927
10564
6527
7782
1383
6247
5943
7800
11897
3663
1913
10066
8431
1462
7604
11073
9007
9257
1707
4138
6204
11330
4349
7264
9551
7436
2191
6364
7238
8805
270
3828
7991
437
10534
4793
6519
9694
2020
1456
4012
2391
1967
11072
11179
11198
10609
10974
3319
11292
11502
4341
4827
3125
4971
21
10463
9142
7715
2799
6929
4087
2362
5157
4002
5855
8330
6218
1126
865
3271
10233
10934
6848
9674
7000
8096
9976
3376
130
8571
5693
975
138
5559
11729
8755
7803
6145
10913
2721
1088
2307
9015
9679
3126
8835
6546
1851
8924
8130
6840
10563
6627
6388
3715
5144
11730
2668
10949
11866
9745
6575
6909
5545
5062
10980
7579
7819
473
9037
7002
2168
755
7208
6181
9669
7805
4992
777
8558
6090
2549
10540
8044
6591
5109
1755
9378
7704
180
5626
6010
4819
677
2746
11370
3838
139
5598
9956
5806
5895
465
4720
1640
833
8775
8239
9514
5782
7962
129
10408
4505
4360
7508
2377
9848
552
3053
420
3650
8668
2947
1230
1220
2325
9786
9321
10267
1112
10599
4689
11731
37
441
6822
4945
9047
9085
2383
2750
8523
5396
10117
4639
7190
1766
598
9624
8180
2524
6449
5175
1789
11374
4530
7471
4863
3489
5900
11422
6833
1183
5148
10276
11834
6294
4390
5330
655
6921
7517
2580
6507
6120
254
1897
774
9260
10538
6740
4605
8541
11563
4573
10441
8396
5858
1871
7735
7700
3374
4440
1097
7225
9291
3315
3628
6656
6784
5317
7123
8704
7087
458
3497
1959
6338
10833
6883
7655
6057
10938
2553
10749
11594
1415
7763
3539
7787
8491
7714
11089
4223
1363
3876
9874
1926
6007
10557
7708
6312
3089
2529
2269
9925
1432
5294
7363
11571
2505
2958
6127
9554
9152
2526
6691
3346
7274
7922
426
1936
9119
9182
4278
6881
7304
10287
9439
11498
11256
7560
5057
1615
5840
7376
3524
7623
10342
4385
5457
5752
8882
4956
11166
2077
9881
6251
7556
2459
7885
8967
8252
4692
10071
8554
9935
7677
11501
1986
464
9115
7540
10056
3937
8066
2757
3106
8706
2458
1282
6826
1887
2499
11365
10222
5268
2952
1426
11510
798
1549
8828
4772
11306
4626
8542
8868
9126
8460
182
2682
11121
2484
9934
11050
10710
6502
194
2592
3510
4032
10739
5734
8639
5047
8148
11239
4175
10162
3251
3104
10512
2702
3210
6203
3159
9576
9427
8836
1253
7206
7739
9102
10375
6046
10696
6075
5259
3520
1195
326
11233
10604
3708
8562
457
11057
6302
8753
1568
8700
7511
6194
6425
2465
2303
10157
7773
5166
5471
6067
8366
1842
3660
523
8083
4874
8385
9540
9413
8834
6649
4907
3825
7882
1103
5372
151
8770
11827
10247
6417
5556
6
6914
3507
5346
4321
9598
5110
4539
682
9141
2493
2737
7178
13
5265
4555
5251
5412
7258
8594
541
3714
4631
4354
3083
834
2887
6290
6357
5502
11009
3502
5264
582
11448
7483
6256
1378
1423
4620
5903
5777
2175
5467
11686
10757
5040
8289
10072
7901
3004
1350
8496
4474
11299
5664
994
2219
2696
5813
4612
2797
8906
9955
10091
2097
6056
2249
9134
1250
10666
4101
9278
4454
6217
6001
5847
2648
7349
11324
3818
821
8518
730
5056
7346
3847
1651
1650
9245
742
4918
2941
842
4191
3253
8544
6830
652
3166
768
9466
7676
181
8101
5223
929
3425
11889
11584
9238
10661
11708
10509
1305
3916
2731
3446
5925
11328
8031
4268
1516
11222
10729
8152
10355
6663
11321
2878
3573
3605
8440
2300
11526
4427
5920
7083
562
9346
6926
1662
3383
10881
4254
10034
11671
253
1739
6538
1828
1801
9407
4844
7857
10092
2687
11726
5006
7930
8367
3244
2218
6391
4407
64
7733
5558
5033
3980
7287
9744
7701
11279
9985
4755
1904
10952
10127
9523
7587
3135
4217
7607
10248
5531
5418
8899
3709
10405
9707
1395
2895
9988
1705
1294
3738
439
6446
4075
6755
1803
8618
11880
2038
6790
1797
10517
3749
5074
9565
11712
621
3920
1506
6829
436
1450
82
1785
8658
147
10306
10672
7097
5003
495
9734
8458
6254
7620
6346
843
11891
3684
5254
11344
3101
6566
5989
1096
6873
5182
4011
4399
10694
11064
5292
9137
1601
8272
6173
238
5611
8285
8004
5601
7527
3449
1696
669
2531
371
5140
6078
11201
3926
1073
4273
9017
5724
9505
1067
8197
7595
5463
10435
11203
7675
4650
6943
11085
808
2255
8010
5994
9222
556
8710
11759
6117
33
11409
10818
11849
4357
4475
7359
5951
3598
2447
2896
6692
8589
6758
9471
9602
6383
6676
5173
782
11217
696
6083
2410
8769
6701
3639
5530
5267
11175
5889
1526
9479
5211
4370
5857
2741
10429
7592
11114
10608
10219
11012
10916
6031
6945
7643
10310
8043
7765
6053
4322
8401
1380
7833
2491
3318
4718
5035
1898
7244
2609
5397
10258
9829
4896
2768
10027
5448
2241
376
10134
11204
9681
7063
7598
11086
2653
6778
10472
9397
4580
10722
3998
10629
893
1145
9876
5685
9658
5642
769
5561
514
659
4563
6514
3630
8789
1397
8552
7085
8490
1076
5239
1503
9056
11881
7124
10240
2024
7398
8943
1991
4553
1990
1819
9869
11477
11536
6655
4302
9893
4588
7082
3814
9542
8359
1678
4412
1813
8785
4822
10851
10044
11470
11123
10900
4801
6759
3306
1136
4435
7125
7279
11915
4309
11202
10083
6237
8349
5234
3110
724
10981
10891
5261
272
8411
3033
8403
39
11270
6354
11857
9859
6164
5699
3711
9812
5195
6890
5001
6248
3156
3523
3098
7781
571
4059
7284
3550
9451
6775
6919
9240
6009
750
3784
9489
4721
6762
832
11246
1495
2452
2000
3538
6563
5377
6329
9606
7737
11018
2905
10418
5804
4048
6847
4944
7433
494
369
11705
10108
1654
7841
11602
8103
3154
10888
1546
419
4015
195
896
2222
8857
5975
4467
3019
4086
11251
7798
9916
4180
8218
5905
7987
3565
10542
9946
6220
1938
4858
8806
5031
11255
5508
2821
3591
4301
1289
6980
4601
3114
10365
11078
9370
1643
7639
1376
9594
516
8489
7177
4514
5394
11091
8425
85
3532
5220
8945
6018
8336
8890
6337
9193
5577
3969
8270
1120
4408
485
4821
8743
10693
8645
11817
5731
2967
4886
11163
11666
7779
187
7428
11806
650
876
9641
9171
4280
10148
8733
11683
359
3636
10925
11266
2059
867
4750
5147
693
6665
9249
8379
331
7073
3117
7331
10933
4872
6825
11392
895
702
6431
10879
2877
10809
9402
7328
6377
11307
3475
10577
9304
9933
1933
1634
4140
5721
5326
8047
1304
2396
6783
3720
11399
4235
1848
8872
6528
6093
8112
923
6298
9855
8189
4608
10419
845
11404
11929
2347
6258
3984
4511
183
3499
5952
5641
10087
9863
704
1593
10831
4234
10104
5533
9060
8192
5445
1511
10431
9920
8527
7998
8405
703
5683
2283
4771
8480
3857
11461
4728
6317
2394
5474
7417
610
7537
5327
428
3278
1983
978
10238
4023
2927
10446
590
10451
1880
8455
4876
3820
3196
9830
4617
2663
11665
8810
10035
10270
6350
9696
5870
8
6969
2564
7089
3334
870
62
11021
2628
4286
1275
2654
6172
11280
3094
1125
767
10416
4632
1756
8075
5604
6610
4880
4276
3800
11883
7305
6336
6772
8937
5675
10216
7618
7519
11819
8985
4352
2204
3173
263
6687
2571
1633
8914
8320
8911
3762
11904
10110
6209
10022
7379
65
10588
11721
10269
11259
9399
6154
10413
2504
11414
2317
8140
8843
3036
1063
6872
1746
3130
4836
1735
2928
6074
10319
5538
6599
8093
4815
6809
6856
5849
11049
6614
6168
11456
9909
2844
4079
365
11906
5784
358
6392
10358
5684
1718
4145
11573
4339
8304
5401
10963
7864
9718
262
2382
958
8861
8655
4562
5779
11046
10550
534
8633
10370
7578
9133
8179
3299
4291
2575
10565
453
3262
3469
4649
165
2801
4318
6250
5850
10458
9401
5365
9818
6043
5579
2069
3919
10421
2463
1686
6130
1708
7486
8203
2862
2819
6170
2839
9984
9788
1612
2267
850
7148
9445
7203
920
11740
9217
1068
4587
1252
4457
3571
7368
11036
539
8417
2418
731
1513
9971
10858
9792
11662
7544
11026
5425
9008
3042
10909
9652
10288
7767
1864
10937
4308
10253
1824
8399
1476
10479
9760
134
1716
9500
6547
6284
9797
1461
11626
5692
3261
4394
6047
3546
5491
5444
11237
7634
8994
10518
5459
3234
3021
9888
3335
17
9845
9675
1919
9392
4244
11895
10128
11482
6182
5277
5621
1187
2361
1361
7816
6736
78
2616
1488
2321
1479
766
3534
3638
3859
869
4
3696
7756
1009
7758
2854
7548
3457
6644
10329
11402
2933
9715
11609
8388
2744
7399
5215
6080
1099
7182
7060
5022
7317
6462
3958
3186
6306
5447
5359
7356
4076
11610
6293
3371
11647
4747
7240
48
4068
2348
9751
3542
1322
5602
1403
11455
741
9307
2644
839
5580
1768
10299
8311
6201
3776
4933
6786
4453
3450
4674
2288
10482
8903
7907
10480
9595
6448
6823
5711
4382
1176
4098
5404
8637
4424
4007
6674
1360
5560
9242
9642
7214
3634
2231
5008
3723
3300
3521
8569
9391
7952
7110
3599
9411
3180
9138
8673
2298
8640
8352
5171
10115
3451
7313
3775
8635
1605
5470
6532
8587
9423
7259
5271
7847
1702
10650
6942
1003
2419
9139
8974
7202
9031
3745
7703
3512
6339
4483
6811
10402
1505
7275
8892
7233
9632
3240
5072
3515
2095
2429
6396
11559
926
10388
3452
4898
474
566
9464
1207
10423
8612
4085
6227
4247
4508
3058
7194
4521
9476
1050
1977
10898
10630
9446
11878
5306
7146
10873
11748
6055
3266
7335
6925
3664
2337
7830
8962
3721
4472
9190
11291
1474
2379
3358
11875
3487
4237
3179
5881
325
11117
4725
2186
8845
6456
5015
10793
7095
9581
10303
5987
45
2800
3837
10983
3760
73
4415
9054
9440
3533
4710
9633
11746
1249
3842
7230
3158
3363
4405
2177
4816
3659
1870
9124
5080
11911
10010
8517
3824
2372
6917
6891
6576
9827
2039
8416
11553
9981
546
6165
2697
446
11680
2633
7923
11138
8210
7367
8715
4343
3297
9522
8028
4443
2727
8095
3633
8183
8293
5509
2238
1533
11492
69
3848
11317
56
1199
8950
10278
9686
9336
8959
7062
4731
3860
2049
6474
10567
5639
6559
9582
4158
5205
11010
2716
11558
5093
11643
8885
9811
6616
6815
6961
5969
6624
5186
2294
4584
8275
2301
11252
2528
9502
4706
11668
10298
10513
1885
11709
9283
4660
11757
1778
11393
8054
888
10041
5382
9425
2587
6133
3387
5128
1833
8468
5347
3317
8086
10895
8564
11504
5413
8360
2242
5005
8363
10076
8343
5280
6061
6642
7218
4139
8116
9396
629
36
10275
3276
5546
4501
8332
3679
5932
4120
8298
9200
10586
8992
7873
6378
11803
976
6889
10570
5495
873
6342
8387
8712
8391
7531
4419
452
3495
341
2910
2338
11606
504
11872
6070
107
5826
6805
4891
3456
6264
11434
4051
3516
11397
4871
5549
9528
1022
3082
9092
11523
4641
4379
7418
9635
8778
6063
11638
5953
11566
9862
11473
3398
289
991
10764
9470
8576
2588
7031
10002
3401
6375
911
1907
5603
3963
7563
11090
7375
6500
5249
10385
3473
8535
899
