9931
566
7485
3165
8339
5912
2977
1103
5243
5002
10913
8823
4037
8023
2154
3235
8021
9026
5650
11604
6879
752
1090
3219
10348
6256
2515
4699
1524
5738
8288
7750
4025
1571
10415
5959
11566
3255
11027
7572
9045
6405
3200
5171
6693
5793
8510
3126
8883
11098
3972
5723
4826
6849
1431
9556
2049
2379
8115
2907
1317
10956
1799
6482
11094
948
7618
2709
4729
7693
6769
3456
10573
1983
10899
2633
1737
1756
772
6910
10427
5154
9936
1574
1109
9507
11690
2650
6151
8967
9841
4928
6983
3582
8405
8809
1056
1792
8278
5979
3185
2303
9282
10051
7958
7886
5015
1539
9383
6484
5162
1471
1211
10005
10579
10912
5488
1260
5357
8126
8435
9100
3829
7992
4528
9981
10301
6105
7560
11415
4326
7168
8295
5725
146
8305
2472
11449
97
11664
1015
6299
11585
2693
1509
2677
1989
4612
1522
7011
7967
7614
3104
586
965
110
5044
8361
6116
2201
5673
4665
6841
10985
8147
5237
8582
514
6926
2366
10713
5477
2655
5967
7548
7581
7505
501
641
4021
4643
69
5462
2155
2952
1311
4631
2014
10248
4473
2339
10567
1240
1614
5018
6223
4057
8537
1988
10850
6752
4811
2551
4034
5036
11085
11752
3157
6132
1990
9874
3350
1653
9433
3685
4144
5879
10435
589
5057
453
1284
869
3817
7672
11507
11414
2701
1994
7117
3113
2282
7918
9869
4866
200
9342
7388
8266
1561
11050
8661
7193
2824
2805
10285
2065
5949
7847
6610
8149
1499
4191
10359
11783
1883
5191
4756
11091
5535
975
10105
10590
5661
5431
4419
6919
10017
4111
10876
2350
2838
2281
10962
10315
5840
325
6270
4369
4050
4056
10604
7104
9714
10350
1670
2341
7383
10291
2622
5272
4579
3515
4072
9
713
1850
4448
3262
8264
9692
4689
3742
3750
983
1365
10977
8312
2445
639
6869
2185
8320
1941
7673
7185
11933
11436
10765
8371
6381
2953
4130
3544
6472
9526
11448
7343
9730
11337
11502
5156
7151
11366
9691
4451
11698
130
8996
4103
5246
5275
2253
4027
4452
10152
6946
5497
5165
364
9996
7099
6385
1870
750
2580
6255
1418
9324
1197
6178
330
3351
4626
11515
9530
2676
1823
6412
7014
4555
4636
7766
6174
779
5969
4485
5372
5778
10000
11840
10460
8580
10142
7239
11811
2471
6126
5491
6123
4404
7603
5498
10529
4085
1493
5706
10822
11074
10923
9243
5407
7905
11547
8051
1146
10544
6963
8982
10633
6972
5957
1256
8442
5420
3452
3348
3510
8190
5110
939
2273
33
7456
312
6283
9879
9559
8416
1169
3731
7935
8678
3027
3260
7474
2484
9165
9019
6631
6052
6360
11774
7950
2430
7656
11609
2368
9181
2792
7546
8603
429
11470
1957
2509
375
10915
3631
7024
1810
10603
9422
5170
4721
8517
439
349
4276
2817
11041
7970
6110
6084
7394
4625
2124
7955
8672
7850
4899
11403
350
8756
7283
8597
1049
5839
11377
10238
5657
3173
8561
4676
2762
2224
2438
10438
3832
11555
11405
8479
11648
9862
8725
7188
7887
642
5364
2593
6354
8311
1879
9057
10218
11494
10707
4273
6792
6961
3711
5703
3605
4539
4594
5050
6834
6425
8082
5475
9055
7634
4479
5833
2214
4000
9072
4018
11737
6574
6078
9272
2455
10996
6670
7035
9476
7252
4289
66
5022
5229
11497
11011
706
6212
9357
4837
11078
9347
11583
11642
10329
5794
8161
7113
10457
4088
6850
5123
6159
5927
5075
861
4308
11516
10988
10768
810
4937
8092
3371
10255
11914
7506
3872
2734
11839
5743
3617
8348
3410
896
3016
5571
2722
6401
11297
775
6702
6632
11471
6894
1353
1430
11644
3207
8869
6033
7443
9741
4546
9997
4017
4458
7241
6648
1325
11378
5304
1868
10467
6558
3677
7345
6547
8790
4541
10370
5358
2635
4110
378
3807
8990
11195
8476
4150
11279
5584
9014
1998
4849
8641
7353
11926
10559
8306
11210
6318
2256
3656
4805
3268
107
4265
5396
6451
7697
5297
7926
11571
9091
5079
9958
5611
4808
784
7701
3460
6982
149
2326
4007
5530
4696
11053
10364
3499
731
6166
4169
6976
1379
9811
10145
9907
9902
4287
5718
8091
2888
4496
9066
1302
5359
5758
5853
5115
11154
11753
3555
5639
5410
2862
11225
9699
2396
3290
2400
7532
7519
9647
2770
9742
1021
4171
10978
3708
2310
4193
9103
9535
4730
1405
6413
9908
3024
2009
7936
2427
2911
8280
9265
226
2193
8498
5705
2656
8542
10258
8813
7160
3292
8359
2802
1767
11859
3226
10282
2823
4556
3759
1714
11635
67
6749
7070
958
1751
10422
413
2764
158
155
5063
5344
2690
11019
996
4797
594
482
5672
3584
7138
2411
1775
8347
721
1885
9399
476
5490
4396
9238
1156
4401
9734
10980
11256
2163
9798
3128
1927
2808
10920
2153
4527
2912
4389
3413
4001
2422
6502
6071
44
1974
6568
7082
6695
5287
9270
10989
4186
7965
2993
1533
652
5679
9539
7114
9527
10712
7623
6200
9609
3496
4888
2466
11533
6924
4099
563
3929
10111
7727
8627
9377
11084
10784
8192
49
5627
10654
6309
2491
732
7679
7956
5312
6240
8998
3604
3504
9133
1606
2845
9029
4943
4290
4427
2333
10718
11770
10158
4131
8299
9266
7815
5631
4700
7269
11364
5398
3893
7917
3387
10053
11071
10756
2558
1183
6341
10843
512
5108
336
1719
8324
2248
11110
31
8
11319
2328
1181
10943
11417
5377
4166
4562
1066
10495
3603
4041
519
2715
7865
3273
11742
2597
7431
4551
11837
3275
8390
6250
9151
629
5561
3701
4708
10671
1114
10570
5298
1001
6644
10757
7857
9403
10746
6619
5796
922
5440
7076
8861
2623
3400
3035
5579
4228
11667
8379
3849
9448
11549
10785
3066
10598
1554
5565
1593
7170
6026
4988
5253
5537
9339
10636
11603
269
8473
6622
10688
4663
11411
4143
1532
2971
10052
8034
8826
6515
2732
2219
7398
9560
11320
7606
10257
5385
3754
2496
10509
1424
358
565
10187
8128
284
2949
4215
7416
3501
4257
10682
535
1801
5116
9489
5765
532
11671
7119
11375
7254
5929
7961
10656
116
4936
5752
7265
1877
10114
8923
9223
3341
10085
6315
4680
4397
10635
10008
9258
2402
6487
3517
2843
1676
5226
1603
6072
8718
3640
283
3871
4642
8429
4521
1075
2431
7198
5915
11281
9921
5
4271
5815
9143
4510
6534
4453
6524
2810
5684
10271
10860
82
6875
2254
2164
7150
7116
8524
3816
4904
10872
4456
232
386
9343
7873
9204
5176
2318
2173
10406
928
836
1913
3818
3721
3774
8026
7127
11113
1176
2182
10874
2277
1910
1956
3180
7294
2211
5439
6188
10902
3298
9751
575
8624
8840
5217
7028
917
10402
740
5780
8222
3895
4509
5017
6304
9305
426
11299
4779
3505
5446
2778
9494
2663
2473
8383
6513
8855
3094
5161
9959
1527
106
10639
4538
5394
11473
10196
1674
10613
8981
9992
11463
6437
6933
2206
2830
7830
4019
10680
9401
10246
3045
87
1922
2222
6898
7568
9633
1918
10459
4188
172
11691
944
7862
11137
6458
9733
4250
11862
6398
5187
9284
684
5599
8378
5006
11445
6942
9218
10188
3338
10324
6433
147
3797
6481
9287
2292
9153
827
11189
6032
9771
1827
9903
5692
4489
193
4958
3333
4703
11079
7202
5404
11810
3748
8497
11376
3188
679
620
10808
151
3563
868
1139
774
3203
8485
8706
4597
4148
3448
3049
8755
1620
10732
6704
2578
6343
7895
699
9789
1024
1503
4832
8233
8158
581
6759
7276
11625
7662
8330
5231
3878
578
8203
5558
8544
8674
11766
3140
6694
3487
10179
3167
10960
1864
4976
4398
11370
9130
10172
7378
9077
5284
5088
5869
5771
9440
5877
7031
10957
1097
2143
4101
4573
10904
8173
7901
7577
9463
3284
4795
1175
10994
8038
979
870
5330
2272
2711
3560
8798
2287
8261
4616
8072
10804
7998
9756
3612
8381
3286
5918
5513
9085
2029
990
3765
1725
7298
576
7064
5983
9312
1333
6843
4650
488
6348
10694
2636
5449
1936
3017
10726
10363
4410
4434
7858
9984
5208
10286
11197
4978
553
2683
8785
9225
8050
6811
11669
11173
5658
843
6703
4634
6960
7313
10601
3703
6742
5207
10503
6868
6257
1421
10866
8402
10450
1789
9170
6150
8789
3993
6736
10750
1459
7364
7156
1905
1291
2106
8368
8708
10799
3858
2002
10566
3524
570
10976
3922
5826
4760
9289
10563
2946
893
884
9759
8253
1581
2516
11680
10332
7722
3355
2561
11629
2739
7695
1917
8417
6086
2334
2553
2017
5479
2235
1376
3409
9386
6583
5332
9112
6192
10689
9356
4840
5601
4390
4620
2322
803
1890
5311
8365
4998
10693
6734
10878
7466
5365
9020
1791
10047
3756
7495
4774
10641
7326
5412
1078
2486
3655
9863
3876
11617
6655
3799
10130
10297
7647
2081
11855
11856
5757
7211
2815
2727
6027
10279
4537
10251
10626
9766
13
9059
10458
7155
10440
6666
3523
9639
1053
11578
9969
2121
4330
9504
5428
4315
6232
5795
4526
10995
5843
2076
9803
5230
4554
6917
9032
6495
339
3609
1530
2085
1951
1806
10771
712
3620
4317
7038
1314
8194
1374
11542
7110
10006
3233
8958
4802
9259
10025
398
5142
11739
6928
6316
9216
3359
5172
10801
11820
5168
308
2052
674
9776
4117
1035
5232
8745
8534
289
10663
8286
7827
3810
770
10115
4581
2865
11260
5494
7754
8814
4060
8535
2152
9211
4609
11838
11186
697
6965
3514
4838
8972
11255
11388
7445
9185
3018
6229
3204
6442
5049
1783
8005
5858
6722
10141
4582
4355
4639
10341
10484
10
7811
3092
2208
1600
9528
7042
10520
5950
4403
2477
11853
9027
9195
2113
10645
7235
9629
11369
10929
2837
6591
1188
4042
3256
6293
9935
10797
11067
11331
5916
6359
1227
5383
5051
7940
326
7093
7291
3318
7731
9255
186
11139
648
7749
8113
6485
3547
11647
10020
901
8372
7469
7643
7968
9227
838
10569
3420
6791
1004
10170
7570
10686
8152
1357
6498
3689
7271
5803
1711
2093
11822
8675
5974
3542
7421
1797
4157
2005
10316
7528
7981
8358
11518
8276
11869
10744
11009
10123
11352
9445
5539
5294
11665
9408
2629
10445
8951
7063
7452
7798
5598
9430
8010
3388
3483
8516
7512
5107
8872
6220
9038
609
6847
11386
5179
1495
2752
6990
4484
8927
11913
974
8528
2910
4044
10264
10761
1375
8991
6719
8824
11363
10749
4716
1470
4845
2480
4498
10059
6021
3647
1023
6597
319
4803
6000
2867
10510
5990
786
4319
5512
7186
3489
3625
5527
9570
2600
11630
860
4494
7175
10489
5090
4218
10507
2210
280
10277
7463
7885
4471
1497
7880
6418
7415
1232
4343
9105
401
404
6286
8043
7864
8431
1451
5135
7906
7724
2338
11614
1034
238
2311
4346
5144
1348
2595
10725
11404
1288
889
8093
6302
5244
2842
8871
6218
366
3635
11521
5037
8751
807
3783
9061
5748
7396
7314
1705
7360
3634
3953
6986
9517
9716
3574
7762
430
6893
2866
11921
11291
11384
9052
9929
9104
11393
6522
7549
2670
10993
5649
8690
6562
2827
10150
8591
472
6635
7288
8980
2884
3521
7741
632
7053
8700
3553
9172
10931
9148
10970
10585
6420
6991
8420
6099
2120
9973
6088
7777
5065
995
7433
5375
6822
8502
5112
2502
3724
6592
8890
1820
6249
7803
7348
10292
8929
9586
2407
4549
3588
2340
3239
1086
3153
4122
916
6290
187
7698
7642
4685
1902
9819
5615
10677
3822
10855
5783
4444
8350
8184
11298
2628
5464
10086
4584
3987
9049
2625
4948
0
5870
8000
6494
6206
7067
7275
11421
7194
11897
10355
7963
2746
3569
3444
3144
1147
1611
6278
2469
7333
6049
10505
10068
8150
4511
9937
2836
6981
11402
3636
9740
4804
1190
11406
11344
8531
10318
7220
7049
7772
3865
9502
2964
4280
11075
5131
6100
5973
1301
1851
2233
5792
6294
9114
5366
11044
10683
11413
4274
2618
5155
11401
5016
5556
3709
4825
2786
10077
6800
1199
6507
6239
1911
8451
8254
3367
610
680
2036
5619
5355
9213
5548
4772
8903
4324
10979
2195
6671
4200
2652
4673
862
11039
4959
3811
6438
1347
5025
11649
11215
3883
780
11178
6973
1079
11503
3714
2995
4575
7689
8787
9655
7363
9096
11284
1435
4244
3176
10982
11605
6054
8606
11250
9932
4478
10433
2500
9821
9182
332
8053
5233
1857
6945
10026
9837
11452
9468
5767
8654
1186
2890
4833
1168
2880
10357
5177
7801
2392
1369
4770
6817
7079
825
2799
9808
2150
4827
3291
10223
8296
11175
1006
7121
6952
1184
2797
795
2348
8423
8828
806
7832
8065
9311
8697
11127
9715
3730
8495
4032
2598
4886
8274
38
3312
6911
5343
2929
9396
644
11577
1639
5119
408
3142
129
9565
6060
10393
11845
11046
1487
3052
7782
6158
10973
9842
10384
3936
4871
101
10731
1233
8110
9333
8959
6733
952
10113
6510
8205
11334
5263
693
9418
3461
2939
4005
6259
11092
11582
2962
11477
658
3587
9499
8527
8771
4406
4632
252
11755
4340
6034
6729
1576
10215
6711
8080
3853
9303
8772
9600
4572
2410
7213
10283
8443
8088
6011
6408
8002
1142
11031
11467
5320
624
5099
9500
6030
6871
6387
9207
2151
7800
2330
1834
1921
6238
1934
8357
716
7655
3702
2673
9893
10269
8300
63
7995
3412
2853
1082
1687
11681
10842
1055
7356
6392
9423
557
2685
11435
11222
1014
10434
1612
11548
10789
11020
9280
5467
5775
723
6307
11060
4011
9005
1160
1928
5389
9522
9242
1070
8297
10578
9914
497
9048
541
10870
6284
6954
2399
3688
8285
5249
1194
9300
10704
1013
4744
133
919
11791
4253
2167
7370
8143
2425
1083
5835
1396
9820
3857
8886
11907
7681
10247
630
11875
8206
5100
6197
1782
7851
10119
10703
797
4450
1516
7162
10127
6556
4753
1828
11029
5153
921
9585
3263
9392
3684
3421
11441
2926
826
5481
4039
10429
450
6379
931
6155
994
3081
4728
3541
2879
389
4881
7300
6735
897
6751
1092
4465
10788
7692
9492
1187
6285
6102
5035
11923
7559
5062
11117
6037
466
9348
7134
881
8618
40
8732
4711
6001
6683
11812
1320
5762
8120
135
10653
1710
3571
6967
2063
6353
11745
3607
8950
3737
10268
5812
1489
4337
649
617
11883
7890
7347
3669
10448
7735
6757
4926
623
10033
8742
3779
10016
5719
2887
9964
4956
8031
3011
344
4741
1531
3064
5669
2726
5104
4990
8242
8653
11349
10880
2587
6230
6906
509
844
4776
11499
7462
2301
8216
5064
11564
4312
7304
3414
6191
10758
6630
10727
10177
6687
8218
4227
7806
1268
7930
6508
6462
10856
6227
8906
11303
854
6889
5068
4791
3044
6202
6168
6118
7718
5586
7907
3061
1136
2559
1608
7983
1843
11220
78
1326
1466
3494
9767
11432
3974
2132
7529
9292
4894
4113
10385
9122
1844
5968
11217
3283
1697
5307
7234
11443
2102
9792
11081
709
3743
6167
10382
3498
11626
4108
11764
8234
108
10072
11013
1453
265
7468
10004
9420
2288
2397
72
1220
10294
6222
11045
7306
7824
9682
9128
972
6546
6185
6233
1616
8733
3732
1718
3008
11590
11876
4137
7423
2605
3362
10581
2375
20
8969
7135
11160
188
1813
9109
4515
11090
56
7322
128
4915
9362
5663
4819
6261
4023
592
2968
4761
2428
11230
9138
9884
2204
7716
6608
7833
9487
3214
9260
2904
296
5055
1795
10498
10497
9162
7278
10961
1615
9263
7056
8965
2688
4996
7668
3305
5751
2998
6645
9779
8107
1292
7872
11133
3032
2519
8931
11723
7942
4749
9871
1629
11707
10103
1878
162
8170
929
6355
2297
4834
9187
7371
10947
7587
11289
8134
9164
7385
4106
8074
10392
3314
9450
880
7639
10541
2196
7641
4176
8440
11066
6772
3899
459
9731
8938
1203
10168
10941
2291
59
11919
11815
11880
4372
6885
9050
8270
1432
5338
11775
8683
5143
8210
8795
6857
1768
1157
9366
8916
3390
7159
7103
8770
6395
11058
4960
1072
4794
3271
8450
4362
8467
9642
6328
8615
9150
5173
8399
1667
7167
6955
2743
6840
7896
8764
3847
669
4686
6346
337
4411
1945
1798
11271
1002
4028
10616
4790
10594
7504
6595
441
6486
1688
793
11777
1668
11512
11910
2621
11106
11014
9849
2536
1684
3107
9298
7876
5504
4975
437
2051
5837
2373
846
3231
2158
9063
9069
3595
8344
2187
4678
7260
8482
9861
4029
10266
499
9493
71
4395
10940
1101
9015
6773
1579
11705
1312
5854
8819
7386
464
3913
10275
11553
1370
6469
655
10249
1491
10288
7427
221
3131
3516
3019
638
8020
2963
11865
6440
3891
5597
8834
8987
51
4836
9290
5817
4984
6154
10030
2833
8472
3441
10676
5302
4812
7379
1467
490
4752
7206
7757
11713
3866
3320
3727
7761
556
3042
76
2058
6807
10405
8975
8373
7481
9145
2733
2082
1540
5469
8237
6430
2184
4376
8148
3789
4822
1413
1538
11852
9234
10038
6891
10792
9210
1837
3492
10082
4648
7052
1237
7341
9461
5727
10230
4547
447
4446
10094
5082
4540
7491
8027
3328
10537
4855
8298
10337
6977
4592
4065
184
9467
4370
7734
10242
4630
550
5395
2299
4714
523
8141
6085
10376
11925
730
5736
302
11747
2530
3453
5989
8695
1128
2221
10550
3989
2564
9967
2264
8775
1808
8741
3606
8680
777
11682
2599
2381
2323
8382
11335
5221
4810
1102
2960
6201
10678
8887
9635
6216
2001
1476
4737
6569
5976
7147
7337
6864
7951
7911
10524
1635
5442
1361
8573
3905
11900
5441
8632
4480
1028
7978
4255
11784
8355
5289
11844
7289
9764
1794
2891
8579
4497
2033
9084
10352
1116
1300
2682
11290
7842
8303
8857
3930
7021
3958
8776
9352
5905
686
9956
2930
11807
9857
8601
5980
7531
8520
8800
7564
3360
11254
7707
8740
6028
6388
11757
8195
3296
8850
8717
4142
6427
5010
2448
6040
6251
7233
10143
9589
9495
9774
3399
567
6921
7465
2056
4217
9752
536
4514
2462
2781
271
390
6877
10508
1033
6046
3890
3427
11543
3590
5683
5543
3458
6614
1634
419
5764
2361
4209
9797
1335
5546
8422
2104
4152
9661
9314
9102
8284
7994
9141
5091
1273
8132
8418
11504
2159
729
8414
6163
5891
10305
1341
4991
10752
11498
1663
3192
7365
11246
5326
6079
6684
4153
1546
2083
11052
3365
2535
938
7115
11559
6765
2034
2672
3405
3430
8228
2737
969
8455
6125
997
5225
5351
6394
11089
9246
9335
114
8209
3419
2135
10699
6210
11456
3401
140
6097
451
9678
9443
10167
11338
11908
8907
11205
10373
3710
11475
414
8307
3768
7571
8291
5098
1313
8500
342
1962
2983
1437
6723
1965
10483
5239
9910
11613
6091
10398
10320
7236
9693
7708
4012
10555
1115
9021
10951
5489
7457
1874
11177
9419
2147
131
7087
1019
7404
5430
1987
6042
11849
3251
7472
6421
4207
7576
11339
6330
8743
11174
163
4338
9685
631
2747
3462
9610
2603
8767
8932
3036
3357
1583
10451
1243
6335
8025
1041
7111
9721
170
7664
1039
4905
7705
3234
7499
4321
3596
1508
7667
2010
9574
1840
8011
6461
6419
5761
11899
4418
3842
11428
9454
11042
10014
6351
3691
3274
7563
8313
9717
1191
6357
599
11152
4671
7620
3133
8376
11073
6903
10420
9588
9194
5266
2735
10685
5776
4454
9709
2917
4974
7903
7511
8947
533
8037
346
7913
6970
9899
11209
11325
3484
2360
10778
10302
9991
6649
7669
4670
5376
3382
10494
2267
2374
1940
10366
7039
7092
4468
10949
3198
4477
1651
5806
1067
7884
4040
3869
1865
7552
3728
7726
3813
6268
6861
8722
4856
9144
3417
2188
3438
7934
11387
10295
8891
4633
9071
8592
6715
992
10502
4351
10475
5944
820
7373
9406
8180
6122
3392
3012
1997
3679
9415
4260
6367
2037
661
5281
3752
7924
790
5925
1654
5235
9304
6585
1816
1046
9876
2717
3141
6173
9867
9373
2696
8197
6968
10043
215
11847
1254
10013
1386
2456
5361
2028
5777
9547
4947
5636
4599
1597
2018
2806
915
6832
4202
5972
9728
1831
9425
8068
10028
3154
8162
5986
8393
3979
248
11048
1481
11868
161
11492
8249
6377
1106
6400
9581
179
2490
7622
3856
5031
6183
4251
7888
10719
6947
2003
8200
8557
4591
8078
3964
2227
9602
6342
1744
6662
8729
4391
6927
2020
3170
2547
2795
3236
7078
4585
9743
8584
2393
1658
8976
10619
3326
6213
3932
4104
8493
5224
7515
1131
10044
1182
11672
7908
635
534
1733
1707
8244
943
11697
548
7287
5003
5127
1662
10443
11426
9688
10108
8075
11102
5555
3124
1637
5185
4587
331
3508
5421
9123
7222
4212
5821
9464
7319
11308
5749
8329
8396
7358
9064
62
6361
1472
4133
4173
6053
7392
11129
4637
3431
2691
343
10071
7044
9853
9496
8817
11760
1137
9220
3370
11439
8878
10892
3096
3432
10307
11522
5620
9183
1981
3558
1363
5903
10945
6170
7448
7525
2524
5139
8304
1465
132
10937
8744
11718
11315
3210
781
11631
8953
6633
8426
1986
8693
91
1680
6267
8900
3678
7739
2567
3222
2906
9350
9794
2130
2697
7521
848
407
388
2095
10674
10587
11100
6157
1605
2388
5689
2380
8475
10576
1119
8686
8345
141
9474
4657
5130
11166
10675
10299
11332
3616
8062
4570
5831
8569
79
986
1485
10069
1568
11650
8629
2617
7290
2751
9640
2117
988
6350
902
7659
2859
8703
882
1307
5128
5457
1167
1835
4063
9135
7132
11916
2608
7776
9700
1130
3901
864
7126
9631
11864
8939
1166
7680
1695
768
4857
2139
8077
4443
2984
2007
10560
1080
828
10672
9660
3686
2528
7362
3879
9670
2620
10097
584
1931
1331
4433
4732
8637
1642
5496
2055
4449
7779
2705
8698
11311
8186
8563
4786
9843
596
7157
10821
10523
6279
6445
11595
4378
10326
4983
9950
3241
4954
1754
8067
1305
1085
1728
7409
11381
8747
9351
6824
10463
4501
8474
8892
4014
4629
4980
4698
3624
9315
8752
11457
6598
8028
1727
1699
11857
957
6245
4356
8889
5988
9778
11620
5416
3658
3850
1281
7320
11689
1903
11794
10547
10175
58
4055
6582
10381
4682
7208
11025
9593
7628
4140
8177
2538
11653
4763
4860
6895
9152
4830
4654
7229
9372
6561
3112
5862
5184
7632
4746
9707
3509
1442
9226
3272
5415
4422
2372
11854
4277
2103
5662
5362
10134
5334
4605
8874
5505
6262
492
3785
2575
3795
9679
6119
2517
3862
4064
3769
11143
4359
6145
4923
9215
1845
549
3863
9689
2987
764
1318
2748
4659
2882
10093
9643
8546
6466
7640
2059
7732
691
11150
1694
7459
8083
10540
4119
5024
7084
1289
219
8779
235
855
3034
10056
6075
4829
2246
10644
5113
3532
4455
9369
88
361
5525
682
2092
2286
8326
874
1803
11460
3307
10439
192
4964
1368
8910
156
1507
7904
7331
10041
7853
3478
3511
4534
6252
2925
4920
8301
927
8545
4662
5501
2550
2970
1626
783
2105
11550
3793
6488
10110
7045
7251
5938
3216
9101
1069
8625
54
11158
1875
6143
10281
6638
3660
8282
477
2936
422
7825
3664
6280
10395
9353
866
1784
11038
4024
5608
5466
2304
5280
7869
2329
738
5884
5241
7248
817
3228
508
5823
1071
9024
7377
5887
6851
11517
6650
9031
11348
545
9060
3654
3697
10227
10137
11874
4138
10706
3981
2819
4423
9920
7828
10531
7941
10306
96
8711
5605
1482
4300
10351
1586
11528
4075
10816
1585
704
10362
9241
9299
9760
10743
6804
9668
940
10293
9022
7426
8820
2202
2261
11584
4235
8481
3994
11835
8849
8662
8181
5371
1852
7579
1740
1238
4288
2591
5717
1121
9370
4127
1960
11558
6492
8666
572
6741
7484
971
3868
10389
10918
6890
1414
8251
5436
8822
985
6541
10565
9611
11420
57
6322
10165
3839
2712
1345
6572
10232
2976
6337
5699
9724
1882
5737
634
2804
6190
2194
8191
6029
6050
6501
2131
11280
2772
6770
6103
2226
10237
11295
4781
8635
6738
6179
9817
487
4220
8660
4091
9555
7809
6754
1483
6974
759
8913
11007
3725
7384
11513
1726
3248
6459
8846
8586
11115
636
8269
1521
2035
702
11383
5429
1358
9106
2414
5952
1355
5009
8952
1452
7923
10607
5898
3075
10800
6129
10638
6578
4924
6148
8236
334
3546
9933
10738
5873
5804
2166
11789
8484
5327
4285
7144
7072
5138
5583
6496
7065
45
6950
8669
3301
3896
5188
10241
3358
9873
374
3720
3426
4963
6937
10178
1081
10058
735
829
6404
11523
11889
5251
3741
7597
6944
5562
7130
10397
8919
11356
877
3340
6087
2156
10928
7795
6081
9806
4181
4875
5865
1566
10185
4868
912
6737
9131
5665
11911
8462
2369
821
2481
65
6317
1959
6686
7764
2933
6931
274
9630
4431
4577
9704
7219
7630
8397
10596
4187
10574
5073
6135
8921
2395
7455
11001
5790
6015
1392
4640
668
1929
4600
8748
9478
7417
5486
2980
3187
2436
4361
4771
7611
9919
9544
6859
1814
3670
8956
4112
6533
9126
2818
8049
7807
154
5228
11637
8263
10972
5380
5076
9508
2839
7046
9313
10455
1836
1971
48
9552
6426
7538
6647
10830
4816
1123
7826
3628
9441
5633
7381
11062
10556
6784
206
2932
10254
4897
4821
1995
4293
3063
506
6975
9070
2883
481
8131
5160
1205
3486
9120
4069
8213
11248
9787
9995
10118
10888
6069
5720
4507
7763
298
11061
251
8858
4214
4884
4003
8934
10430
3363
3085
3613
6848
10864
6888
8283
10161
8513
3156
2846
3265
3867
8407
2266
1584
9159
4301
9501
9481
5951
3975
1625
6726
11546
10180
11651
5011
6101
5005
6002
10390
1076
4296
1172
1519
1062
4902
9279
10331
5934
1087
6476
11214
3380
11285
737
4748
3548
7543
3149
7449
4031
2178
8862
6225
3980
7034
4780
715
11063
4784
4520
10412
6402
9521
4754
3704
8436
1297
11802
5542
1800
9982
1673
3407
8836
7550
8076
1095
6744
3106
9562
8667
7305
2560
8796
6111
10893
5256
1638
4038
9416
1607
2537
9575
7796
3855
8487
690
10748
6557
2225
9409
1691
7778
10558
1778
9968
7137
6177
5827
11716
9917
7971
3638
4245
11409
9962
9726
4561
4466
9035
10536
3790
5080
6314
7496
4334
11265
4059
6883
10080
4854
3585
6397
2943
1758
3914
10378
3957
7793
10023
7040
285
5323
6475
6621
710
9483
9421
11399
4219
5724
10827
10001
3136
9831
3201
9427
8009
3889
384
9458
9641
6803
8995
5333
754
7871
8735
4982
6441
5255
11373
5391
2756
8460
8461
2997
10815
2570
10391
9228
2940
11882
8428
9783
11867
4777
3751
207
4115
2283
2967
2111
8322
5336
2071
1204
7523
6907
7165
8167
3048
11440
954
1502
4132
6685
6339
9364
9295
3805
8619
4691
3229
9308
2868
4134
2072
4957
2902
5732
9599
445
933
8456
8146
11656
11834
10284
10160
8232
5097
849
6682
1321
9233
10823
858
2522
3442
2275
5609
9551
3182
3046
2094
5945
4843
11138
7501
1681
11218
5715
2767
10647
9412
3108
10806
3294
10322
425
3472
468
7785
316
7389
3520
9886
1009
8523
9758
4237
10417
5014
6590
7136
552
2596
3835
6114
10164
1514
10360
10828
9452
9240
1914
6838
2585
11534
6180
11685
11724
4266
2525
6705
1939
1787
3880
3245
2985
1861
4502
11877
10934
6880
7216
5134
3729
1458
2474
2174
8783
6104
8366
3100
1226
7230
696
2213
7401
11636
11072
736
10042
1192
4950
8757
7838
601
1351
7247
1900
9649
10100
494
259
8942
6009
1155
8071
457
11141
2284
4240
11379
2779
1766
4469
3454
7619
8634
10481
6594
11208
7670
7477
3025
10193
2089
3132
1666
2279
3252
664
6763
10583
10454
7205
4328
11018
906
11797
2825
2857
9542
9475
4710
8279
173
602
2053
966
5166
3095
7387
11480
11276
10606
10309
7607
8302
465
1690
5424
323
4275
7699
3962
11032
3611
8966
923
11509
2364
2820
7557
5852
2295
10652
2274
4532
8029
6760
8830
5805
10447
9358
3147
3459
3667
707
5890
2534
10321
10533
10501
2571
7740
6555
2269
9812
9082
9566
8595
5140
2179
7518
6045
8797
9989
3911
2741
798
4586
2947
1824
8955
2765
9568
6444
2068
7774
2160
647
5514
4154
2710
2087
11365
3627
4500
6041
11600
2958
3327
4932
9160
10701
6796
4828
1704
2811
11787
926
10278
6336
9099
11169
11340
703
4264
1708
6020
39
6535
9985
11829
5069
7928
8989
1926
3838
9288
3680
10668
1587
6586
4536
3614
6364
5593
1378
513
4852
3481
6390
7540
6457
6692
2651
1562
5200
10476
7629
8562
5995
2675
2129
7274
11343
6039
10409
9664
2588
3572
5686
2557
2664
3408
1624
11408
8079
10259
2218
3827
5962
547
7517
11870
278
11678
4767
4934
5288
1153
10517
2666
10997
5077
600
1279
1127
171
2803
8341
9799
867
9754
7975
2406
8699
11640
9359
341
8308
2986
6519
2314
961
10036
5728
3083
10343
3568
1178
6090
4859
11563
496
5521
9815
11086
3319
2398
8174
4358
5797
6263
5802
483
9018
6814
4995
275
9850
7831
973
7569
6454
8560
9436
5353
2238
6131
8784
6517
3435
8668
10759
4679
9321
3135
1185
6068
8705
11831
8111
5046
1210
4221
391
2409
4457
11601
5677
6930
11554
8336
5248
3713
5753
7410
6798
6
6730
6282
7877
4973
7508
10739
6707
3735
8999
2041
1644
10618
4158
3463
433
3970
987
7238
4432
10602
6117
5084
3449
3171
6998
5697
10019
675
560
1736
1244
194
1406
7990
1118
2532
6810
11694
2801
7743
11688
7245
5956
7799
9605
4180
10840
1876
1786
10884
9329
10814
10045
9864
766
5133
8898
7344
4726
367
5622
6588
7187
10235
2941
8602
10825
6490
11796
667
8792
68
7418
11450
4344
5234
3282
11496
1450
10485
7625
7866
6518
4327
650
10829
1218
9833
11394
5276
9710
8583
5819
2413
5158
4543
7962
2634
5089
3562
4302
6274
4503
5808
7916
10908
11382
3998
4895
7196
5772
214
11095
7846
2245
205
7988
7663
347
2791
8899
3942
10101
1193
11353
9882
10245
145
4386
1020
2780
5259
4775
8505
9485
1589
1952
8318
4392
4284
1569
4357
6696
7339
5264
3225
1246
10730
8552
937
6870
1390
3888
1475
656
2692
9729
11232
2966
5296
2574
236
4809
3264
11190
503
4792
7268
6873
2847
7879
11751
11012
11430
1381
11591
10490
5458
2757
8352
4194
3967
2180
8033
2335
4177
8255
4672
8342
7612
2759
2658
5888
9498
11444
5581
5779
2300
6195
6549
7526
6450
1943
8453
9722
8761
1547
5653
4323
10386
4846
16
3270
7174
1061
2814
11565
1230
11748
4203
7586
3384
8089
8986
5818
2706
2370
1570
3718
6306
6677
10809
7964
8793
9110
2895
2942
8095
3446
2903
4239
11633
3087
872
4545
5227
10468
4278
9158
438
5842
9612
1809
1141
4962
5152
1294
4159
8739
8212
2924
10609
9970
11879
1948
947
11103
6055
10383
2497
2030
3808
2488
5007
2467
5081
11196
7327
5576
4751
7863
3815
3396
4906
8812
1661
2060
3534
756
6724
2965
225
10276
10003
2959
11738
3383
1640
5963
5392
588
1133
9711
458
991
3437
6389
9671
2503
9646
1859
10166
3491
5299
7062
10901
3196
4817
5674
9472
4505
10516
11017
6160
11597
1419
1867
5787
9212
11624
7189
2183
3028
1582
9477
3097
621
2876
3125
8058
8941
9117
7323
6194
1346
7522
3939
3991
5746
6478
10787
5704
1354
637
6785
4035
1564
9624
4294
7020
10456
2901
11588
8129
10428
2506
3719
9125
4985
1652
4517
10702
11024
8047
4226
1938
7943
1730
5328
4233
5316
1580
7682
8915
6575
8726
10120
11530
8506
5273
1052
7183
5981
4049
9896
4778
2740
7454
9080
4656
2128
3223
10925
796
9090
2662
10198
11238
11416
9999
11785
10802
6831
10720
4421
1208
7510
5640
4267
1623
7547
8558
7336
3304
10486
7352
10204
8327
7666
619
5443
7915
7617
7488
4929
6181
9662
8515
7402
3029
9198
307
935
8803
6658
411
6333
1930
528
1140
3091
8605
11433
5913
6999
9000
8831
717
5095
3567
719
2252
11800
5434
7854
8109
1777
8943
10407
8439
5487
2489
5871
9782
2259
6313
6611
10211
4542
2749
3474
9658
676
9453
7794
746
7859
542
2168
1031
6366
5864
10588
86
6156
7461
11628
1682
2956
4707
8984
3760
8902
11068
10109
11119
1110
6428
895
3343
2421
1255
3
11544
7146
4435
9322
4876
4329
7769
6627
5921
5578
4204
962
2935
4493
5056
3364
2307
11065
8960
5086
7022
3960
7804
2457
1468
2700
6876
2579
830
11400
3220
3281
5382
10040
7527
4524
8643
11212
1304
1980
6320
7536
7709
6821
8844
11675
1869
260
2412
9034
7434
5522
1234
7149
7458
11047
5964
3155
10037
562
10659
1315
7605
7048
7243
9868
1286
6922
2507
1122
9913
8331
11709
9249
612
3885
2886
2852
11267
9136
2401
6530
8738
3086
763
3495
2647
7947
9677
6468
8225
10182
2308
8804
1520
9906
10367
11242
8449
2822
4247
5604
10593
6447
4394
9363
8677
1299
3564
10869
1382
728
832
7848
249
1120
9490
10530
3852
9697
4322
6761
5655
3146
4972
8559
4953
1549
5000
7742
1700
4206
6356
1762
9008
11761
5043
3143
3739
5285
1750
10847
8056
10966
9619
5685
2681
5103
9543
9115
7088
6527
11771
2831
4694
9219
2220
9278
8865
1274
11717
6584
7897
10335
5360
6460
8649
10219
7997
11144
8539
2019
5329
7604
3649
10769
8682
8012
705
5074
3833
2680
2423
3782
4807
1510
10522
4316
4525
11756
8895
10404
9582
11192
8016
3687
6043
11792
9083
6712
2990
2840
4211
10091
305
8875
10067
9273
8925
4768
8367
5495
2562
6189
603
6618
1747
11321
3346
808
9553
126
5040
6573
1595
3610
11462
741
5680
6823
8193
3337
6668
10472
6957
11524
2387
7086
2495
9480
8574
9807
9043
10280
4172
11893
8710
9572
1686
11326
7644
2046
10987
9533
9184
7380
5136
3393
10311
3912
10646
11125
3120
6674
2115
8639
3114
470
4715
9943
3757
9134
7350
5325
5863
5750
8452
11819
4030
5847
1657
522
1656
237
1135
672
3353
9434
1896
9200
11453
8182
2385
1513
11886
7032
8940
1236
8496
3738
6235
2796
7315
5975
3379
3366
5125
9911
7899
7422
4216
8340
8503
9127
4867
5027
2217
8133
4912
8922
653
1556
10217
8973
6602
692
8877
10839
2079
1111
3662
5507
11296
5643
4347
4967
9230
1672
6913
1542
7178
8626
4447
3232
2541
689
2723
7797
10974
10552
6025
3372
201
11055
5894
628
4603
4918
6509
1177
4437
2015
1847
8821
722
3860
10192
5211
2573
5625
2127
5900
4655
8468
11621
310
1409
11322
10228
4229
9001
4571
10705
370
9557
2237
3851
5637
1258
4297
5754
1089
2199
5932
2654
5026
7562
5874
1993
10926
7068
431
5270
8069
123
2429
293
1207
3908
8860
6740
3892
3798
80
6383
4970
5101
5741
2531
7931
6449
3990
3875
4611
9296
399
210
9235
11122
8769
83
371
10734
1222
7583
10817
6369
1272
744
6739
9053
7279
643
4627
10469
3053
8314
1494
6996
2544
1679
9953
8459
120
4086
9583
3138
5352
812
10534
6786
3837
4993
10104
3907
9254
2718
6372
8198
10189
6141
4440
7860
10261
8774
666
1397
8692
11468
9584
8445
3539
1010
8679
11602
9878
5859
3651
8839
1036
3956
8977
11538
10697
3794
7820
8122
10441
6296
7368
8888
3830
3681
10396
5045
8550
6793
10426
6580
7786
2869
9410
11179
6205
11818
5202
2006
8963
8448
117
7646
2615
11670
2148
4735
11592
4977
2978
7280
22
1781
5955
5028
11145
5500
1796
4325
5240
1573
2099
5300
355
8799
7520
7891
177
10763
6979
3674
6664
6795
9391
7023
9229
574
4195
4043
3920
2511
2247
11312
4178
6093
3934
3633
3451
7494
4175
5159
9097
4162
9762
6601
834
7715
6812
3497
2807
9111
10303
315
376
5319
7533
3792
10622
8538
6775
11478
11706
10660
8762
9442
7817
11793
9813
964
1179
3639
4420
3450
9898
3122
10669
936
10212
8622
2994
11126
9840
2271
5878
5654
1223
2363
9657
7856
8881
2008
10883
4646
5570
1591
6370
8533
11732
6384
11655
10632
4013
4073
9718
10670
5788
7361
9750
8988
9923
1446
11932
1776
4818
5789
7823
5146
8231
10229
5341
1933
11586
6938
1683
9930
19
9073
449
5897
3915
8884
6080
4684
5033
11059
6018
1091
9824
5247
7033
6667
10089
6897
5169
10511
7728
6925
5147
5196
11317
5223
894
6971
314
3261
10354
4081
115
1077
6374
6779
2240
2955
9770
2276
8630
10240
10414
2258
9603
8464
11749
5760
4373
1793
213
4486
7567
4839
5961
3924
8163
9669
5032
6108
9945
2203
6082
1536
8519
9095
9858
1007
10735
5592
6010
1144
1209
6491
1449
1631
7593
6680
9955
9856
3000
8121
6855
1723
322
4291
3894
3943
9516
4488
8446
5931
4618
1761
11170
282
2294
7226
5600
9132
11134
6836
3047
1842
4941
11772
10775
1490
11529
9319
9294
9622
263
3591
8101
2262
5630
4147
3950
299
6753
10844
968
1946
6415
1966
2067
1463
1873
291
2149
7898
4523
646
2812
4183
1319
2119
10121
5078
4213
11181
3864
4199
8064
11288
10906
11155
11282
6149
3903
2716
5730
7408
769
2753
7702
6663
4862
5628
9825
6589
94
2377
1410
9838
8178
6022
7507
6548
1846
687
7228
9696
8217
5129
9974
5538
6881
7303
109
11057
10256
10060
8863
7601
5406
3608
11107
5709
11714
11147
1296
2023
3247
9809
8351
9146
10841
9334
5997
10753
4425
5942
5809
3403
4815
9590
9424
773
5242
7590
1617
204
2848
6058
3287
8116
2116
105
9698
11587
3069
5174
4360
5958
327
5310
8008
379
6768
4128
1858
1387
1860
2898
8600
10882
2198
1429
7400
9738
6681
11608
10102
4559
11333
5791
604
11539
6382
10159
1500
4320
2649
11922
7756
4563
11264
10002
2923
5939
3753
5201
2172
1588
6908
5978
8375
6819
3707
6289
11661
3288
3745
8328
1016
2054
3050
11545
8843
10661
3457
8935
5381
8780
11895
4464
3101
9627
1257
5303
11036
9438
11769
6640
6629
2189
2875
2782
7892
2228
6464
6679
6331
11735
4677
2763
5192
11483
1908
1729
2527
4595
6940
7600
7677
5447
6755
1323
1200
9088
10310
2951
3940
9030
9620
10186
1338
12
9596
2505
10442
363
871
9765
5476
6375
1245
8268
7424
6133
5124
6708
4268
4385
5413
3068
35
2769
5053
3736
6997
5714
10717
11712
2236
11314
230
11198
4740
5209
4733
7631
1084
2604
2449
377
2896
6144
9666
10065
5459
5946
11641
6656
446
9175
9149
9197
10862
525
7816
9457
10684
6915
11708
136
4487
7224
4126
765
5519
1054
11182
2356
3352
7018
3473
2062
5295
1447
7317
10274
11300
8403
2529
5691
8616
5342
4399
7214
7932
8920
10786
8408
4339
6842
5460
2453
4441
7444
1394
7746
9680
4869
7984
9769
8385
504
4234
8640
7541
7335
1525
2766
5828
11162
11324
2192
1488
8430
6978
4693
4863
4942
1646
10519
4051
10074
7096
7482
1853
580
6224
6874
2045
4813
6536
7473
3279
2750
6066
3946
2526
3909
1701
7554
10048
2383
6816
6858
11519
4305
6074
8346
7910
444
4742
2789
7502
1151
6007
295
4723
663
7325
10273
6305
725
10696
3971
819
8488
4026
8325
10592
5418
1958
11725
1772
8964
3545
11131
11351
4141
7686
606
10050
11695
8806
3325
7914
7342
3622
4981
2165
8994
191
10733
9925
10919
751
5148
11817
8227
10826
6115
10542
7446
8175
10253
61
181
8447
11069
8338
3208
8221
9573
2470
879
11371
7281
10124
9459
9511
460
1017
4574
1138
255
11894
10344
4201
3700
6559
10975
3139
6532
2290
914
10195
8267
4877
4495
10526
3698
5729
1963
1822
3780
8556
7767
2614
4350
4731
6914
3961
1150
10952
9924
1898
4107
2689
7369
288
1027
1195
11097
9046
9094
3959
4125
1012
2039
1174
1545
7293
1563
2632
8457
9961
11536
6287
10125
8085
7359
3824
8425
4402
6787
8818
8273
10432
9156
10722
2447
3041
3402
11782
5350
11112
3770
5668
3119
4925
3831
11454
2212
2576
348
5947
7
11632
7015
9040
11146
4084
11814
10721
9253
10054
8256
2357
9979
7765
8410
6912
11731
8112
3386
8518
7437
4614
3276
10205
7118
1773
8125
2918
9039
4149
3804
11634
2873
9268
579
4989
11398
8930
4806
11525
7432
2642
1412
8650
1367
4249
2234
7700
8458
8127
9202
5215
3377
10820
6551
6396
6525
7814
8608
8492
2378
3259
4118
4299
1621
11863
6932
8926
4940
3479
6987
6789
2031
1753
10916
9293
9267
720
1216
4282
10314
1984
3570
10162
8553
6552
1535
11330
11500
671
2142
1925
9237
8391
11616
9108
10022
6872
3601
1441
6539
11239
3648
10709
4352
220
4097
6242
3819
9323
8837
313
11224
9846
6929
175
9872
7959
9888
2091
10342
8199
9537
2641
11659
6609
1248
9966
8585
3529
6432
461
3861
6801
2577
4472
7475
1438
8042
9651
169
6717
4666
2446
7852
7687
517
1664
113
3598
5499
9755
9832
5623
7382
5801
7308
11596
4939
10667
495
9723
11843
10967
2928
3394
7954
9890
10423
10953
9883
10959
6863
8499
3775
1817
11508
7555
6164
7470
1107
5137
7594
6234
688
9439
9795
5867
9607
4641
2482
10506
6393
452
6362
10611
6098
9469
6277
1685
4508
1590
6802
2293
1270
1057
2137
878
11535
7285
1856
2098
6109
822
8123
1098
3415
11841
660
1619
10095
5348
1456
4129
3527
2798
9866
3528
10191
7419
8041
4842
3502
8006
3172
9479
5617
970
3626
1327
9192
7349
7818
942
2510
5954
463
9378
7131
10515
11465
2371
11157
5902
555
3802
4596
4896
7199
10449
11176
10811
10610
8912
5909
6272
3744
10122
5552
2280
8424
8946
10055
11412
8432
4467
6600
4645
6860
11213
10783
1395
898
8671
3947
7257
1215
4887
7467
9285
11804
6828
432
4417
4482
6124
3778
2639
189
11049
7773
9316
5397
3803
4388
8165
3161
2661
2897
10898
4095
1765
6153
2215
4558
5261
5773
3189
3917
10027
10875
5480
3663
11576
8526
2239
3308
5830
5666
2874
3825
3065
805
10879
5924
7993
4261
471
7648
9318
11813
2118
10651
4490
10446
6172
8471
739
9190
890
4048
4504
9735
8489
4009
886
6391
5651
6266
9011
23
960
6269
8620
11229
6344
7969
95
5314
2346
1088
5664
8292
6966
695
6616
9006
5106
3690
11187
9860
733
9402
2982
10499
2345
11200
8598
11194
6062
2416
3480
7775
4380
340
4628
11750
8704
4071
3661
5648
1829
6827
2499
8512
1265
8978
1972
4879
10462
11118
1117
1398
3313
5414
11350
8201
8463
4155
6477
2336
2207
2974
5770
8171
2315
77
11395
383
6446
9531
9922
8652
6706
5656
2043
4712
8896
9470
10087
7654
1886
2777
7172
2175
3820
11676
7439
6837
1976
3082
10400
9400
8334
8651
1996
9827
11253
3749
467
211
9988
2451
4664
9578
2871
2170
8315
11506
4872
9310
3576
3482
5399
4094
7588
8248
11422
8794
11358
6003
2771
10358
7036
8777
2989
7166
6550
9471
1440
11167
6797
8670
3937
8773
5373
2483
11357
1805
8801
3764
11240
5529
8086
2996
5577
1715
9777
2100
4623
11560
3840
1578
3329
7878
6565
904
2418
6896
4971
8856
9317
7927
5744
3904
8766
11657
9016
10078
5258
1632
7321
10401
8337
3344
7651
8547
2669
10471
11643
3467
9345
5638
4766
5433
5681
9702
5034
726
6766
7991
2125
582
2145
3573
2492
5560
5292
1528
11728
9257
7395
11221
7719
10921
10679
6709
10015
5660
9942
7141
11077
9497
10518
10088
4058
9417
8576
10201
5384
2394
7752
8415
2169
10197
8905
10210
2011
5461
2543
4438
2040
6833
3070
5510
9916
1416
4225
5941
11514
11121
755
3854
3177
701
5922
2755
10691
7037
10416
6215
7808
2744
6718
261
11293
7626
1283
11892
4824
8596
8395
2441
9098
10861
5820
11161
3602
1264
2138
8081
4553
7755
7503
2870
10835
9173
11668
11701
1838
212
9957
10582
11909
3615
1408
5474
9503
6217
3645
5451
3772
11093
10627
8859
8321
11120
264
3376
2420
3183
7894
9818
1340
8364
4190
11328
11183
8427
9513
9036
6406
11729
10710
4004
5996
11798
3040
9142
11015
4788
2433
6951
2619
1633
11832
10099
10336
1026
8636
372
587
10347
10220
2872
3921
8970
402
3332
10194
4074
10176
10810
5218
9451
4116
9309
7124
5769
4364
2714
8715
4335
6140
2443
6500
8811
9648
10312
6984
9844
2583
4080
5532
3910
4436
5901
11277
538
8734
11466
7598
3267
9178
1949
2704
615
8293
9075
11781
185
2494
7429
3747
3471
10514
4426
4667
5910
7645
6577
7012
7760
3767
10132
9261
6902
7661
3257
8848
8992
6639
10983
8564
5455
90
559
5087
2674
5540
8102
176
174
10854
6035
7684
7720
1779
10617
3717
2435
7649
5710
5635
9431
5268
10066
2012
1839
984
6514
1655
9877
3148
6505
10413
3084
2979
3965
3597
2022
11424
9892
8281
7016
3145
10597
888
11003
4068
6716
3490
10673
11302
8140
144
5936
9829
1961
11490
8262
5482
2758
6566
11905
3004
5517
199
5904
6720
8529
2444
8172
9375
7493
9515
5071
2645
11168
2961
2785
955
7391
7613
2637
9749
4938
10063
242
3503
6958
6606
6651
25
7090
9147
112
3398
7534
10965
1724
10580
7008
1675
4898
4082
1391
1436
6171
7013
11891
4016
9411
6059
8168
3007
2027
6295
9394
8548
9634
633
11826
9686
5566
2775
10408
6643
11931
3949
8316
10838
4844
10849
4705
2992
5195
5883
47
8567
10807
11313
10561
10868
6120
2355
6854
9554
10715
10394
3166
5150
1665
2644
8160
7232
5220
11270
4831
2461
354
6818
2197
60
10431
5551
4738
1295
7405
2787
4601
3118
5347
4669
9407
4242
10963
1105
654
8224
1104
3644
6373
241
6241
9772
1003
9355
2464
5210
5450
734
7987
9976
11261
5506
122
3643
7059
1645
11726
10698
10600
11372
4758
203
611
10388
8187
9251
1393
859
474
9720
3821
876
924
9307
6365
3618
10379
421
9524
4170
11654
9753
9466
1267
5832
11447
5094
1649
956
2312
2351
2021
409
7025
3923
7819
10779
7413
4569
5444
9274
8522
11309
1457
8030
6311
9004
5181
11696
1622
1448
11589
8343
925
11472
10549
1937
11096
11929
6542
11762
4513
5199
4835
3926
4709
6044
6714
10954
5472
8997
11487
10939
9276
6443
5987
5271
1866
4272
10374
3303
4156
9262
6136
11010
10591
11346
7476
10776
7721
11773
11459
9341
4604
9137
7061
9512
412
385
11266
3954
7154
1985
516
4046
10885
10372
7733
3054
9193
6771
423
301
7759
5189
787
6969
9757
8259
9510
6325
3015
7471
3310
7140
7881
1991
8048
3339
9068
3105
7435
6956
5634
678
2738
10202
2981
3593
1173
1444
7089
3533
2316
8847
6745
10338
8176
3786
4210
2141
7190
9613
4969
10657
7004
9473
11872
11562
4624
9681
3919
10655
8880
5454
3058
10368
742
6184
9092
3526
3531
4463
5021
5707
9676
9894
5308
8486
6713
8628
7566
5219
11088
2788
3992
9963
11858
8885
8642
5798
9940
4383
5291
6615
591
3952
1415
908
2230
9320
1171
1892
7558
1692
11741
7657
11153
5029
7835
2540
7438
9972
8549
160
11185
5222
2358
7919
4015
1529
6489
9297
626
11687
2321
2954
4548
4124
10064
5531
10154
8046
6767
4814
8239
247
3712
5126
1411
7182
614
7332
9915
11825
5250
9900
10886
2097
3151
5306
4374
4697
8684
9739
4651
1217
9286
7393
11257
6378
9617
3115
3103
5039
491
4560
9033
10796
6499
3716
9785
9327
2626
1005
8633
5393
11780
845
9684
5182
11828
7318
8587
7706
9540
4070
1696
8786
8728
4935
9385
558
1298
2745
10742
11207
2999
7148
3002
1253
8032
9455
4727
1552
9116
10399
9196
3653
6689
7112
3948
1953
10794
11711
5408
11469
4246
8024
2631
2944
9330
7627
382
9042
3013
1630
9865
7209
2088
7098
262
1712
10981
9946
5206
5824
4092
10287
4387
9023
8144
11316
865
5509
6732
8124
1249
5774
9379
11341
11842
3374
3110
7302
10907
2251
9002
6878
9393
11719
595
5111
6673
1241
3554
10917
6794
569
6193
9855
5400
5534
1113
5563
2566
11572
10107
1745
369
9594
6653
8226
4
8570
1189
811
8720
6962
7844
3209
6756
5810
5533
9397
1380
5163
10845
5544
11573
4262
11736
10764
2899
7530
8406
11023
5254
6228
909
10774
9384
4303
3243
6127
351
5066
5574
7855
41
2344
11575
3250
335
2659
5940
1517
7812
7163
3213
7372
10183
142
11043
7340
9302
10340
3589
3814
5881
11481
11763
11006
3646
7152
10488
8957
9663
3174
3005
7989
6657
6698
11362
8260
4198
4759
9444
8673
3150
4286
11451
9456
7791
8290
2832
7652
2013
8104
405
306
10361
2501
3995
7261
11223
4674
4800
153
4922
2109
3335
3470
10184
10740
11556
5072
7805
5145
7242
1722
718
1263
2205
7599
8377
11520
694
4769
8614
5838
4045
338
2004
5641
8183
3800
9636
277
10620
5919
7338
10513
223
2146
7169
3391
3309
17
2612
8974
2919
7561
11306
7301
2539
8731
5590
2126
9615
1717
5060
2452
5690
10236
10938
5836
5693
150
9761
6435
5120
6853
273
8676
7101
5708
5356
11347
4491
2707
4533
598
6014
7069
7723
9326
2731
7810
3242
3331
8525
3253
2047
5991
6553
11808
10116
3184
3215
11888
11034
7192
10790
1224
10642
967
7414
3159
10418
2026
4745
1909
6808
681
5465
7747
5971
4292
9525
11438
7787
2075
1912
8246
6340
5594
6497
5437
4008
10895
4874
228
9948
7678
9163
10083
3706
11715
5213
9078
7282
618
9747
2216
4557
7676
9847
103
5070
527
6236
10571
9306
4067
3976
1018
1420
4891
3506
5943
11479
8094
2257
5267
4979
11618
2044
918
10539
10729
2419
7745
1212
6471
11022
11850
10512
85
3221
11148
6512
2863
1229
7671
11116
9826
1721
1221
152
670
5678
7005
11437
9113
2048
4757
9852
10244
9093
455
1132
10380
6762
1163
8271
5687
2606
8332
3870
6248
11568
8781
286
11235
5067
4052
5518
7843
10190
3404
4522
9028
6264
4010
11861
4999
10986
11720
11099
11165
6923
3455
8689
4205
6782
3579
9012
11836
899
9632
6678
11156
5841
5117
4865
4681
1250
4345
8384
7080
10793
3199
8114
8842
11202
2386
1720
4762
9830
824
3158
10163
2630
7240
4163
1888
4470
1330
5541
11699
10328
2660
469
7966
7002
9654
4608
6543
10007
303
8914
2521
8867
8169
1360
9748
10754
6935
6308
7284
5926
9768
1433
11247
8154
3464
46
1328
10819
5626
8702
6675
5417
8353
8247
5286
953
9667
3887
1550
3079
10425
8737
9790
2816
8223
5892
6560
1377
7748
11846
300
3191
8491
9918
9405
3001
4311
3941
7658
11109
1159
11917
1647
3650
428
10117
3195
9252
7201
1350
7246
7097
6528
111
10741
6603
1269
7085
7316
11227
8908
8610
3666
11645
5183
10128
2437
2353
1534
5516
9428
6434
4093
1462
5059
8466
7596
4916
1324
357
7142
5109
333
8501
5279
7610
6411
6092
11216
1935
2829
6334
7047
9645
6403
6470
6429
510
7263
8873
8363
9597
1854
6480
11114
8540
73
427
3411
7390
10062
2736
7262
8521
4580
11397
3530
6038
5132
3693
9626
941
8581
8937
8413
5740
5800
442
5676
5966
10551
2813
7483
544
7295
4589
8250
5503
8454
7949
10466
10936
8404
8317
4617
3897
10665
6146
8387
167
7952
8864
2720
8139
8202
362
11360
8483
4333
6628
4002
5580
4474
2969
10927
2249
9695
9062
9571
6483
4903
8309
5933
9580
1334
6699
9712
8243
8664
7453
7296
2107
9836
10410
8694
782
1231
9465
6506
6845
2324
11790
9174
9337
883
11930
2729
10444
8145
5735
10474
6138
3073
7753
3356
8968
8827
5419
5339
8207
2590
10473
10096
9491
2244
7256
1407
7729
3682
8478
2042
7944
10437
1841
5315
3944
11823
10964
1065
6934
9701
753
7066
10024
815
1693
6312
227
5340
8530
3278
6371
8136
8014
8507
6064
3434
8575
1261
1594
4279
9007
4382
857
5093
10968
3500
6993
852
9796
8411
4036
4306
10479
9912
10010
3550
8961
5019
10589
10079
1703
329
2458
10605
10272
287
2508
7771
7710
3202
9665
5001
5896
7509
5402
6247
7212
6939
5982
7225
1881
5906
507
1973
7688
7578
10387
2975
7451
6579
727
11033
5652
3575
5829
585
1496
4439
11008
6826
9947
6452
10623
1894
9331
4568
10234
6142
5198
7029
345
5613
368
8924
84
2915
4102
6637
11318
3055
9236
2694
10724
11425
10935
1944
6036
7107
1474
3424
9835
11679
837
8621
198
8928
10421
10903
1901
7788
7006
2032
3632
9745
2070
8746
5721
8220
5960
11030
4254
9189
7184
4269
5426
2332
2362
11805
443
1322
8815
5197
6479
4336
5345
11623
11396
3067
4238
4893
4512
9437
8599
11035
5337
910
9346
4174
8655
1060
9079
8904
5595
4722
6047
7221
9484
809
7841
10470
949
800
11885
9952
10021
218
4919
1129
2921
7195
10076
8185
224
5807
4076
3078
665
21
2077
4151
434
11359
2957
3784
11054
6439
11693
3090
6455
10369
8389
9139
3873
6128
127
7839
3791
11860
9118
8335
9814
9673
4270
1443
6204
6106
3834
9944
2687
5252
4371
645
818
9810
6564
3130
7351
9592
1610
8933
5324
8791
3425
10034
5157
7249
3985
11684
8409
8039
546
1537
1225
137
6941
7120
11458
6964
7073
2841
9541
381
11108
5485
2061
7009
2950
5984
1058
10873
9897
9188
5524
1251
6024
2643
5784
3289
4590
8685
5536
10153
2493
4428
417
11361
4675
1124
5999
2171
10148
7447
4196
2657
11567
10662
8398
11243
7845
7535
2123
7102
6265
4062
6581
7250
42
7624
2101
5993
6113
7270
197
10500
11087
856
3060
3014
571
8412
11159
3522
5937
2922
1743
3493
5346
1755
7513
11765
8015
11658
2800
8617
11219
380
11142
4725
5318
8551
10032
10231
9598
2
5386
7621
190
8611
5012
8962
9905
885
5453
4986
2232
816
3429
10493
799
3630
2050
10851
5186
8709
7460
1628
7792
530
7292
7354
2024
3692
6089
10621
148
6593
7357
6563
10339
11703
2834
4223
9823
1572
8052
8882
7075
9155
10135
6544
1068
8007
7836
8893
11598
9361
9301
10867
6511
6165
10625
9520
520
7565
11902
11574
3218
2084
9217
1214
3190
5445
9203
853
10984
2317
9652
1100
2931
813
8808
10832
4381
11310
7813
119
10889
2589
6161
5528
1402
2760
8782
3168
7312
1830
762
7273
4179
10304
7367
3244
6347
10419
5471
4588
11579
10634
9727
4298
2586
3347
1916
8749
5257
3733
6048
6456
8832
2359
1749
6474
3109
9986
3536
11286
11827
9129
8189
583
8758
2627
9328
2821
5602
10496
531
2784
2695
5702
8565
10905
4519
11407
2702
1769
9067
5868
7425
3726
6147
7399
8879
1032
8851
320
6949
11263
6065
5768
5908
373
253
4798
2548
1515
3206
8100
4851
2719
5322
593
6077
7366
5409
7001
7683
9429
8911
11511
4783
9271
9706
1884
3918
6774
5085
8554
5799
7058
5930
1780
11759
1915
10837
10265
2475
3637
11051
5632
2260
1037
9737
396
4020
11594
9432
1627
7938
5861
5866
8555
5042
9460
5511
1143
6988
537
4415
11130
8097
7730
4764
8490
5553
4222
1093
4232
3469
3900
4100
11673
6503
8208
1862
554
4931
6057
3295
9965
8509
1383
3311
7464
11776
9248
2078
7737
10614
3389
6196
6758
7277
4078
9978
10528
1932
480
2144
353
297
4530
3020
4951
240
484
1309
2405
3668
9601
7375
8001
1716
11251
7902
3152
7197
1968
7237
4416
9281
10914
8648
8917
6985
11495
10824
1371
8265
3968
2122
7307
11848
2916
328
913
1170
6936
10649
714
10624
11666
11851
9938
6538
352
7874
5782
6899
7440
6521
11484
8469
10755
1048
9848
1742
9256
505
10859
2556
2638
1235
2648
4908
11485
6237
7203
1064
4576
5151
11702
10751
4506
10317
10345
903
5478
9009
7500
10365
11191
6554
4930
8252
178
6725
2200
7406
4090
11903
2856
8691
6545
11727
3580
1428
7674
977
1373
9563
489
11607
3269
7106
7868
3982
8810
4263
3659
134
1275
10112
3997
3826
2255
5293
1426
10207
7478
3535
6829
11821
10762
5390
3540
1821
2382
4719
7653
4613
11704
1526
5547
5023
963
1434
124
10681
3898
9338
761
11489
11610
10900
4917
1404
5682
8566
11228
10857
10831
6243
2074
5349
1815
4208
2096
8419
229
11557
4892
724
1149
10173
982
11767
6995
5523
6067
7436
6905
7912
180
5549
4750
8238
11700
9644
9650
5739
5646
5550
4077
403
436
5456
711
6417
8541
4565
1356
1544
9784
4607
9791
3882
3238
9209
8275
9157
5675
640
3211
10687
10075
8441
4310
2893
785
7996
7937
2391
4160
6211
2270
3935
1498
2568
2285
11184
1198
93
5766
3038
6023
11389
30
6352
8508
10930
4911
3336
1832
4945
5860
5856
3583
4647
8719
7026
1982
1669
5368
11878
5731
6260
6815
5882
6006
5452
8714
850
9732
8979
5048
10955
5317
11269
5722
1609
4789
32
7861
8954
7696
8760
4695
1501
10887
2305
743
6448
840
6634
10942
1403
978
5369
26
10174
9191
6349
5269
1863
6825
3416
6809
7633
2565
10803
1213
7694
2337
2973
10492
395
10262
6326
4146
168
3746
2404
7479
8096
9509
6300
1242
10206
5614
1422
8103
6094
7713
448
10171
9047
6783
4098
4053
10666
3884
771
7244
1713
4429
10577
1266
15
3705
138
8045
10637
10782
410
279
1277
11733
7725
10798
2296
8356
1196
10998
11374
10781
9056
9121
5058
359
5508
9224
4658
5557
9885
6672
3586
2073
11367
10081
1599
2242
2730
1659
8945
9954
6886
239
607
4236
11527
7346
4799
1871
6676
7207
2108
5083
748
3538
1895
244
3369
7297
9941
4318
7258
10477
11474
5844
4483
6613
10958
9013
9951
2900
10346
4353
9186
11570
7703
5265
6409
10897
5483
9834
10375
1731
7982
1641
7105
10146
4384
10308
10865
11000
11002
6467
1492
1819
10131
10452
7889
182
3031
6781
8211
7442
5331
9449
3766
9775
4105
3577
8805
1689
934
8571
873
11294
9687
3740
1575
424
4987
4167
5020
7428
3551
9367
4861
8577
5378
8778
3694
208
4184
8388
9804
6051
7487
11786
5998
6214
7310
10630
4878
7030
6436
3033
8536
143
11622
1423
2454
10932
1336
7122
8310
11904
6226
9269
7145
11788
9395
3436
10371
2849
2479
9591
3600
9839
9880
8084
6867
3951
1364
10692
3475
3672
7883
8894
9781
6959
5054
11915
1008
2250
2552
1278
7516
3246
4900
2678
10250
11510
8004
11354
5105
2988
4755
2665
5851
5004
6407
11101
98
4342
2367
9802
10723
6778
8588
7972
1969
9990
10090
3488
11686
4883
9994
222
10482
6617
7867
2209
10805
8532
839
5994
290
10461
8087
1601
4408
6523
3519
10239
9404
3518
11491
6139
3354
11390
5849
2229
415
6980
4713
4231
2513
3385
11918
11612
4461
2365
7882
980
2584
11345
11537
2354
5388
7191
920
6866
7637
165
11026
8164
7176
9076
11912
4109
3175
7893
6363
5733
9690
10950
272
10615
4393
7143
7751
397
1359
7960
6198
515
3928
2572
6727
2325
6576
4921
5564
1276
9349
2415
2728
3422
747
5041
11249
7524
7980
3468
1804
4230
6329
7376
89
11419
2850
5786
4022
6623
9232
9939
1154
5698
9214
7738
7420
7324
1399
6661
1557
5712
7922
3039
11180
1059
11082
11778
8659
10138
4313
9488
6186
92
6731
5401
1790
502
9983
11526
2263
8057
11427
10852
8723
5756
3102
53
4968
5301
814
3164
7770
700
11
1504
1337
8477
3418
2881
10833
4243
493
11283
6605
4820
7057
2828
6416
5092
2809
1759
3237
9793
5502
11722
4248
231
5335
3381
8099
11355
5568
1126
1735
1592
9608
8036
5965
9725
1648
1303
3809
11896
8511
7537
6764
4516
11674
9998
8362
673
2342
10650
7650
3330
10631
11083
7553
6992
5603
7027
317
4061
9638
9577
10018
10700
8272
8196
8070
10535
7900
6790
6892
2613
10491
11204
11080
10760
5260
157
10628
3074
1947
6203
4535
7542
3877
11231
9376
2761
6288
8721
9561
3212
4598
4459
11531
4281
8434
5448
1025
11795
9398
4123
11070
1604
159
11692
1112
11434
3127
3071
4476
9895
6612
9374
11906
9845
4430
2231
6107
9713
4965
10106
10595
4946
6788
8073
11164
11677
4531
1954
9167
1271
11234
3123
6324
9675
478
789
294
10209
891
2703
2498
4787
6620
11593
43
6345
11887
9536
5283
8753
8386
1310
7051
4354
9044
6083
9773
6529
9623
3848
11493
11040
11552
1480
1771
9656
778
11581
8870
5734
102
7060
4910
9291
3277
6567
3512
1262
8589
1643
8401
11132
196
887
5621
5713
7177
2064
662
6665
2278
3439
2114
5928
9606
1855
3077
2773
802
3022
3361
7615
8825
11037
8681
3507
4593
605
4400
2640
551
1180
7802
7556
6526
9618
1372
1030
3696
1923
5190
11569
3906
3193
5716
10909
8866
3823
2241
7717
10333
3447
440
10532
8901
2581
8090
1252
4368
2569
6839
6137
4006
8829
3771
7210
10144
9003
8013
932
7133
5367
9980
9486
8663
8323
6209
5204
5726
11172
5659
1999
6076
1553
851
2319
1366
10871
8289
1362
3030
6918
10584
256
7407
9354
9548
6303
2724
5374
3205
9595
1596
2376
6688
7974
11599
2533
842
8204
4407
500
3619
7017
3217
10356
7551
2403
543
9107
10747
6916
356
195
10225
6721
8063
4785
3983
1979
3874
9746
4409
2478
10946
9081
3556
1047
9389
9971
2713
4853
6820
10521
1389
1598
3931
7218
11901
3676
11329
4145
11541
7071
5781
8241
1486
2601
8768
9086
2545
9934
1802
3812
2347
804
11928
7255
6846
10480
4120
9365
3557
5008
10313
7582
8763
5203
6321
2686
945
10151
9179
5114
3466
10126
8117
911
1125
3378
9435
6669
3056
1063
659
10349
5274
4066
3169
10133
8696
3121
9245
4375
5526
7055
3657
9054
11275
1282
10896
2352
10203
5180
3037
10139
3428
8319
6410
3323
4550
613
1788
11193
8066
9514
4841
10260
11028
11268
3395
792
8294
11124
6031
3297
8750
1293
9659
5889
9567
7109
9119
6338
9887
2140
2774
11740
1332
8287
9744
1677
4880
7153
5755
10658
7231
6182
3758
420
5607
9993
6654
10599
8644
11136
4944
8137
5278
5886
10640
10084
1541
3699
4377
625
2000
8142
11252
2889
3561
930
3978
5205
8765
7744
11336
1543
475
11461
6953
7489
1148
11619
4687
9154
10780
7161
9628
9927
2609
10911
6399
1678
3293
5387
7355
1919
3973
2563
9694
3525
6516
1636
11580
1280
4182
8845
2892
3734
6660
2459
11611
1239
2878
6641
8374
2460
4653
5484
2485
6422
8807
9017
6465
6095
5899
4197
11881
7330
5742
7200
1206
4701
2835
3762
5515
2306
10728
11111
10169
8277
1287
4341
7374
7837
4706
4481
266
3009
1906
999
118
268
6134
10813
2439
5872
234
835
6013
8106
5212
11551
2442
1108
7411
2582
7636
3043
4870
3559
10098
11244
3026
3334
11482
3258
10377
9344
1022
10969
11638
6473
1477
8647
11301
6805
10716
1551
10057
8993
8054
9625
7544
100
3996
5282
4424
9206
3227
8645
4445
2854
7077
4704
2343
11380
3406
9371
74
905
616
2607
8118
1
11287
11206
7215
10029
304
6531
3160
4304
4224
708
3072
11392
7139
10971
6310
8730
2708
8060
10795
11272
1439
7573
5811
1011
7074
4259
11871
1306
4873
10011
5701
9390
2016
2653
10564
5473
9380
6463
1897
9569
757
3859
8802
6175
7498
2549
9523
1560
1464
1785
7714
2223
3844
9851
9140
7100
5520
6063
11799
3566
6219
9576
3955
3916
6275
1741
8214
4889
11442
7480
9074
4847
10770
7272
11801
7253
5493
10737
3477
5422
5850
4734
9545
9447
7783
3129
9283
4366
6587
5121
7000
4801
10791
8736
7450
2908
8055
11151
3321
608
9446
5290
4552
3162
6199
5589
1942
309
1045
3552
257
9336
7946
6604
8658
8059
5277
11245
9065
7173
11627
745
281
10575
486
10818
9176
7490
3316
1478
11920
11754
5013
10039
9614
4185
9891
7591
7957
2327
1978
760
1602
8438
7875
5935
1764
10858
10548
11505
2754
4136
11652
11488
9087
10424
3986
2243
7704
3902
5411
4139
1454
10049
6254
5885
6701
5423
5435
1891
4413
5194
7299
3673
11476
875
8985
1548
3093
7309
3763
539
3549
7204
10714
4367
788
1484
9800
3249
10200
1329
4610
1738
622
7608
3163
1050
6207
10199
3963
2331
435
3080
4668
9010
8019
2794
4379
2616
7821
7545
7094
3116
5122
166
10214
10629
2877
2080
4529
8421
5102
3345
10270
4793
1833
8155
7334
7430
7999
5763
4578
2826
5816
11305
1774
2945
4564
3623
9247
8470
6061
10992
9529
406
2191
10863
