6832
812
6581
9635
2822
1089
11308
11634
11703
6272
9152
4681
11326
4589
4842
6131
6308
10372
724
5943
8038
11779
9690
2405
8951
6081
497
10219
10887
6834
520
6856
3586
7662
4596
4627
10239
8636
1686
8940
9323
8184
4358
8594
372
4154
3334
7219
4287
8700
5503
9405
1622
5691
10755
10461
633
2238
9618
4792
5025
5918
6097
4629
8342
77
9629
5062
7472
7180
5356
2828
9317
2907
6786
1990
4882
6202
8317
6763
3590
9555
3469
10110
10077
4255
6717
7574
6403
6714
9879
5881
312
10211
452
4819
8968
8275
3488
5969
6401
4439
7656
2125
11663
11575
4350
8821
2332
8520
6863
4811
5148
3116
5483
7060
9420
11167
4917
3845
1892
10671
7203
7333
8678
9110
2694
1124
4376
9009
7308
5122
6370
8137
11228
11905
5662
3199
9513
8041
10745
8165
8121
1021
1409
11565
1263
2334
6184
103
695
11459
8973
11906
8312
3106
10004
10012
2280
7207
2009
6280
3887
7968
3797
11799
8436
3518
11719
1807
9433
7504
11518
2963
11441
5798
1623
4340
2648
948
3203
8498
4919
10732
3356
231
1579
4767
9304
6693
9614
10684
11715
7568
11714
4430
8713
615
10459
11343
4874
3425
2588
3156
11126
626
11227
1519
4479
6689
1994
2374
3949
5490
6825
1549
85
9554
8481
1648
11736
3506
10789
4508
4837
5049
8942
9488
5003
6357
6122
7906
426
9462
11256
3331
10625
7802
1563
7324
9850
364
6421
9743
4765
4312
833
391
7420
4642
9803
657
10198
8286
1314
3752
4952
8363
11645
2356
4348
2196
7529
2713
1178
7551
6732
3673
4403
5988
7361
2562
916
8340
4198
9607
10436
9312
1659
2744
6159
6111
6879
4356
9343
5357
11199
11045
185
1643
1567
4225
6566
6270
5099
4868
5545
7137
8965
11129
4997
1959
58
10342
9717
3380
9464
2243
4056
5000
3554
4554
7660
8419
3458
2990
689
193
5873
7698
957
5066
11260
9804
6620
4268
2046
6039
2210
2781
5048
6691
10278
8161
2174
4248
2843
4052
721
10271
8519
3735
11026
8939
526
1339
7756
3772
1377
9008
4254
7998
2909
1472
964
124
3873
1997
5614
10737
10888
6986
8720
2017
8443
5338
1131
4337
8799
6531
3505
3912
5624
1922
3094
9861
9837
2308
191
9708
10321
8823
589
7632
8449
5675
3779
1962
4494
3613
5347
10614
5985
2084
9040
9299
2293
11268
9471
2864
7428
6564
9270
5045
9284
11509
4845
2674
9664
8727
10916
6845
11574
6260
9372
300
2347
7647
4073
11770
7482
5847
6214
4362
10066
11213
4200
2041
2145
6221
3253
8961
6730
8637
8232
4626
4301
8252
4763
8692
11745
2785
3048
8731
4202
5437
11279
5378
9504
6674
1461
11595
10796
2173
10415
8803
2471
9342
7321
6710
4130
687
10100
2259
6030
2
5805
10391
8789
5101
5170
3198
10658
915
5780
8385
8460
2178
9874
4969
11849
10919
11481
880
5720
7348
1159
10729
11465
7340
9175
9064
5350
6099
10520
5478
9130
9038
10910
4319
3150
8514
3303
7538
4831
7371
5264
2860
3833
4352
1338
1776
2360
4802
3480
8808
2363
3047
5890
2105
9482
4737
3905
1075
6489
11912
9532
7268
6032
2839
7314
5964
5641
7631
1495
10498
6952
1813
10381
6662
4869
9832
4006
3186
4513
2504
2815
9378
66
747
3201
7094
1542
1849
3453
7315
1699
216
1920
6975
7123
3689
51
4094
8459
8024
10059
1209
7607
7924
1947
3997
4779
1725
603
5876
5812
5339
9588
3522
5169
4204
9786
2734
9842
396
4602
877
11172
9775
3715
10176
1024
7892
645
1715
6505
9767
2775
2801
4381
5797
10837
4912
6559
1841
11716
11475
10185
7997
8971
7457
10056
1972
1744
5989
3764
8549
5535
3130
7416
11008
68
467
563
8502
7323
4251
11421
7717
10547
7661
9538
11688
5679
4039
4586
5300
8746
11135
9298
7384
6671
8473
9956
11050
5917
9628
2295
7851
8128
521
4305
3355
6350
4532
1457
8878
2564
3614
3192
2242
6650
6706
836
311
10317
3240
1964
3041
4431
4972
14
2746
11077
9217
388
1868
10657
3901
4872
2483
8003
6396
7071
1845
1946
5395
3504
3770
8444
10892
458
9158
4577
2813
1590
6515
6024
2534
3349
8964
5584
1295
10827
11400
4782
9053
2525
10330
9249
1810
9396
11855
7690
1912
6300
7151
6727
7469
2435
6872
8307
10988
2235
9043
1118
8628
11318
2545
3009
11017
11795
5450
7221
8719
1911
10557
10627
5647
10160
8893
4380
9350
11601
10370
4171
10488
10483
11749
10072
5505
6446
4709
1298
8675
4671
9017
2606
6919
4372
7875
3084
9526
2232
7765
8224
10531
9061
2237
3115
11545
3011
11551
11656
7564
2333
1054
7195
2751
11489
1408
10109
7967
2297
9366
1425
10620
9781
1723
8663
3299
2140
3256
1957
1111
10467
11746
11339
265
3648
9349
2722
8314
1612
3177
8477
4165
6509
2644
3143
4789
10256
11712
8341
1492
3610
10331
8545
4127
3501
8150
2225
6117
8685
4880
6720
6385
1376
1913
7108
1066
3907
2277
2910
1284
3916
7633
4517
3587
1930
9258
1486
6997
1890
1675
2631
4284
3236
4800
408
9447
10802
1606
1996
3030
1354
4197
1460
8293
2759
5416
1094
10339
5348
5373
8820
8496
3765
3562
169
8292
512
4070
8944
11845
2193
9683
2229
5203
9178
10619
1617
10157
1286
10441
8888
2535
9065
1219
8464
7537
11872
8070
4830
931
7205
813
293
4414
2095
8557
2707
3231
9194
10997
429
10214
8456
8959
6519
914
5652
11619
4556
4016
10232
551
5817
1483
10698
256
8253
6510
729
9994
1533
9121
1537
1231
11160
5829
9259
8587
6518
2981
8071
7225
6027
2891
7840
11534
3693
3055
743
6556
2936
1718
6231
4653
6859
8627
638
6972
5586
6783
1671
3588
10508
457
9827
1052
501
909
2972
570
4159
11333
1402
5779
2055
3119
10013
1705
5967
11009
7489
10523
4558
7042
7542
9699
11005
10832
11364
8248
9010
8501
2810
11514
3695
5774
10222
5040
7284
6326
5984
4046
5488
11471
545
5362
4848
6770
9902
4388
2409
919
594
11821
5090
5642
4102
9142
10818
8609
10465
6697
7010
1360
3757
380
8932
9938
475
9314
5002
11737
10648
1404
4603
10670
10712
1661
5493
1818
586
8116
7433
1989
11346
7097
5500
11625
381
2132
2946
6459
7061
8778
11083
7322
10345
3431
10830
2881
886
9263
6124
2938
3642
9882
360
10476
3139
565
6959
11801
5609
5316
2111
5913
3249
2152
1952
5766
7915
8008
10074
4162
8772
7106
4368
11111
9573
11175
4044
3516
8327
3082
4409
7726
3818
5792
10518
3547
9383
1277
1059
2244
3581
15
4688
10104
5251
8188
10503
7855
11609
8135
9371
10055
1221
3984
7575
11379
5925
8112
159
7871
4149
7842
6753
4964
592
2947
8277
6456
554
999
5072
7552
504
6490
8382
7174
10079
5633
9964
9461
2382
4669
8889
171
5273
4296
3323
4963
2104
1585
4145
1372
4390
4292
18
4970
11766
5789
7833
10746
9199
2133
3524
3750
8274
7930
8920
3310
11734
8207
10933
5186
567
8784
629
3869
4412
780
6655
9147
5004
1710
10850
1378
7822
9686
7011
5740
9655
8423
4531
11011
1591
3777
2240
2985
9829
4174
6106
5054
7877
4974
6019
5218
9108
6567
3245
11804
5313
223
5028
6647
79
370
7724
776
6464
5254
7437
2499
10401
4730
6461
8902
8290
9726
6760
1007
4092
2796
2301
1389
5539
9689
7263
4648
9973
6176
561
3465
9787
700
5996
11048
616
8392
7124
8741
5431
4999
1580
9162
3332
3512
8806
6904
2672
7398
2621
8083
7792
271
6320
10301
1704
6572
8661
3924
10974
11313
522
9056
1119
3045
2463
4623
6394
1436
211
4433
9958
6640
11902
7771
9240
1503
3820
2654
3775
8714
4314
10703
713
11711
11699
7641
4021
983
4986
9
4453
5738
3178
10404
5085
1940
6743
4852
5027
5121
9794
4493
11057
10554
5854
5344
137
6737
5513
1479
9788
515
5459
6198
3801
2999
106
8638
6157
4635
6495
4049
9681
7738
9277
7610
3111
1589
10596
55
3024
1732
673
6535
6698
11773
10156
4476
6191
7582
11237
2597
7957
4885
3340
8260
6626
5872
9580
2094
7143
291
507
9979
4788
9889
610
525
11363
6309
2616
1749
11708
11830
2503
5181
11231
8812
4346
5057
10236
3529
8332
6434
9016
4485
1046
9594
5702
2320
8393
11285
804
127
8762
5176
7236
404
6903
3671
5737
9725
8209
2791
4901
4951
900
4815
2351
4253
2970
9919
1183
688
6731
10458
10070
8249
5204
725
5799
4527
3105
9843
8400
3389
7341
11767
10565
10529
6161
4708
3343
1143
6012
9564
2373
11235
11676
1001
5933
2873
9379
10591
2172
11680
1545
3513
3357
3904
11591
3816
6241
5551
5701
4564
10690
379
11044
11628
9616
6343
1883
6911
5332
4109
1752
4923
28
11577
6077
516
6397
7525
5088
3539
8723
11754
5522
5926
3059
4077
9206
496
8096
4467
4744
9341
7587
4739
6881
10120
11418
32
4881
10691
9014
1677
349
2423
8006
11273
3300
4187
449
2300
11856
8203
3986
6543
5857
9257
8366
1867
6907
7926
6291
6569
4002
1085
152
11539
2710
1369
7337
8376
7319
2608
1247
2352
10009
8
7713
5717
2982
7704
751
5149
7250
9297
7925
6893
3052
5401
2222
759
3176
27
10020
7422
4957
389
1448
2226
8420
6414
6128
9798
2696
7050
5987
2063
3842
6617
1620
991
6713
7850
2345
9265
5712
5006
9866
6762
2700
5392
11090
7005
3917
11876
8331
2357
2615
8033
10243
8318
10994
8193
4221
11683
11507
6798
10904
5888
11027
3478
7414
2854
7074
879
6335
2390
11190
4099
8218
1926
8145
11124
7804
6178
2514
4973
4520
5411
4713
7277
3627
10365
7463
6070
3435
7617
9862
8230
11108
11226
5074
1821
2047
11649
3155
384
6878
9913
10995
11024
9390
4780
9559
7640
5196
11162
8930
6958
4890
1435
11825
8007
10189
11775
4647
8432
8305
868
11727
126
795
4289
3390
5302
767
4540
5289
8872
5095
2007
7365
8143
8457
712
6411
3180
4770
5081
7216
7507
7161
10809
11100
861
7910
6931
2281
11914
2142
945
7706
588
4616
883
8155
8708
10812
6246
7429
10877
7270
1552
10649
8028
10678
4018
8672
5591
7835
7598
6776
2940
9285
5381
5279
7742
10860
6735
8264
11594
7069
11492
7996
140
3040
5110
3602
3944
6042
3893
9641
2861
3773
3068
9023
1061
7352
8144
7006
7526
10328
4030
3046
7160
2090
88
2793
871
4985
7828
5460
6680
6424
9670
10719
6912
11225
11079
11020
9923
11728
11879
5877
11486
59
7655
9450
9515
3995
10444
905
7235
1789
5842
8621
4608
11037
6374
9354
8819
1780
1683
5171
11345
9609
3076
8856
4821
4850
10361
809
5835
9619
8078
6796
5274
1233
7501
6188
5629
1045
10486
11229
1393
2903
281
11269
2624
4038
1647
10019
2130
10003
10322
2941
1993
996
1105
6563
2042
8395
8294
8397
5515
6073
6003
10858
4405
83
3197
6431
7138
2077
2749
9081
5335
10581
9624
5957
9364
1309
9288
5575
7049
6426
6726
5094
4386
1464
730
11197
1167
9020
1482
4620
2169
4499
3972
4078
3382
10539
4360
3759
675
8715
10388
8407
10040
7374
5613
8012
4777
1203
5219
8054
558
6079
631
7634
4876
2455
4188
528
4749
6305
4201
5351
1443
9492
8786
6852
11423
3244
6616
10053
10530
3793
1265
862
11756
758
11081
6956
5851
8546
10586
7142
8579
5625
6004
4166
3954
9841
1028
1836
2741
938
1394
7430
8653
3879
8097
1688
4424
7202
5716
3860
5778
1182
10742
9985
9800
1652
748
9498
1072
5823
4266
3189
9231
4701
1827
8566
6449
2074
6590
9898
11189
1506
1193
8728
11541
4377
3384
753
342
11086
10235
9243
3884
1000
5030
3375
9747
3108
1577
11028
5550
8513
10849
6576
10590
2248
1696
8103
4663
8763
9596
2969
7127
6570
8516
11375
9241
10433
5708
2307
9649
4594
1901
218
3418
7544
7586
6319
11722
537
7214
3771
11735
11516
6664
4772
1145
7436
6155
4773
9229
9518
8656
2495
2539
1829
9723
9823
1132
5019
5852
7710
10451
7290
6787
3321
9066
7076
1554
4825
9864
6752
796
11605
832
4265
9183
5531
3191
6478
2494
7002
11921
8486
2885
11373
10540
6318
1093
10364
7748
867
7550
9640
1601
11332
1452
1220
4329
30
6615
4257
3128
8383
3589
2585
3238
3835
10119
7272
4475
11617
578
5051
5491
1761
5612
672
11554
3864
9646
7480
9429
4307
6105
8201
6929
5117
10643
9557
7273
3536
238
6383
8588
3940
5205
5722
7688
2870
8329
1762
8735
9291
4379
3828
11248
2236
8159
6835
1556
10711
10471
357
4766
11836
1734
11806
11309
2091
203
7040
7274
11219
3988
6922
1133
7965
10403
10767
3767
5990
4537
5739
3141
5510
2089
2685
7181
1798
11230
598
8880
11510
1070
6359
9732
8206
821
10184
8415
5328
3207
7678
8770
6358
382
2491
11202
4302
661
1255
3574
7831
7665
3057
4415
11179
2465
3866
11840
5623
5687
1876
10601
4694
7183
10552
6605
283
6201
6031
7722
11300
1963
6847
11852
9146
11293
1366
10998
7294
11358
8092
1126
9931
3868
2296
10183
6974
7866
10898
1860
1359
9290
1784
8753
9174
10131
7992
9027
9721
5498
3433
5270
6513
6745
9759
8017
3716
1689
376
10410
6416
4234
3262
3979
9109
10675
1949
2712
2680
6420
2185
7843
2164
9466
10987
6646
290
789
3424
6296
10941
9487
10543
10029
5955
5707
11200
8687
9431
10878
9695
3691
2934
6375
7409
8983
4937
5333
1933
2609
9550
987
6123
9942
8126
4029
8948
3402
11222
4260
1329
7982
8179
4103
8647
7865
8169
625
8339
1191
11627
4667
9884
6562
5526
3217
6916
11857
10248
4374
10575
3817
11827
4322
9669
10683
5894
5164
1923
4575
1204
640
7577
5706
5997
10576
10831
5686
3032
11214
7065
10821
2846
11174
9929
6457
7196
3049
2799
6638
9505
1202
3446
10572
6573
1268
8970
2604
11843
383
3570
10252
4597
2170
4851
11270
8403
8439
5464
6894
7933
387
3313
4003
4547
2962
4249
10925
613
4098
2530
10761
644
2919
6499
4612
9264
3027
3445
775
8030
10255
3147
10128
2877
9542
7217
1764
2578
7404
9389
4746
4720
3733
9101
10499
11002
1067
11352
2070
11123
6882
10672
6006
10781
6900
255
8898
3016
9296
1660
8177
4915
4664
8555
2066
9151
4434
10434
623
3656
11931
11098
10181
2834
7405
8048
7033
3257
6995
9560
11138
1865
2804
10140
2983
6113
9001
7907
11255
5604
7373
2459
490
7080
1477
686
3731
1113
2434
4525
4654
6521
10207
2692
9059
53
5848
1708
7811
4839
10505
10076
8737
9145
2821
4365
3811
4814
1879
7754
652
5199
5217
8593
3802
269
5903
2011
11022
3633
9238
921
5785
9331
2506
7558
1797
5966
2216
6756
7782
8659
4193
4276
11355
7451
8571
6596
703
4323
3780
3525
2350
440
4965
310
684
2114
8489
2179
6933
8405
4384
9652
5557
350
984
8935
8836
10445
2107
4988
8686
147
10582
10146
8883
7770
3315
768
10549
446
9730
4459
8701
7500
6199
2223
8754
10989
4769
6496
11865
1228
1530
10061
10174
3723
517
656
166
1515
8782
1700
8391
3682
11696
1638
1954
1768
2538
2150
9949
11
5137
4444
10340
10431
17
7114
2200
1581
9805
8262
2156
3651
7543
9336
1432
4076
10905
10081
7858
97
5620
5718
773
11877
5536
8581
201
9478
4326
4164
1611
5092
4829
7334
8891
2668
4053
3809
11614
7442
7271
10940
5284
11642
163
11742
473
11741
8330
8604
10379
5667
10869
8775
8931
10506
9267
9100
11443
5361
2766
11662
8372
11762
819
2880
3796
8910
10014
2353
120
9572
10246
4502
8271
1023
6586
4954
5208
8669
1154
9367
7425
5455
7298
10857
7734
7415
9187
5465
9330
5630
6801
3385
4141
1246
1910
7403
2883
7716
4679
5768
3601
9035
11315
8167
7455
3232
7218
11147
9667
7629
9780
3969
6235
6020
6723
3028
272
8857
8969
160
2400
6722
11294
10824
3022
8310
7705
378
9846
2135
10863
8068
678
6448
5376
7740
8702
10399
6393
4035
7746
928
7048
8876
7505
8190
10621
6759
9278
9626
2553
4262
2180
2594
2884
8047
8359
7346
130
10699
4686
7376
9237
10145
10777
400
553
10359
1073
4761
9012
1615
611
4138
9746
2887
908
4090
1305
11643
6265
6232
9758
1512
4345
7935
6472
5900
8002
5077
1325
2724
10662
5546
6427
1398
7443
5705
1180
7134
2997
9481
4244
2477
5527
3787
10446
5916
3291
1631
9300
8832
2438
5442
5664
8353
7439
9067
8928
9814
11312
2806
9520
11861
8228
10099
11240
4176
1395
3576
7212
860
8389
4526
11367
8822
8295
2642
220
5034
8021
9601
7510
6078
3324
11344
9022
10324
8674
2797
4492
8783
10113
1458
9663
4466
6687
9989
10302
7693
11039
2682
5710
10496
3215
8199
4574
3263
5750
11217
10087
4661
4406
6549
3726
5322
4611
2994
244
3577
7870
9118
6772
3185
8080
5282
3172
7427
9791
9094
4215
9713
11323
8742
4332
3585
10
10049
6769
7276
11220
7741
8564
7760
874
7265
6991
1465
303
3086
1555
2476
4261
9672
11929
3722
4790
11671
4546
1634
10296
4298
3412
11846
11496
937
8409
5578
11632
438
6800
4411
939
164
8528
8603
4909
1751
8213
2817
1307
488
11458
4486
8019
7391
3320
2287
10843
5794
9311
3219
5053
3346
8721
11118
10810
353
10942
5921
9883
9369
3227
2479
6075
8795
1437
4826
2376
2664
6417
4437
2823
714
4599
5589
470
1346
2973
5897
2989
10048
9444
2508
7494
637
7424
2702
8979
1151
9523
9212
7170
8552
232
4065
9760
3739
4755
9344
9835
3288
850
9666
10470
6861
3687
10561
3430
2218
10826
11033
7028
8599
1497
6361
11052
10568
8060
9777
1500
4856
3703
10958
5135
9149
6507
2961
4895
10275
9476
4152
4891
1550
8287
7259
9613
11327
5355
2346
10722
4001
2279
4281
3607
1210
9283
9945
2798
2162
2033
5448
911
6582
5784
710
4719
550
2816
3353
6608
4483
9647
1812
1039
3555
4933
3153
3657
7149
2771
9736
11305
11088
295
2500
6944
4509
5645
11572
4799
2195
4216
2126
9200
11053
2252
11215
10329
6313
3165
7856
1795
500
2603
3307
727
11536
5762
8855
11540
3483
4101
10319
11144
2291
5069
1181
11624
9221
2397
11478
6970
5770
8699
9845
2857
9091
10147
11651
11783
1640
5958
873
3214
3679
9924
2422
275
3847
4335
7465
1304
7084
5781
9522
11733
6046
10567
3553
9753
3730
8265
990
2102
4482
8254
4614
3738
7262
11859
5821
735
2536
8662
5986
6869
6091
10526
4993
9153
777
1570
10038
7101
8077
9346
10022
2529
8682
5802
3922
2630
5418
11295
8461
11720
9878
1756
9815
4818
810
7193
11802
8773
6725
845
8162
11522
11781
4097
5621
1977
4043
266
3629
10343
361
3537
3268
11424
5901
1630
9122
6175
731
6806
5698
1676
3194
6164
5968
5315
1746
9615
11665
1417
11447
3612
11700
2856
11871
3572
2625
5543
6059
1870
6728
10846
175
11211
5061
3582
1276
6665
5107
8175
3550
4955
9568
2103
10937
11360
1326
8061
11612
2568
6998
10607
6892
9694
437
6935
9403
11559
6961
8073
3290
6029
7163
9467
728
1318
8601
8352
2847
593
7213
2859
212
1069
7339
8563
10226
4422
9869
9308
9318
8045
4506
8712
9157
262
10510
3930
9363
6526
7950
2789
10753
3044
8923
10999
9356
3540
10851
9749
8042
4545
6056
2001
2546
7994
11900
11145
9123
362
3031
7191
11252
11282
2527
6471
4203
4613
6740
6147
11149
10661
1759
669
4657
10784
11908
9400
9765
9218
7718
3364
10106
6057
3541
1982
1117
4928
317
6551
9082
5978
9179
10325
3221
5843
1043
10201
6506
11402
2205
1016
529
8667
4328
7012
9411
3033
10180
3808
2730
6844
4747
11095
11650
11564
3344
3081
8154
7653
10697
10168
5243
6602
7286
10693
8989
8558
8982
2602
5728
11029
1866
11732
10500
5449
4702
4778
10018
7787
3077
7942
6290
11815
10674
11604
5834
3362
8084
6360
2993
6121
3428
10043
301
977
7132
1823
8368
1999
5941
1107
7146
6368
8373
8644
3557
11074
6827
4272
5037
10900
10939
2312
9992
1540
4756
4609
8914
1884
1186
8560
680
10922
7540
1444
11768
8141
797
5892
9599
6493
4147
1595
4472
10225
2335
9228
7449
10413
5214
11811
9610
2221
2167
1862
9908
2015
9050
8615
2975
11092
8099
6092
10794
173
9376
7072
3810
3163
2163
8597
4728
8953
1669
7247
9722
3454
3247
5853
6289
464
4615
10642
8745
5481
5082
1694
6560
9232
11192
11755
10349
6204
2829
6657
5485
3282
5317
3036
3620
8658
1244
6842
7639
6126
5846
4668
2349
4578
3791
9443
11169
11193
6667
10689
11082
2128
6169
11462
2453
10414
11596
5065
4711
7757
8149
3961
4902
3281
7728
11659
10326
3709
9565
2203
9083
6038
5134
897
5299
5325
5905
5631
4359
961
4243
11377
11519
9877
2960
4926
1029
5010
9703
10875
2251
11790
1558
8828
7305
4497
2072
6733
6694
10813
4058
2974
10449
1022
8334
2776
11666
4067
2081
3719
286
8336
1502
8590
7891
619
6999
9514
4994
3639
2101
5602
1668
8801
4785
11862
827
2061
9802
783
5617
7285
9684
1690
5948
3414
243
11059
4392
1381
6871
2708
3463
11758
7104
8427
6554
1342
4996
3164
1082
7113
2502
8868
6700
1546
2100
6669
10314
5724
1256
9860
793
9911
7689
7154
100
7922
181
10303
8138
2895
2524
6534
8377
3706
7503
11032
11593
1894
5340
187
5183
7863
9041
4037
10344
7636
6768
2830
3632
6575
10233
7311
4960
1496
1475
5197
752
5140
4549
8491
9537
7343
5079
2013
3556
2026
10779
8864
3363
7616
10148
7799
9622
7680
6109
10524
3728
5434
4441
6547
306
11361
11298
2557
1166
8912
9000
235
6463
4468
26
806
5508
9705
71
8833
6853
8845
1918
3718
2675
1928
5319
10134
8215
1356
5087
10945
7593
9966
4706
1114
3072
4034
912
829
4190
11868
907
8375
5469
5267
5538
10261
3592
2899
6053
2600
3318
2632
9055
3837
666
9359
7943
472
5864
7911
5097
6141
11819
9604
3242
5690
6285
1970
8194
11560
9173
3877
11150
856
5907
9817
6874
7761
8333
1062
5146
2407
7297
7367
3867
9140
4576
7921
1575
5891
3662
7039
3352
7289
1517
5331
9706
944
3575
918
9198
136
3783
2060
965
823
8885
1605
5860
3778
1038
10015
343
1722
4529
5849
2488
11249
7064
10240
10417
5560
1106
5882
9460
11589
6503
5461
10664
2395
1609
8369
7819
9644
9095
3753
6355
9809
10387
10537
2006
3261
3190
7809
10695
2428
7581
10602
3977
116
4232
8600
245
4995
9799
2957
2729
2569
8354
786
4425
11112
1456
8416
11317
6818
10432
9658
5268
3064
7867
10714
3371
11580
4009
8917
774
1420
9352
9328
11386
2286
1134
1903
2336
7130
5981
9998
2490
3856
7668
4104
10743
9742
9246
8967
358
10944
6924
5281
7813
1390
3421
7779
3805
2689
7394
706
7707
7165
895
5174
1735
6287
3548
2869
8183
6334
8278
2935
10294
6824
9136
10882
7034
4757
167
4000
481
7129
982
6181
9274
3609
9303
9036
5777
7030
10221
2399
4655
992
3134
2355
2470
20
442
1992
2743
4521
7229
7648
1597
532
9779
5233
7189
5330
8529
650
7847
7363
3507
790
1680
6741
1380
1426
3605
2383
9197
7652
1682
10485
11049
9880
7920
3509
2030
7009
6918
2769
2540
84
9077
8109
8938
5
4685
9159
3223
10934
6328
6746
3436
11392
3235
7977
9685
94
5855
5671
630
4989
9849
4304
5327
10546
2214
9127
11706
831
5919
11638
6670
4158
1208
2875
5370
11707
2811
8466
11018
9600
10380
2532
6177
9306
1322
3329
5385
2188
8861
11350
4699
11264
10186
10720
538
5711
4068
10096
6137
1504
7100
7888
4734
3915
9063
6299
10083
682
4355
4566
2528
9857
8192
7515
1020
11505
3088
668
9612
6345
3942
6036
6810
11247
6826
7947
3171
4689
6632
10037
3523
237
194
7478
1665
7331
4295
8595
4961
9216
3162
11600
8259
8826
11630
7511
1498
8851
1942
2992
1535
104
10981
1724
1628
2139
4121
7880
11223
4080
8094
6261
6247
6639
11165
10682
2705
9900
9578
9974
8057
4172
8050
7973
1074
1385
1711
11837
3528
9473
9948
4927
6794
9190
7864
7541
6866
3039
2253
1527
3668
4290
1446
3089
9458
296
7590
1877
3596
3462
1792
8452
3361
4051
5162
4752
8442
3628
3708
5959
8734
1291
9659
10383
10808
2050
1454
9380
8760
7579
2563
9223
2311
4976
1121
4401
7780
3700
2262
1481
1828
1330
9236
10191
692
10118
8120
5076
4723
5249
3806
4832
572
1773
3270
2489
6809
6941
4447
278
8641
1878
70
6371
9930
6480
5746
11820
8817
502
9410
8136
2024
2324
11191
2176
10782
679
6415
57
7999
8532
10497
4824
8414
766
7016
5391
8768
2701
7675
8605
5453
5167
9867
7226
338
1599
10721
3734
641
5424
10935
7345
6915
4695
2260
4327
8539
1300
7832
3841
11043
6182
7450
4014
6917
1310
6406
6936
8111
4518
1367
4725
7140
1603
664
5430
4336
11895
11590
123
5321
5363
4943
10137
7393
7158
10199
2458
4539
4299
430
9326
989
80
4464
4242
7622
3542
10316
8172
9909
3641
1156
838
8370
8134
6821
3314
9155
4413
5637
9357
617
1013
11639
8992
2894
2552
3283
8185
4375
6914
11578
2387
6252
2369
10522
2718
2765
7784
1717
7475
2841
8356
1343
7882
6600
4935
2115
2921
8013
1279
7248
10752
111
8542
10424
4013
779
2056
8455
9822
9170
842
8886
6333
3195
4418
73
1149
2623
9982
7426
8015
3625
3196
8913
6579
1916
9402
10281
8374
3365
1678
9235
8115
46
10969
11391
1569
627
2392
6255
4143
1192
750
8156
6545
3125
6144
4082
3937
2690
3193
9545
11842
8839
2684
7233
6494
2272
9233
3475
4258
9602
11334
5360
10354
325
5636
7147
9176
3967
3870
1010
3471
5419
7401
1403
4195
2736
4571
8618
6734
10841
2323
7513
7043
518
7860
3440
7966
4183
9276
8591
3903
1741
1925
177
354
11923
6074
10203
10884
10574
7232
1199
11218
3394
1587
2348
7188
8824
5607
11533
10362
4639
1951
345
11448
9409
10595
4443
9129
10088
10089
3876
2520
6352
9208
3683
2728
6648
7790
11157
7300
4170
10587
10899
1627
4288
9489
7521
247
10556
3672
2836
2436
5435
11726
3938
10035
913
9030
11807
5697
8943
6637
6701
9768
4604
5480
10259
10047
6538
7302
7128
4180
11142
11087
681
1915
5343
10190
8063
9486
4033
11896
3286
11558
11785
9972
4086
2309
8398
1201
2190
6953
11146
6814
4887
6388
1803
10132
3486
6315
6482
10397
5514
8933
4237
505
7115
4402
11835
1596
10033
5992
11195
4651
2155
144
276
8697
7621
7572
198
9584
3987
2044
6134
11568
4004
5432
8925
6338
3615
5627
1697
7476
11314
4196
1796
6090
11547
5263
11204
4656
8598
11529
7197
2807
3337
7989
3836
1891
1998
6052
10502
2598
1919
6679
117
6880
3187
10482
11476
2472
10538
1120
11251
3109
8100
9704
8272
9099
1757
2550
10249
3181
5598
8195
632
11670
11073
5634
5585
1144
8834
11803
7407
3640
11932
3224
74
6071
1806
1243
3598
6083
10309
2651
2567
3888
5358
414
2364
10681
11035
3099
7578
8972
7732
872
6013
7086
1833
2123
10117
10608
1534
9484
3704
7887
6432
134
4385
6307
3062
3075
8181
3732
8173
5192
3696
4457
7772
1440
10955
3403
7434
10116
11898
4817
604
10551
6707
9852
6304
11655
4480
2515
9207
11097
541
9946
1140
9754
3890
2824
6301
808
5588
3850
6454
6037
8125
487
431
8014
11062
10267
1598
11834
7512
799
6789
2143
6453
413
2478
4313
10032
3118
1914
4724
197
5163
8575
10241
9469
11796
35
1657
3096
5973
11233
11886
2339
3252
10171
1604
1485
1146
10993
9617
6939
5398
1027
7988
1799
4795
3448
9870
4300
11460
4095
3665
6306
10564
1489
11281
11203
9933
9494
5656
5953
8360
2361
5895
69
11437
4953
9395
8301
3173
4247
1424
3029
5096
8251
3087
6839
5397
1335
331
10448
4698
7497
10930
9858
2560
4140
11805
10108
4565
9651
2688
10760
7199
11669
6215
8718
4548
3487
2762
4932
9399
1654
7418
10979
4931
8732
2154
453
3061
10517
2853
7554
1869
10798
6583
1968
1169
11286
2002
11718
9254
9423
4370
11030
8681
2782
4684
1447
10283
1098
4427
11548
8559
6273
4020
4522
7446
6520
10715
5013
4552
6921
2261
559
11399
11875
7876
4568
4849
4085
2968
11356
67
10929
5610
2246
7125
10159
2430
7731
4781
4490
5226
9078
9691
11449
9821
5731
1967
11493
7720
618
10991
7803
6619
5577
405
11380
3965
7672
3800
1003
4888
4449
6469
11552
2898
7234
4542
1135
1017
6983
11078
11483
4873
1625
11016
5579
4209
1147
2230
3503
7714
8380
8635
10263
11620
7556
8387
2865
1685
770
9115
4983
2343
7370
5250
8176
8484
1656
2457
5991
959
11787
2299
1081
4214
3292
9776
7477
10250
5748
1206
8767
11066
11829
10787
248
10220
9154
10481
8623
5463
5470
3367
9536
6623
1196
11826
3645
10947
8474
11897
1651
9854
61
5567
3566
11438
5227
1720
8040
3043
8524
9260
6356
11075
7359
2268
4844
7514
6227
1227
10859
5368
3495
8695
2385
9227
2344
1953
5494
8804
4334
7254
3573
4471
3295
6675
1522
3333
10803
4273
698
5580
3297
6976
6684
1856
6413
9414
10618
10709
5182
4716
4810
8666
859
3957
10473
8468
7666
1005
1341
4025
7944
4692
11194
6322
6377
8408
6661
8562
4106
6450
6226
3631
7991
10308
9696
7178
10350
2220
4470
621
3213
816
6054
355
4126
11464
9107
10494
3538
2794
7007
11687
3747
6151
6193
8975
8525
1739
6366
5786
6274
2913
5221
10639
165
9007
6212
6851
1750
3643
7369
1240
3484
7461
10469
4178
1123
2215
8538
6704
1289
11084
555
10772
6649
200
2016
7663
11365
11789
5277
2035
10632
5451
7075
10773
943
3567
3621
5206
10093
3006
6458
8441
3188
2147
3748
11760
9543
6323
2475
4026
1861
5715
2814
8384
11440
7806
6862
3943
3508
7344
6799
9180
10778
9039
9398
4125
6805
4771
10323
5423
11549
11751
274
3455
11502
7386
6614
2951
3413
5306
10280
11414
10242
7953
401
10175
7519
4369
1794
2067
11136
10926
2228
549
1006
1438
3015
5670
2036
7082
1763
10631
8793
1374
297
6988
8574
56
11015
11303
7022
1040
7687
9996
7751
4861
7914
6565
4632
4277
4835
5561
3449
4938
5178
10976
1909
8842
10332
546
10909
2955
7269
744
7032
433
9709
3069
5825
11542
1397
1729
9386
8032
5666
11105
8984
6716
9797
1173
1142
2207
9234
3441
8950
8506
843
11453
8105
8640
2555
4040
8291
9855
1170
1824
10073
8308
1162
10744
1249
10599
5185
5735
10686
10817
5885
11528
2581
7004
4226
1422
9976
3580
4110
1084
5035
5380
4241
7192
11401
5396
3021
707
5118
2245
1635
5220
10078
3456
3470
11184
5245
9171
368
7844
9605
170
8196
1032
7774
3803
10579
9421
7945
8256
9811
6984
3301
9859
9660
1645
307
1222
3675
10867
8347
4318
1041
1905
4423
10097
10165
8344
4534
2208
3008
3858
2643
10870
3910
9763
4914
4150
7878
327
5865
745
4555
10917
4551
6402
4219
11844
1236
4948
9294
7041
6497
4408
7766
3494
4918
11445
2473
11916
11583
7091
10272
3798
3880
11067
9289
3276
10027
7070
8223
5173
6486
427
5067
1138
1716
3851
5600
6887
6160
5537
910
11701
7046
6981
4738
1958
647
8573
420
8837
6889
6146
9124
1541
3790
377
11506
5372
11556
7752
11186
1574
6086
11069
11177
9106
8751
11885
9103
102
923
1418
2449
8016
7211
10634
4524
7350
1523
6167
3827
4071
412
10801
155
1664
5248
9796
595
8527
7709
2096
3768
3166
3144
2665
7329
7739
6460
7395
10112
5682
8132
4536
8717
6468
10474
8090
11763
110
1844
2879
6633
7620
5138
1410
7231
4
7019
10768
6767
11636
8324
1190
5290
7976
47
2505
2452
6985
6050
5640
3200
11883
3865
10692
3882
6295
9204
566
1499
8269
7854
10098
5458
7885
239
1332
11337
5680
474
11259
7773
1379
2087
11140
10776
11521
9897
3597
10650
3544
192
1035
10992
60
7133
5466
5008
1548
7889
6597
6928
854
8652
7643
250
1639
3815
2699
7260
78
11275
9698
1487
5788
10228
1778
4707
11772
2772
324
5874
10377
7175
3269
3325
11501
7539
6362
2467
2750
4945
4968
38
8266
1939
424
4617
4884
1633
6625
7592
5145
7778
4185
7152
3090
7815
4452
9955
6946
10912
9161
7816
3080
5015
11099
8791
6993
8447
7066
31
534
765
7417
2073
11196
9912
3023
207
10026
5931
8011
3608
369
4420
971
3042
4397
5772
6607
10390
4451
3571
8515
1851
3742
8689
5765
9673
4398
11823
1559
1944
9117
6373
4727
5177
455
1847
9079
6978
1814
3953
3921
6774
10062
5932
2687
791
2901
800
6007
7396
7941
9327
5100
10045
10111
9944
3756
7597
5653
6283
2019
3990
10218
2020
7896
6522
5298
11571
320
11382
2695
1745
10763
9275
9333
3097
4256
4205
8009
2171
2986
6243
8235
4871
5285
1820
8098
7986
4469
2250
8453
6045
10224
1743
3409
1880
929
4054
634
3444
8430
11181
8237
2113
9589
5869
11416
11561
2354
11411
7644
11709
7923
560
3317
4672
1662
10427
432
3460
6168
1018
7691
6110
11792
6765
2076
6688
7035
11442
8643
1361
7769
11922
2129
1476
9126
1399
1275
755
2637
8402
3420
5091
10970
4786
4975
6966
9340
11692
1340
3100
624
292
5745
11246
7240
7594
10571
4211
4593
2607
4286
2922
7353
9876
9969
7141
2069
7383
5387
2634
2805
2377
10282
10838
4628
9987
1576
7848
11395
2639
10598
3788
3003
5210
1748
4156
5471
5597
2579
5283
2206
10063
6622
6910
11667
4625
62
5509
10871
10667
10615
8986
1553
10042
4791
4660
7626
11686
2141
4886
7474
6233
3287
3065
7931
3400
9643
8085
2099
2124
5241
11691
5116
11435
9388
7288
10484
4057
11451
3411
614
254
6819
6433
1368
10425
4081
2093
6238
11405
7462
947
5915
807
11776
847
9967
3593
1826
6292
8064
8187
9577
3114
10223
7962
4311
5349
11071
2517
2417
8018
3564
9937
3694
5133
5020
9682
9172
6342
4306
8726
1324
11058
4504
3398
543
263
11316
636
8956
7045
6041
5582
10862
5581
5727
9904
459
11122
11717
5791
477
5887
11283
7978
11055
348
6967
8438
9951
9751
11918
11384
988
2183
4736
2014
10847
8238
2381
4416
2378
5553
11729
4050
6775
4341
11359
8654
10820
5228
2310
2288
2049
6206
9280
891
337
4133
2820
7829
7604
5814
4676
9927
8246
5083
8825
3676
5253
9392
224
2863
5036
8769
7682
7116
9608
6337
2959
1344
9493
304
7173
4363
8761
5758
9939
7020
5068
1238
2247
8606
6100
264
9214
8106
2952
11495
11487
7148
10369
5256
10771
3519
8482
11822
4580
10835
1108
289
1306
11076
6591
9184
2365
1057
6101
10865
4637
8350
8955
11212
6719
8302
10950
395
1538
87
8862
5275
4041
2159
9269
52
9384
10638
8189
9830
5924
5554
11431
2493
9279
9113
7001
10025
9978
3167
6135
9472
3482
9490
5024
7435
1030
1934
3499
5379
4562
1053
5954
10659
9813
8386
7358
373
4032
6225
4600
9062
227
7509
3095
5840
4977
2108
1726
5159
6026
3138
4630
5830
11682
8664
8362
5861
3216
11881
8829
3653
4704
11241
3729
7447
11051
2660
7159
3308
514
50
336
3360
3964
7970
4442
8523
9412
2255
5476
2542
10442
7588
6589
4135
969
8379
801
1350
2439
6115
9590
9500
6465
156
6353
3846
11288
1766
3928
6462
2933
3635
9895
3092
7257
1037
4855
732
2217
3113
6755
1974
9266
11504
922
8399
188
9665
7245
10396
11530
8119
7411
3617
3527
6757
9442
7657
8924
7481
7036
9210
4303
8781
11450
7897
229
1161
2043
1320
10915
3908
11652
11467
4489
5927
4343
7549
1721
7755
2622
4670
4064
7727
4428
89
4992
7156
2258
9661
3878
8684
4048
2414
5070
3237
976
1405
1855
10513
3073
2327
8241
9662
10151
6793
8279
2835
787
10610
2166
7959
2574
3906
7974
6047
7735
6660
523
6407
4062
7083
1897
8655
4560
4916
3175
8168
4762
4896
253
2862
1904
11780
6236
8894
8217
9353
11262
904
10327
6598
8355
6771
2874
7243
5039
11470
5012
3889
5236
6940
9581
9634
6363
10492
1594
1893
6830
11164
8716
1872
889
2342
1787
11693
8462
2092
8152
10533
8257
11006
11244
10766
2593
4389
9991
11439
7673
513
11480
7939
6162
11398
10208
10959
3079
8281
4910
7645
2842
576
826
9215
196
1936
11695
3405
683
5544
1583
6217
9370
5405
6349
1775
1804
8755
1561
9833
1885
8198
6817
7936
9058
11239
10102
178
4023
9558
8900
4528
5615
4658
1065
4904
8800
6294
11322
5127
11242
8556
10542
5524
8865
5305
183
2211
11425
9385
10952
892
2298
3909
3565
10669
9533
3316
2192
4271
5749
2121
5573
8216
3266
6187
2265
9795
5552
5111
8268
2547
8490
962
811
4366
6539
4784
5870
8962
6973
2726
1902
11894
6504
9185
7402
7085
1312
7136
1122
10666
8069
568
8810
5998
9921
6553
9293
3560
3532
11014
1087
9999
6938
6540
11631
2931
6228
8202
5654
7909
11188
1658
3594
2416
7868
10291
4496
5628
3035
6445
9688
2851
3681
11420
3383
313
10962
10907
2071
314
3896
10646
4530
6672
3293
9820
9770
9648
5568
2157
9503
4900
7095
6008
9639
7131
3457
2531
6542
91
8990
3983
4382
4563
1036
2548
11553
2954
1453
972
4320
2425
2837
1317
8954
7569
5528
10141
5232
805
2920
11320
5668
6025
9633
11089
2780
5815
5648
11468
10807
6208
8051
4139
8148
226
3762
7327
9516
6330
11427
5156
11623
8451
3328
5898
11274
1730
75
691
11673
9677
8771
6883
11930
1077
11899
3712
114
7528
11873
3056
11127
2086
9783
4807
11566
3670
784
7169
1493
1116
4495
8774
9437
2561
10238
3182
4812
8197
8533
36
5341
10230
9693
9360
10611
2996
2497
5456
6063
10965
8448
9606
1731
7987
1363
9006
9586
1315
7135
10244
8493
3451
9182
2394
4011
963
135
249
6197
3743
10872
5719
305
7464
10290
1026
11891
7794
815
6048
7241
591
4007
9680
10173
9003
9143
6399
4072
2052
6561
9801
8981
7432
4690
606
5190
10694
11068
798
4866
10060
10696
3211
1115
3737
562
8665
5492
1112
8977
2421
10209
1551
4353
4473
4448
2389
6962
6209
5410
9455
5878
5506
4907
11557
7208
9848
1370
10125
10069
6466
10286
5922
1521
7375
6430
788
9125
1636
2840
1269
10142
3686
157
3968
407
2391
2731
10253
5961
205
3951
10943
8471
5158
10373
9816
4573
8911
5310
3569
6803
9903
5709
2362
10460
5616
4646
8234
536
5726
10866
11180
11853
5512
1078
9054
1981
11613
10971
7667
4331
9188
7777
8255
5574
884
5075
10972
7296
11182
7089
10466
824
8081
11389
10751
2168
3234
2667
4128
10452
179
1980
9320
4175
9534
7612
7692
5404
374
2964
2012
10594
5962
2595
4569
3152
4419
10828
1463
10268
870
7642
9365
5454
2075
10902
628
11455
8037
4404
2917
195
1505
7224
1260
3
1419
5752
7303
423
4088
3322
5128
10790
9896
4278
4500
2008
7676
2906
6279
11491
9825
1333
10876
8693
7824
693
10092
7547
5486
6840
4114
3025
7313
6271
1863
10604
11238
1667
4949
5517
10906
9893
2818
6781
5714
9072
9242
11690
942
9727
2401
2944
10251
5375
7873
5467
10101
9569
3935
1351
5147
8945
1655
8221
11567
6868
4008
8166
9102
4488
7099
876
1225
5699
9517
1127
7177
1565
7677
3442
5022
7368
8802
5949
1445
10949
10749
1079
8410
7052
620
7470
8790
3051
1198
11324
11119
7606
8690
6955
11245
5608
3934
5674
8346
486
2825
6275
5807
7304
2290
7495
4024
10985
2480
3135
1955
5168
6909
1742
5131
11870
10085
3530
7079
4347
11816
3883
607
5601
1888
8607
9093
6947
3246
11408
893
9086
2984
9181
8927
7917
2803
8095
11660
6174
2481
7112
6014
7256
11461
7144
503
11738
11307
8465
8710
10786
2134
451
4031
4245
1313
3978
9454
4939
1835
242
2283
2498
2051
8740
8406
10130
1421
6498
10635
10115
1613
5995
7201
8102
10908
44
2037
583
8929
4893
8645
6425
1518
5479
9806
10964
9679
11061
11723
1582
11724
3502
1014
10136
5102
9838
2201
8947
10609
4682
385
11141
10963
1375
4892
11684
5318
7390
6200
4144
9441
2486
4096
3898
4153
11739
574
3327
9755
9465
9025
7460
778
4005
6114
7838
9591
1400
3740
2932
11913
3260
4294
3749
1610
7918
11678
1978
98
11694
974
8779
366
11587
1788
8949
1345
4378
2025
8884
3521
8648
1259
2737
5669
9630
3819
7498
8553
10953
3319
6166
10114
9828
11482
3636
11065
3500
8998
10637
5833
3273
11657
10385
3168
7638
6552
11523
940
6990
932
4729
4858
11791
3248
8994
40
9013
8429
10823
2953
2442
1906
6571
8107
6205
6139
11654
9792
6129
9134
346
7336
8991
8764
3661
5862
3468
4395
1391
6987
10135
6278
10975
3183
7841
4665
315
10578
1802
10758
5089
2939
8847
1223
4905
11926
6062
5365
3220
8544
6979
2003
9166
7171
1459
3963
3404
2703
6895
2691
3120
2398
8958
9250
10783
10573
11592
3452
4113
2021
11777
9253
2227
6317
3342
4862
1566
8835
1562
228
11731
4279
498
1536
1292
926
2832
5304
1195
7255
6405
5801
5234
10633
9201
8996
6082
3795
10628
4544
5468
5982
11864
2923
5660
11761
9744
456
9928
5402
600
9961
4743
1365
6533
8850
4224
10676
4491
5681
5369
7683
3241
6820
3136
734
2273
9019
5439
9741
9740
7796
3776
4235
6331
9918
3272
9890
10172
11582
4330
8222
8236
3275
9653
5523
1129
11874
1800
139
8164
7874
6440
9256
4796
4338
8365
4946
9156
162
5184
5371
7204
3358
8082
2256
5626
95
10928
7964
11347
6792
10052
4246
2388
10273
7576
8570
531
3724
10785
1626
11892
5098
3123
7467
9408
1051
4316
9334
7557
10663
5769
7013
10162
3600
8507
9757
1921
9026
7721
6823
2492
6595
7700
2912
5908
4966
2426
4291
1938
2424
4015
3563
5934
2571
11608
11001
10954
8200
5734
853
4055
8243
2740
10375
1568
575
837
3149
4550
11675
8639
6747
3124
3622
9844
6749
4186
9510
7783
86
10429
3085
411
5409
7807
6152
5403
1406
9132
2596
6213
2010
3312
9789
4936
7438
3727
2605
133
11354
9169
2284
11109
8993
8622
524
2239
6395
2305
11289
8267
4240
24
7651
3294
10718
5119
2322
6140
4718
10234
5665
7279
146
9563
11310
7121
7326
785
3843
4474
5920
5280
10920
10336
4941
6624
8191
7776
882
3678
7015
3861
8250
7591
8691
7895
6627
11336
10765
4223
7618
10844
1747
2800
8517
6501
6378
11292
2278
6021
5359
10795
6610
7412
5052
436
7609
7532
757
3647
11406
1252
2714
9048
7805
8343
6142
11369
10665
7869
1055
2971
7560
4590
1451
10036
6532
10187
225
5312
217
11209
11290
6932
9856
465
5983
11588
7493
8895
9831
5266
9887
1973
479
1474
2433
2000
2418
8440
2629
10629
5242
7471
7699
3417
10299
1602
8744
7969
11093
9527
6718
2367
5806
11331
5663
1449
7031
3388
4107
10612
2755
1416
2570
5977
5144
333
7182
11243
4853
3834
23
2732
10891
9907
1165
1174
4700
6764
3821
11163
11072
803
2656
3000
7486
7697
9164
8034
6348
997
10395
7520
10005
4339
4208
5793
4160
10770
6709
2116
7821
7518
5407
953
6695
4357
2209
8649
794
840
10139
8827
10311
8171
2590
4797
7387
9141
10287
4315
1571
1092
11924
2686
4674
7047
2945
2338
1423
10890
643
9245
2469
6612
3761
4967
7928
9611
3386
3976
11679
5188
5257
5867
2587
11351
4585
5863
1217
9468
121
6857
10487
11426
2083
10585
5693
3229
10660
5200
11302
7309
11878
4213
9922
435
8871
1076
552
3919
4512
8576
5258
2045
9071
8087
6327
1407
9434
9512
11120
222
7659
6107
5736
6354
5064
1205
4293
11672
8729
3179
10519
506
11513
3710
9426
7251
280
2464
4601
11786
1817
10528
8633
13
9521
5533
406
9417
9224
10212
5007
7901
2943
6372
11110
11841
7686
3296
6203
2306
11430
11415
7837
4735
6651
6754
5201
1706
4436
834
7635
10179
462
3098
5884
5136
8450
4463
3026
6268
11710
5773
9925
11603
4445
5658
8582
8980
2161
4833
8567
1529
5764
8941
5875
3534
4440
392
1882
3852
11114
5261
5673
9731
9499
7098
9592
2393
4944
2995
1229
11185
3881
11158
1816
10541
7559
5649
10051
4696
1441
1104
7168
8297
9042
9528
1281
3259
711
11771
10651
6802
5422
2655
2745
11128
763
6365
1031
7330
5516
11884
3381
4317
1908
9960
4407
4396
5594
5980
2127
7611
6219
3285
1099
6
5976
7679
6094
8504
11341
3962
9004
9137
9339
7937
4823
3886
782
1261
7696
1187
1887
10521
2304
8508
8129
9310
5939
241
7971
6524
7723
2097
9226
5112
1616
6683
5223
10010
6585
9427
8612
2566
230
11031
11526
7103
1621
41
9571
8170
5292
6016
2662
1434
1282
4836
10894
1637
2098
1508
2760
6011
10757
2649
6681
6527
2315
5260
1607
6634
8001
11063
3591
8475
8066
4282
6451
425
7316
3859
1319
8204
6642
3618
6084
10411
2460
5549
7122
11101
6288
4523
1102
2676
3209
2928
3461
6812
8244
6044
8952
10806
4990
10312
1155
2359
5911
2882
10193
5923
2930
7239
2368
2812
5160
5813
1
9865
5495
10583
8739
11272
4606
2325
6098
9824
2757
11677
1257
1254
9943
11234
10966
2151
2878
5558
865
8261
6080
8668
7949
3630
8108
4920
7522
2537
4066
5050
5993
3584
6303
1331
6822
1480
8418
3122
469
9401
7281
10504
10103
11297
4210
6876
11117
6703
9049
9203
1853
1185
5018
7908
7190
5771
6438
2549
8887
9936
7306
11933
10706
6250
6096
7781
5189
10717
3812
7825
2670
2896
4146
2727
9871
5562
7599
7292
9295
11444
8946
11644
4059
608
5115
7209
7000
0
3274
10553
10881
533
5457
3599
3277
11919
6992
3583
7266
6913
7649
2926
10210
6264
6195
582
2085
2924
569
8131
10592
2448
10307
8431
10967
11576
5291
1471
3763
10848
11206
3250
11813
2733
5713
3874
995
251
10392
4991
10986
4349
5059
2038
11284
5606
11304
602
3233
10938
1808
5564
9544
2526
7278
9244
6487
7883
1848
11765
6945
9784
8677
11867
11474
8818
3616
1160
1237
2871
11800
7105
6488
7817
8479
6067
1095
268
5845
7711
2659
9191
8617
1960
1859
5754
10386
1830
8551
5902
10677
4740
6708
10084
7051
4012
6525
3423
9305
5269
10152
7684
846
6061
492
8284
5936
5684
7927
109
9321
9720
7487
7750
367
8620
3489
7110
3932
9582
6186
2770
11412
8565
7827
1158
8487
6467
4087
7029
3701
9819
3243
1782
4584
351
7719
5721
1139
4083
1666
11130
7445
4925
4906
9782
8937
2886
10580
4538
6601
9734
5417
3019
5972
4958
6441
4591
7614
3239
11159
10700
7492
11833
6599
5659
4060
6479
288
10075
42
1157
9502
3174
7852
6884
9076
10284
3692
10774
4610
9932
9627
4805
11176
4227
2575
8146
875
9549
9506
8650
4498
7934
6666
8062
6927
5747
3785
5672
9926
82
16
11629
3348
7267
10265
2852
11839
9552
599
1619
8055
1429
4840
8086
8345
6658
9021
6550
11003
1336
3649
5940
1358
8239
6439
5046
4678
11319
428
7338
1287
3369
4809
6942
9096
10788
9428
3714
9015
2054
4751
8870
6325
510
3862
7335
5237
3993
9332
7364
7172
8023
740
10491
9764
5532
8634
1415
4108
3255
3552
7258
1042
2191
10600
11798
3931
9446
8035
10320
4693
5229
7786
9105
3913
11616
1285
4161
25
8233
10534
2404
5947
5569
7328
5320
5914
3271
7749
10640
7785
5382
10654
64
10477
7078
9092
5844
896
261
344
2437
2646
1271
585
49
5307
8722
5942
11452
9348
658
5945
6419
7708
316
9248
11793
9863
9997
2165
2148
10071
1907
10406
10215
697
6475
10791
6143
2233
6587
9046
10082
3210
4962
5696
11171
2748
460
7812
1431
11472
3408
7797
5507
9483
11494
2988
7951
4673
1771
9910
1815
3789
11774
1673
1758
122
10842
11154
670
6210
5974
2431
9177
8463
584
2573
7087
1251
11814
3133
9167
6239
4942
6951
4621
7810
5353
4622
5521
5150
208
2792
10668
3481
6136
2720
8698
1672
2018
9045
6784
11060
11901
5021
1148
1781
6668
6043
699
10310
9773
1670
597
2137
5202
9778
2068
6340
9920
158
2752
11236
4605
5489
9975
6145
5129
10420
7206
11429
3103
936
10121
9598
4119
1986
11903
3148
1349
7985
6685
2758
4042
2773
2764
4321
10430
11653
5732
2850
10754
9540
4167
3399
3160
8651
10560
6696
9981
9163
1469
7589
8211
9917
4017
2647
701
252
6690
6284
5427
8351
11434
11579
1353
9620
9322
2738
2456
6537
3626
7795
9313
8247
5909
11349
10205
7527
3894
10478
2991
7729
7056
1364
1840
11570
10129
4843
11808
5782
5406
9139
4324
3410
10007
5346
3955
7093
6476
6530
7669
716
3017
5032
7215
5029
5452
1646
4010
9496
5393
8411
10044
4181
6989
1975
5859
9583
8875
8630
11607
7768
7453
825
7975
5819
3170
10058
10192
9345
2004
4582
7054
7637
9028
7972
483
6644
10562
4879
3959
5240
10622
1693
9074
3604
9621
8273
6390
11267
4804
11661
6477
5756
7230
1152
10298
450
4717
11187
5436
6609
10652
363
6963
2149
7473
5858
234
4863
6267
11725
7916
7073
1327
3151
3948
11133
9752
3419
6484
3002
4100
9980
11422
1401
7798
10400
6965
6808
8988
11854
9448
5191
7627
10896
5856
10346
3078
9315
8547
9186
8561
1011
694
5886
8245
8657
9391
3474
3338
7325
9519
11498
7249
11569
2867
9381
6773
417
1299
2942
10107
8966
9281
5896
901
2663
11034
6068
1215
6344
1846
1772
7900
9032
4794
6234
8838
10123
11278
8140
4342
2263
8724
5011
6382
8907
920
5329
6580
3654
3395
4373
690
11085
10489
186
3067
9603
2845
1692
9762
741
8757
3372
8325
4675
4808
4841
10462
1822
132
10775
2948
43
10188
11383
10636
1624
399
3688
5530
4834
9729
10065
2302
8458
7355
6180
3637
11740
8846
4487
2848
8139
5837
9711
206
10855
7238
10382
1283
4450
5525
6189
9033
3603
8417
7955
6220
2058
10641
7674
8813
3746
3823
5239
10856
6196
11338
8589
1316
4733
760
708
8052
958
7431
3666
7423
9219
3208
4559
5445
11764
11515
107
869
8536
11466
6321
3058
6179
6170
9748
5413
5058
5618
8495
4878
3991
10736
4129
9037
10903
3459
3814
1564
3721
2270
10819
11479
5152
3939
318
5979
8220
9546
6833
9553
11664
149
8469
10164
9772
5286
9567
9873
287
8881
10616
125
10984
7788
8499
4233
7658
5043
1226
1230
302
8227
4238
10161
5438
8296
9853
2275
8483
3736
3892
8711
6087
484
335
8401
1008
820
3477
2967
8067
1703
5400
273
10895
11366
8909
1100
7808
3840
9453
2266
9851
2795
285
8792
5235
7733
4631
5103
8488
10292
7919
2576
10918
4134
4045
4142
7397
5165
10512
8049
6085
5841
9211
1653
4666
9419
3302
2958
1785
6171
7362
4714
3660
1642
5364
9302
10464
4275
2627
8901
10626
2234
4748
8688
11291
544
6369
3014
4383
3132
10374
2328
9986
817
10960
7759
1811
10155
10822
772
5247
4519
5937
7886
10516
7242
10333
11597
11329
7946
4136
11730
9422
1004
8142
2175
5154
6133
8072
8896
5426
10358
8371
11606
11585
11232
11156
5374
7382
2582
3127
3074
10588
1235
9070
5429
3432
4903
8694
308
10701
11134
10673
3377
7406
11702
7562
8849
6002
3717
3126
1308
1663
5566
2372
8788
4157
10509
3831
6257
3568
8580
9712
2572
1068
2977
2592
5078
2402
214
7546
5818
5447
1875
6568
3952
9459
8300
3794
2447
9950
8306
10532
2925
5130
1264
2768
4561
11888
9529
3920
6926
1687
5529
339
11646
10347
9656
7583
7349
3305
11397
371
4063
654
7354
3804
5193
9080
11524
7067
4712
9222
8578
4426
8915
1614
6119
11610
6692
2513
11446
8926
7186
11348
4687
2577
11153
8892
8995
8270
5800
4921
10738
6367
4798
7530
6076
11520
5276
6428
2698
6185
564
1245
7228
10735
2892
257
7468
1698
4877
1392
2510
2144
709
5224
11328
11721
6656
10028
8614
3498
9024
3744
3350
4285
8572
4783
3137
11828
719
10603
2420
3254
8510
1357
6957
9745
5172
994
8000
11928
10080
10655
1979
4649
182
3690
10936
9138
8750
4250
10231
10216
10194
9785
10437
3289
11893
11531
5056
11040
5519
5440
3981
9205
8592
2432
10419
899
2264
10313
2039
5655
11335
10105
655
9556
6266
6860
7307
1168
6873
7615
8118
7223
3101
2484
5230
11880
7952
2048
1290
4061
6502
6555
8036
7456
511
5809
4410
221
6536
6508
3464
10177
7090
5611
4883
8311
11007
6276
7484
8747
6132
8421
5723
6628
5605
6259
6125
4239
4280
11752
8797
858
10126
7879
6870
4364
5741
6386
8276
7894
4816
11276
3973
1765
8056
11484
6010
3578
11388
7057
1323
6937
7830
8543
10450
7685
7548
9324
8860
6629
10440
7227
642
7506
10558
4163
1427
6483
9886
9435
9316
1302
3145
7490
6222
8357
11216
1713
8160
10144
9623
906
9562
6544
5005
7491
11436
8518
2110
9671
11705
9452
9839
10122
1491
8766
8632
9737
3758
6960
11254
5893
10367
4191
3439
6485
11091
1125
6392
1270
5572
267
3154
2897
9579
7902
7801
10408
5211
7791
5622
5194
8680
4507
898
1293
359
6654
10927
5555
3157
9196
8841
6804
1728
10366
3330
463
4618
5826
7845
2022
3368
8554
5026
161
5354
2788
5415
5571
1557
3071
4132
10257
10368
1177
8642
11685
3520
5175
3839
3306
4252
8748
1337
3825
1311
10653
6982
3667
11148
11497
330
10741
651
9075
5084
6908
5153
10973
11125
10258
1514
3472
3559
5294
5534
9934
10297
4310
6811
5414
9739
8611
5482
8476
8163
9416
150
998
7448
10630
2725
2340
4123
11824
11064
9338
7389
5677
3664
6005
11704
6387
10288
5502
1854
1513
6858
10606
448
3936
6950
6089
10889
1985
2106
9011
11210
1632
10394
4093
4677
5231
6604
7356
841
1532
781
3336
8584
7836
6643
5446
10237
9005
5106
855
8180
5408
9262
5388
8776
4721
1629
7954
6659
9474
3946
9239
9735
5386
9307
5157
3713
2833
54
4432
1805
9120
5783
11850
93
10154
2064
3655
11025
6173
11054
5272
7077
6163
11417
6780
4922
7410
90
2501
9733
1984
6473
10057
11532
5956
1931
2023
4116
2415
7603
739
9716
9271
3110
6018
7963
65
3849
7102
9432
8625
3392
5295
3422
10897
8088
5565
11104
2610
9018
1234
6000
6925
8337
3707
9769
9202
7458
3142
10727
6943
10569
10011
4754
10384
5688
7890
10923
10454
10957
4633
7096
8101
8285
9479
577
3902
4036
11404
5820
3467
6500
4865
10852
11838
10879
863
5556
9965
2321
4864
4111
11198
7413
11372
5141
4768
11257
9393
5871
3854
3265
1242
10264
1510
11832
7839
5657
6777
8568
1760
2057
7736
11265
11387
9309
4179
6429
4194
4652
482
1544
4503
22
8526
8541
2876
9993
5822
4703
10713
6040
7282
1965
6848
11330
547
10389
7252
3204
8548
2028
814
7984
4084
665
4806
7979
11500
8583
2153
7884
11810
3345
6376
1396
3885
6588
4722
8182
771
6511
4118
3387
11858
10679
9282
3407
5650
7566
11927
4683
1301
2916
10166
2450
556
4636
10946
1442
3169
410
8492
11851
11306
7800
10398
7452
1347
11170
99
8852
7956
2274
663
10150
6455
11353
5694
11321
8323
7014
5733
3379
5743
2027
3927
2900
240
1371
1858
10725
4228
1218
5080
4828
10589
2987
8809
3711
6645
6437
7600
7702
5473
4417
3298
5787
4827
2412
3112
9407
6104
1288
7310
8454
7145
5795
8059
2558
8113
5324
10728
151
7111
5883
6249
7381
11376
10006
2783
9637
8816
7388
174
5303
5938
11207
11403
5126
1172
10931
4543
1531
11106
4894
6778
2641
1384
8226
11915
8367
3857
677
92
11546
8974
10932
7063
6923
7167
1439
696
2314
3326
2872
142
9566
2889
764
10480
8396
4867
3970
3674
702
1136
4801
726
9899
3533
9111
10197
9335
6751
10730
3741
10341
6841
8537
1049
4270
11221
4173
9541
11674
4019
3226
9914
3104
1179
8805
5296
10169
2533
5661
145
9397
9881
6782
9812
9394
2754
11296
6729
6815
4742
6854
8178
5757
10724
8863
3941
9337
6758
8848
2683
8709
3228
3526
5484
2080
1153
7608
9144
5180
1864
4982
7222
6736
9697
1150
10269
1774
11788
7379
113
5559
7605
10570
3490
7670
7200
9935
4212
3895
4607
7003
11456
7536
1943
1777
4481
434
7737
3911
11863
11096
8104
6381
10853
7293
5695
10163
1382
2522
5425
1950
236
3391
4889
7378
5729
5038
11784
8480
6603
866
4217
2269
3634
5946
6262
2742
6153
418
3497
8089
11598
6192
10423
4515
4155
1850
11563
444
8283
6744
10318
5499
2965
9374
6677
11562
6218
660
5548
9954
9418
10196
4662
4151
478
5462
8897
1586
9724
393
258
8696
720
746
115
7164
527
10024
10016
9868
2980
11131
4913
11744
7595
11797
5123
9225
9957
2541
7745
5271
1707
3960
4148
2330
9382
11385
9983
3492
7027
3485
6613
2254
10834
10511
5125
5474
7533
5441
8646
76
4553
1184
667
3376
2199
5683
3202
5678
4218
6896
6112
7712
3891
105
10687
7253
334
48
3579
10393
1932
3434
1842
2855
10086
7264
10956
1924
3510
9457
321
5644
1239
649
5929
903
7466
1755
9977
5753
917
8882
11102
3996
1171
10200
4820
11433
5187
4640
2583
3914
4131
4184
7602
5810
8671
4793
7153
894
986
10527
6443
8446
1091
326
3473
6996
5906
2868
5950
6514
9160
6920
1388
8814
1874
10371
1468
7488
10447
11263
3923
4592
979
4579
6066
6216
10138
5209
6138
4659
1898
2735
5044
1383
2181
4535
2109
1033
7980
1834
2371
10475
11368
4465
7485
7932
5293
1212
5804
3822
1064
6641
6901
2406
8890
2849
11584
828
2267
705
6103
3450
323
2120
1578
6512
1163
10158
476
3093
3720
1413
4715
7818
129
9247
143
10167
4274
1050
7479
10840
1412
6194
9674
4859
1430
1110
10815
1889
11485
2511
5093
63
2379
3212
4930
8873
6347
3998
4168
9531
7764
9273
6058
10034
7246
6875
11413
8725
1348
9761
9963
10493
975
5384
1433
6905
11280
5595
5570
2976
8304
8147
1941
9358
11750
11056
1207
284
5367
5759
5965
5676
7567
10710
2937
10439
2446
1080
421
6156
7553
8530
9901
1509
8869
1090
3347
4137
9089
902
3751
10455
1058
7654
3824
2031
4697
347
4192
769
5311
970
11499
11586
5047
1414
11409
9114
6035
5590
6906
11277
5420
1937
9470
213
8110
11410
4813
1086
246
7601
2326
9547
10584
1525
9539
9702
8707
3063
5255
8867
7623
3354
2747
11748
6223
6293
5904
5412
4959
10348
9261
10924
3416
10874
10490
1593
2998
5518
7983
1128
398
2419
8596
9530
7958
2666
10613
737
7109
4638
6116
885
4393
8321
10090
2709
5225
6242
1871
4514
5700
8205
3514
9756
10260
8908
6711
8934
6127
10501
7044
5975
10351
7062
9645
2763
8903
3415
7244
10456
5114
7555
9638
6148
2189
7628
6742
11698
11747
8905
9738
8738
736
3341
1600
1511
1002
299
6968
322
4741
792
6673
2636
416
949
365
11869
10864
10799
11890
993
3595
5104
1213
9995
6310
8921
1411
8794
9440
1328
6277
8629
7744
11668
676
4462
2633
3958
9404
2317
5638
4581
9872
4344
6391
1428
2182
8210
2282
1738
5928
7596
9535
7703
10217
11374
3083
7283
1455
118
3427
11271
5179
172
2158
10133
11543
11602
9485
5143
2410
1224
3091
11224
2059
4732
1572
1387
6828
1272
2866
9087
3359
6779
10968
2082
10428
11907
447
2774
8550
10800
2249
6791
1044
973
2599
2461
9272
1467
887
6630
8316
6712
8046
5238
5755
9286
4169
7499
5016
9714
6748
10095
6001
9251
8263
6930
10733
10951
3146
5071
11512
4870
5342
848
219
3129
5421
4760
3971
8756
8364
1176
2313
3766
6298
10836
11301
11432
10279
9525
8027
8743
10127
4460
4259
7619
9255
7008
3929
7
8874
2375
3280
6088
1560
2888
6577
2396
6412
2586
10001
5511
5944
4598
6843
7625
878
1296
352
7220
10422
9507
5073
951
2119
609
8424
2658
2653
11831
6663
7295
11818
8091
4588
1649
8736
8531
2767
6183
5195
1709
11266
9587
7237
10023
1983
3792
10914
6678
9750
6033
10880
2778
5334
4112
6721
3222
11622
3658
5832
1478
3558
8288
34
10355
1083
955
3258
2956
5444
11036
5796
2914
4541
340
2619
5751
7157
6064
7068
11325
5520
7120
1791
6635
4182
5433
2319
10017
6611
978
9449
11143
9509
6422
4115
3725
6491
8313
5542
7694
9808
5775
9561
10064
1881
2122
8123
2219
1801
8153
9625
9189
375
2635
8759
9133
8999
7584
9790
9501
9135
10593
6051
3546
3999
2186
3989
8174
8231
2197
11121
3117
1641
6724
10762
6237
5827
7021
6897
10816
601
2034
1352
279
10270
5301
3496
5760
5866
535
5443
9548
685
12
11094
2294
8522
5060
8133
6699
10704
5703
6850
10378
2978
4207
7580
8322
5828
10416
968
4934
7993
329
9051
8412
2053
11021
7881
662
190
1929
9477
1740
6341
927
480
8978
6364
7380
7861
11647
5323
2589
3018
9570
10305
4206
7929
3373
8225
4117
761
494
8987
548
6028
7342
9415
4438
4750
5487
3060
2661
2617
10335
7017
10731
7715
5336
4429
4710
6336
10262
11658
10597
11393
10143
4047
7150
8093
5086
386
605
11299
5930
9642
5816
2719
8815
1786
7440
1096
4263
11173
11757
11394
1194
4940
6015
9325
8683
7767
8866
5124
4705
9347
1060
7357
9719
2271
10030
1737
6829
5031
9953
8854
11370
6190
3037
9362
8811
7814
7377
3947
674
9436
11258
2808
1712
5632
6886
1838
10740
2697
2117
8679
294
6558
10623
10153
6977
1520
2543
8122
1241
3218
9424
8394
9119
10289
1935
6095
6150
10149
2427
581
4367
10868
11116
2979
950
738
1211
7026
1386
10982
2443
2177
10495
6389
11183
3437
2292
2411
3644
7421
9892
8534
1109
11517
3754
3855
1674
10716
7846
7126
11626
2640
4774
1507
6837
1701
10472
5889
8569
9329
9165
499
5216
8319
8117
8660
985
2838
5808
9413
6807
1280
3543
8500
981
10247
3663
2487
5399
11743
2591
2198
9475
138
754
3871
2753
39
5475
10577
9052
11618
6436
9905
1592
9906
941
11508
10453
2516
10285
3225
509
9715
7565
8703
1681
5151
11909
1543
5639
7561
8478
4971
967
9047
3684
11038
4027
818
7081
10402
7441
8670
1188
10747
4998
6158
10961
6049
3370
839
10748
3685
6705
9445
8785
7320
587
3251
1373
2118
9511
10170
10839
3531
3872
4875
10739
1141
9593
3304
5041
11261
8158
9692
11809
4308
1809
1899
9707
7194
8602
8020
10363
176
6948
2213
6652
6715
3832
2704
4758
11648
1831
2739
3549
2509
4803
5198
6636
1056
8470
9585
6149
8877
2613
10457
5547
2721
5970
8026
6790
2440
1164
10054
4857
7995
2784
3012
3646
8730
6281
7563
11847
11250
11477
7940
2905
4854
2911
3511
8390
1034
6251
1852
6423
10769
6093
10306
1988
802
9771
7025
394
6969
5017
2474
11555
2904
6055
8044
8240
5063
11004
1297
6517
10723
3309
9595
671
5689
10463
7571
4680
2331
4075
1819
8229
3652
3945
4929
8075
8752
180
9840
259
9209
5563
3205
4456
1767
7053
6980
5120
2673
2779
830
8916
3956
11769
3284
1961
4477
8219
5308
1987
7743
11340
3669
3279
108
7650
8509
9387
1770
6410
9575
8840
4924
10750
215
7524
6258
10274
7990
6816
9195
8315
2512
5583
1644
3813
5108
4899
10921
4978
466
6836
9818
10204
10983
9230
9894
9774
6584
9044
8521
960
4022
8005
10780
8039
3491
7508
2844
9988
7287
11168
2650
4557
4624
5207
10978
6653
8157
4759
11917
4177
1267
1825
4478
2136
2380
5685
9576
11697
5971
7725
9148
9701
8472
9971
4325
11178
8258
11527
6404
1948
6248
8127
6312
2466
2601
11573
7912
11713
3378
3994
2645
6240
11920
5297
9551
9373
3004
717
4908
19
10021
1063
8388
8335
2826
2366
8608
1047
5023
749
2065
8413
4726
6229
11463
2715
2204
6528
2693
8076
3829
7624
