5272
5495
10395
849
5869
6398
3228
9417
2696
9528
2095
6258
7955
2493
10942
4895
8681
6097
6987
10493
5542
5496
3835
8811
3804
4872
10518
3965
3782
2829
899
2049
2779
676
5864
7563
1417
6691
9728
5714
1910
5999
5905
2325
1648
9801
6594
11065
7046
11304
5381
5637
3198
5517
9231
4326
10058
6853
6613
7467
11280
2556
7430
2818
1152
4323
3776
1972
3908
10981
9533
842
11651
3650
5974
3820
3046
1389
5238
5575
6583
3811
7640
890
1535
2942
102
9986
2196
11836
5649
1139
3470
8686
3484
416
3968
43
4518
2198
6405
7610
11334
485
5907
1263
1066
4806
9147
8923
10452
8971
4803
1637
1538
8184
1398
8791
10006
11596
3863
585
11000
11911
11620
7931
8743
2666
1372
11248
5657
1704
2250
4136
10199
1433
245
1667
2216
3000
2451
3245
6885
8897
7309
10474
5931
1442
643
9661
1753
1764
4170
667
717
4300
4081
1794
1591
4197
9249
10654
423
10677
8659
3711
5219
699
19
145
9730
9685
6142
10153
10296
9601
11141
5727
7296
2371
2412
10847
11423
7304
8929
3086
11718
2949
3750
11066
4066
6521
10240
7700
7654
4116
3827
7922
11486
9326
1962
11609
8772
4608
3040
5586
1849
11801
4412
11101
7116
4252
10245
2348
1887
10194
8444
3104
31
8958
3732
9519
5979
9047
10694
10152
6383
11626
7947
8454
10943
10725
2822
363
4915
10130
8168
10525
5717
1580
7186
5362
4169
11328
6730
8662
4228
11826
8089
3232
11056
5468
1722
2835
11037
5352
8942
3365
4368
1373
4604
3283
11678
5950
2580
1156
669
8251
7036
188
7666
5802
5550
8976
237
10363
4870
1483
4691
7662
5978
4264
6151
11084
3971
3448
9815
3076
3966
6040
3785
9027
5506
1402
761
112
8180
6457
3950
5201
7057
11480
11533
10846
6215
1823
6284
10477
2251
4100
2892
7768
2647
11419
3077
11197
2574
2497
3501
1633
1891
1966
6280
8534
1033
7825
9536
5457
8936
8333
7102
7581
11044
6394
5467
5816
10969
4651
2741
9605
11537
5045
452
7448
8410
1348
8612
4378
8259
992
2418
10352
6808
561
11788
6727
976
6392
9875
827
7127
9314
7969
8123
7729
1195
9181
2129
5222
5356
657
7487
8860
9030
6068
2644
10175
530
4997
2955
1135
9106
556
1692
3510
5592
7385
4021
6540
7787
7736
11907
8687
6947
2038
2438
11393
3216
4303
6614
932
803
3797
4344
552
11342
1784
5612
1270
8935
2749
6680
6395
4401
3698
2944
6278
5061
2549
3260
1206
6196
5702
9581
1248
10135
11782
7773
928
5857
10820
11732
2825
5919
9406
5031
6074
6795
10144
6000
6341
7956
5314
11012
1671
7103
10804
4568
2572
5101
4564
424
5770
6743
1846
11015
10444
5860
10680
991
8027
6018
3955
1362
9450
9833
2457
1930
5350
6134
2271
10713
8728
2415
2017
2355
5182
290
6568
5404
7454
11898
6167
11659
10938
4223
752
248
2380
6252
11190
5914
8228
9443
8664
11779
5109
6365
5808
5005
6865
2511
3577
4555
9052
3693
2513
4617
5128
8646
6513
8596
10141
6971
777
11327
9583
8844
2595
4629
10213
3158
9304
10797
3239
6767
5643
10336
2882
4424
11783
7835
5691
11326
10193
4570
11867
10400
4006
10504
10461
1643
9959
263
2220
10311
1035
9675
1129
3545
9060
647
3149
4694
730
8792
9540
2031
2903
6818
8
1057
1359
7466
3107
9866
7547
8102
5736
1272
4124
2448
8126
5086
7951
213
905
6997
6429
615
11363
11602
8817
7530
4114
8988
10784
941
5645
9617
3522
6486
2890
6317
491
4422
9205
8867
10355
2704
4978
71
1881
11375
1249
4049
7892
4831
7861
4499
2454
11906
3539
5868
11249
9276
1054
1677
10324
5604
4330
5055
235
9219
11582
348
1647
9660
580
7015
8306
8529
2020
4236
4402
3135
3378
10897
7459
7055
1253
3769
8806
933
1128
3334
6460
748
11306
1766
9969
11005
9491
5218
2326
7686
1880
8928
8394
11694
2016
1922
5466
625
7247
7006
2305
11837
124
7568
3755
11198
10858
7802
1689
4906
7288
11316
11136
3922
7223
85
3759
3977
5817
2063
11769
6277
8720
5609
9470
1971
9991
9884
1519
9208
4859
6444
4755
10546
10226
8287
6210
4181
8682
5245
6005
6639
5254
11168
8285
2612
10941
6700
10934
9312
1459
4130
6978
1157
7322
1935
6314
3466
223
4150
7717
8974
11831
3956
4631
8578
5886
9511
1819
3999
6960
8079
7093
6716
6804
8784
3525
3801
1746
2130
2889
7163
1900
5476
10401
5985
10056
9786
2713
2125
3291
10005
172
61
5265
2673
1036
6305
2026
272
11406
2480
77
4954
791
11477
4029
2085
1831
1718
11580
2134
2755
7786
9842
6503
4337
11743
10874
2296
1370
10384
2193
10081
8641
457
10073
1116
4080
10977
11144
4736
5287
2590
5259
2773
6990
2512
2950
11713
7107
3050
6096
2067
8594
1554
5940
8062
7557
10278
9133
57
9949
1247
5780
7675
10853
6124
7562
4795
2494
5796
2876
1307
2956
6507
9881
11912
9199
8998
7458
5459
1190
5671
8183
264
11194
4917
9474
2663
2599
4808
6681
9580
8009
6739
5957
1460
8856
6715
4935
1063
1575
9222
7178
9021
8396
5937
11399
10479
6075
4048
366
11301
2106
10959
1441
3493
9362
3253
4809
6794
4747
7577
1330
6569
7256
10636
1040
4387
1342
8956
2623
2887
2809
8379
4787
8573
6435
7990
4860
1587
8857
6749
4430
745
414
7889
3072
5092
3725
1953
9318
9894
2566
9008
10510
5111
1458
5576
1023
801
3570
3413
9808
1176
4813
8864
2144
7250
8854
3567
6624
4961
2319
11340
7335
3919
5262
545
9067
2845
3593
4561
7895
6083
7582
1162
10251
5734
2717
9160
6351
8672
3010
6864
6628
5202
1509
9103
2596
11675
8540
10538
2265
5108
2186
8392
8992
2700
11283
10827
1948
529
11240
3663
10746
9578
1822
3855
8377
1981
8262
9619
7235
6052
11128
8057
4667
9113
299
10886
251
1542
7644
2664
731
7901
2559
5737
5920
6299
10469
10483
512
3296
6001
629
2424
739
10388
665
2088
7287
600
9166
9143
72
7507
5701
6552
10405
2391
1747
8741
1419
11043
2875
3972
6438
1827
9641
6368
9149
1574
10105
6014
10765
3727
1754
1086
3308
11726
3907
7533
109
8074
8342
2632
3177
4193
962
7343
4874
139
10711
1029
3881
48
2478
1790
1108
7798
8809
7318
1082
10951
3575
364
11891
8420
4163
9134
5309
1105
3745
6033
3065
5638
6017
10946
7622
1627
2757
3430
9550
10055
330
498
11525
8732
4534
1944
9146
9864
5490
6886
1191
9239
10114
8636
555
4493
11888
5887
8883
4209
6229
4417
7470
10179
783
6546
2591
11336
135
11676
11539
1409
6685
5089
5815
10470
9374
8552
7134
4883
3117
1646
4685
5204
9452
6326
1078
11109
11551
2136
11355
6937
1238
1192
9004
11919
1702
3514
10798
6101
119
4966
11289
3547
3604
9457
2550
680
10845
5460
6112
11268
9983
1759
5559
9509
1744
435
4557
7807
6237
6081
8915
3591
267
11138
2739
1976
3641
4028
4069
10738
10246
1986
11513
10681
9948
3911
4414
8340
2583
1645
11398
10692
6171
6165
2434
8765
4539
10836
4234
11566
1420
9628
3538
10545
814
10879
5333
4079
1566
8459
11557
9158
4248
5776
9654
3474
7308
5710
1946
8036
8734
938
4660
218
3405
249
6445
7350
10753
8351
11668
2237
1257
4118
3683
691
11816
405
5897
9622
11178
198
3123
7916
9524
5626
5246
1824
2869
603
11432
5009
2768
8388
8230
5027
11224
9915
10417
2830
4457
37
6797
6544
9567
5390
5087
1741
7128
2222
10550
4602
6279
8363
9999
8943
7088
8457
4145
4460
4441
3236
8952
8558
1967
837
6042
579
2209
6581
431
2390
5512
6407
7400
8326
7788
177
9570
3399
10157
20
5168
2896
422
1075
2611
2728
1940
3773
7993
11502
8275
11775
1974
5894
6692
3427
5555
10088
2816
11269
7682
6518
4404
3409
10916
5069
10551
1947
7190
9185
7777
11613
11183
1911
5240
3581
5412
816
11594
4672
1529
10277
7240
3975
8380
2000
371
3601
4463
11776
7917
2140
5656
6344
2789
4589
7375
9038
6126
830
5982
4753
10104
11061
8798
1685
9307
3374
1767
5910
2070
5420
404
6006
8321
8724
943
2092
7710
8879
9023
1968
9037
2376
3328
4015
8221
5877
5186
5768
8658
9735
632
3697
10583
3784
738
10117
4613
368
10321
5692
9598
3592
10958
3812
11650
2117
5990
3873
5165
5369
1773
9663
8813
8469
2301
6032
856
10100
1321
584
3047
2273
4894
5180
4288
1882
5302
5184
10530
2425
5388
11451
7687
4739
2189
7078
314
11029
6648
2808
5853
10592
3945
11914
11303
1384
1668
46
10888
10332
6136
8210
10828
1476
7203
8689
8150
10962
4307
6135
8437
4891
5767
3250
5554
1893
1457
3832
3151
83
10764
11699
2571
8814
6862
4462
11166
1606
11405
6881
2075
1317
11632
7243
6915
6762
5571
5557
10829
8440
513
10169
9055
9093
2821
7323
402
2368
3469
2624
9102
8644
9156
7373
5980
6955
5105
6923
7519
8656
195
3551
6922
425
11851
2018
7354
3333
5437
9713
2179
6950
7383
273
4671
6786
9765
6920
3142
1808
2937
9814
6205
4372
4788
5885
8800
8795
11235
8812
3124
1335
7300
1659
1145
9719
11250
3806
2114
8192
2423
5361
11893
2333
10468
11370
1185
6754
6834
10795
811
8411
7551
8962
9111
10112
8913
10849
1611
333
8816
6519
11697
8615
10999
8070
5724
118
4498
3783
3913
3385
3067
2669
1567
1902
2569
1285
2841
11487
5562
2926
7125
5195
6147
4128
4222
9100
5235
6801
4122
11932
11811
7720
2655
10041
9961
5606
2916
1365
8095
9214
8906
5036
9637
4621
793
189
11
2862
1710
6397
7684
4176
565
8717
11147
5799
3187
6525
7388
5379
6058
3366
2986
2053
10366
2131
970
6382
3893
4419
51
931
5636
9997
8524
10172
8278
9463
8389
10831
8176
430
11388
7899
9376
7573
11108
11205
1515
2820
4521
354
9705
1788
6627
6489
10641
1106
2764
6664
10132
2178
6835
679
2065
8088
11489
3318
3818
2257
469
4338
7395
2763
6554
10072
11016
8614
4298
5515
8571
537
9564
985
1004
10408
8077
11023
2467
9817
1927
8733
8894
3862
11624
4266
8145
5414
4619
9098
5787
7850
7521
10563
152
4216
6530
5234
10070
8013
9751
7294
10733
6776
6938
3199
9609
10878
5217
7903
4980
2946
8161
9838
10492
4201
10901
8331
436
3141
2175
796
8620
6412
5175
1610
2553
9974
2770
8989
5848
9587
9621
8655
8468
2204
6019
461
551
7003
9408
8056
14
6079
2097
7164
9582
5163
8018
3520
10460
1928
7857
9236
8910
105
26
6238
4478
9415
9996
1218
1301
361
4195
8726
11500
488
6037
523
9521
8193
7396
6676
7636
3662
10204
3196
5169
5328
11923
4287
10788
1207
1210
7827
5968
4428
11003
9293
787
6393
6455
5947
3438
1835
1533
2917
7123
3546
11149
3925
3301
769
9346
3512
6903
4120
9590
9729
5269
2346
2804
749
415
3220
4565
7524
3704
7638
9088
8022
1015
7596
11657
6244
11595
6427
10066
10185
9722
9230
4688
3031
5346
11157
9818
11617
9078
3840
4854
357
1699
10421
2668
10705
8886
9268
3856
1905
747
73
6686
3616
8754
11883
586
1842
389
7617
7201
5301
2446
2715
11682
1165
8608
5740
2083
4618
8957
4800
4051
8995
11121
10059
9005
8162
5709
8033
5725
1308
7649
11243
7938
8024
1853
3558
11120
3967
11598
9207
6533
451
6541
3458
11738
8831
6880
3115
2393
11004
4701
9354
5760
9614
4724
6488
2826
8488
7548
3519
8439
3676
5316
10314
4156
757
6906
8429
3390
7156
6896
8785
9656
11358
988
7896
1271
734
6208
6076
7147
2190
5884
4584
6689
4060
5164
11081
388
10455
3532
10360
5312
5706
3775
9058
3262
9051
8407
219
382
9129
7120
4798
857
9254
9018
5533
4174
4958
6003
10489
4945
1391
2071
6256
1032
4559
4057
3339
6582
110
3147
5396
10301
7037
8865
1319
6611
10327
4443
666
6877
8336
4262
2399
9197
2967
4979
8555
6536
136
7056
11810
9960
4898
1726
5844
7837
5944
9279
4547
6077
10918
8489
9558
10129
5969
3130
3718
5723
5422
7083
1226
8433
2163
4829
2183
1273
3684
3242
6363
10334
2382
984
8463
5900
6930
8760
8778
4191
8211
3600
6907
3447
2177
2104
8927
3101
2989
4953
2171
11434
5518
1909
7733
7251
9130
9161
3471
2795
7279
2244
2735
8550
8173
3906
5889
10675
8509
3449
11160
4385
4785
5090
4924
7814
10657
11095
4757
5065
159
5194
7374
3100
5078
4125
5661
11150
9429
4849
6910
2059
7713
11448
742
5548
3929
2096
10695
7054
4648
5789
2710
3844
1215
9627
925
2369
8521
843
10283
8868
6893
6036
11361
6969
4792
6030
7613
9613
120
4786
7935
11137
2278
4899
11589
11706
10747
5793
5582
9696
11002
6493
10102
10098
11276
1733
3131
10793
11047
9759
5166
2953
8924
9922
6013
11078
11171
2089
4605
3584
2640
8518
6240
5830
11390
8041
5902
11264
7728
2947
930
11094
11895
1212
10743
11440
9753
1840
5192
2410
2019
7139
6650
786
1405
8574
336
8695
7106
1578
9855
7048
5642
176
1048
549
1527
3194
11039
2090
154
1676
4087
1354
8065
11426
47
10080
6616
175
668
7369
8626
9586
3585
2694
2299
4892
9697
434
2621
7558
9
948
3605
1030
9634
8307
7451
6941
6882
4121
3271
7721
6358
2314
5102
450
3005
7324
2865
6654
6604
8869
3770
7863
10624
9678
3778
8423
6403
10026
6817
5873
3996
8668
7550
4253
8271
4627
2043
7948
8716
10895
10359
4250
8414
5525
2462
9724
2796
11354
1067
9835
8026
7331
11748
4469
1783
7133
1500
3895
693
6802
10238
700
443
1701
11700
10876
2148
11397
10917
967
10669
8949
5794
6527
11829
5378
3589
8265
1914
6454
7890
459
6846
3500
575
7780
3932
7155
5236
768
9177
6285
4752
4159
1735
2940
10290
903
2495
6868
10683
7795
10626
29
5322
9650
3217
1742
5052
840
9534
2936
640
2215
4514
6822
9414
3169
9017
5429
2509
1896
10651
1830
2524
3234
10134
392
9169
11646
1216
7330
6657
4034
6158
7320
929
375
4957
238
10207
1018
649
10835
1621
6741
8099
4263
6996
11312
3118
8919
6149
10629
2724
7497
10612
7645
5053
5850
11254
5895
1558
2752
8197
10205
7575
8432
6157
9572
876
1836
7605
9275
4382
6529
8546
1654
6116
6089
8383
662
7653
2054
7885
1090
379
11433
10161
3870
6659
1122
4574
5491
2929
975
11931
735
8240
67
10122
2994
10908
8526
4730
4360
6551
3516
7131
5647
8829
10823
6608
6072
6376
6873
8930
4127
11232
2013
3982
7012
6113
1571
11823
2226
1998
10233
5942
5010
8595
9537
7260
6321
5185
10889
2847
5721
8355
341
8005
3140
329
10222
239
9336
492
1933
10034
7703
4037
10413
10572
3909
4711
5167
5786
4455
10998
5191
8773
11865
7368
9869
165
2210
4616
10842
9623
10736
11286
7968
2352
1205
7024
3402
90
7394
6069
6104
8824
2430
6464
7391
8373
8861
306
5912
3226
3838
7218
8786
1073
8617
10967
5930
1762
7879
3058
8147
10269
4923
125
542
9702
1644
10945
6152
1545
5769
8320
4278
7792
7677
10008
993
9290
9502
9036
3190
2522
8729
8000
5225
9907
6348
9655
10553
8071
10022
4075
4371
5908
5659
10089
10445
9378
1250
2941
10367
11181
6389
4718
5809
1028
1450
7630
4388
5549
7301
9034
7746
11187
2255
2720
10464
11034
7185
11520
9306
5142
8225
9480
7847
2923
8710
7130
7345
8556
3172
3976
6084
8862
8873
9298
8542
1703
11853
8253
2555
9087
8723
765
2115
5260
6803
106
11018
3460
3329
11362
1142
5705
2141
9904
10519
2284
923
9783
1873
1101
9785
6799
5416
9667
4311
514
9367
3383
1691
7187
9351
7257
455
9535
9689
8069
11889
5377
2288
10780
322
4109
4686
10523
11041
3695
888
3020
737
7957
6160
6574
8308
7898
7371
4968
8297
3061
8714
772
5253
3108
4483
3969
7927
5012
3341
3658
11860
4882
11218
3080
3973
1498
8972
1211
526
2683
4670
1531
8137
736
10030
10230
10987
4375
2997
11379
9285
2302
4927
9556
6478
3582
7476
10137
3286
6538
4464
3434
3465
4794
4316
9909
1549
2961
11223
3791
1209
6746
6355
3686
651
11578
11456
8512
3928
5279
8548
11010
1193
11509
8455
9594
11758
7583
3389
3974
4016
11838
9796
2508
6057
885
5680
4084
8273
9468
6645
468
7017
100
9827
4661
7505
2258
4390
8535
4999
10110
7929
6320
7305
5597
11604
1955
9202
6034
4472
65
6433
6559
5471
2868
8996
1636
9933
9045
9497
9553
11839
2214
11606
5342
5753
9042
4242
2691
160
6763
7723
8801
11421
7168
4204
2051
4543
3854
6511
9224
8891
7100
6847
3240
4296
8073
9301
7281
10724
3808
11272
308
4152
6461
5698
1445
2243
5438
8902
1886
7013
3764
274
1797
10609
795
8277
6298
5141
6588
4665
10805
11236
2116
5273
8266
8196
6545
9016
8776
4299
11162
204
9595
11868
10617
5810
8565
3218
6939
4981
10512
5340
2807
4148
6123
999
4936
10280
1789
11396
4839
825
3673
2846
645
9507
11229
10168
11208
607
5376
9828
10462
6109
9554
10187
1378
5000
4826
6007
2357
2217
10439
10339
8628
8408
6994
11878
4182
8533
6599
3552
4934
10383
6693
4987
8819
10133
9943
4704
11341
753
9700
6758
2824
6419
331
8712
1111
3310
3397
5441
5878
3580
5462
2859
10018
10192
11800
6524
7071
4545
6297
3018
2943
9825
2392
5675
6874
6641
9377
10427
7659
11172
6952
11256
10023
3596
10378
3254
3694
1720
10548
5359
7025
2737
11656
11873
9551
2733
380
2861
3717
6948
9467
4309
5415
9589
4107
8839
7482
5934
4212
9945
11900
7433
6662
11112
3754
4971
11189
7676
6839
6440
3724
1377
954
602
10850
760
5904
293
8244
11219
3573
8769
335
2366
10936
3264
1428
6660
11622
2776
2452
9777
2689
9874
9544
1970
4394
10560
3499
10664
7216
6500
2858
8907
4593
10884
8097
9050
2373
6678
1492
8234
9273
6045
2634
10107
6090
10259
5625
4725
2353
2535
10184
7987
4281
1796
9011
5448
7026
1832
8832
10012
3963
214
536
7306
2628
9453
6921
5739
9095
10182
6851
3887
1336
6629
1382
3439
6549
6575
5644
11584
9803
7249
4325
5115
5305
2006
7129
8572
5863
7061
11203
1233
11417
8981
10799
114
9806
6687
7261
3633
1361
5483
3152
4841
8805
525
8063
6492
10726
2413
8532
3506
11693
2347
7233
8986
2927
3215
6832
8406
11073
5883
501
10329
7615
7508
10214
9727
3357
1404
10588
10097
9097
7862
11089
3758
9151
7435
1775
6396
7534
4063
6339
2907
11719
6056
10121
8243
8631
3214
3312
926
3715
1779
8195
5452
1768
4379
92
243
5729
1995
4383
9104
11461
5458
8477
4596
5685
1187
9916
861
9144
3323
1164
10515
2317
3792
2897
3517
9547
3303
4059
6380
7031
1053
6926
767
4050
5852
4922
5263
11674
9968
1864
4117
1493
10308
5492
5424
2313
9579
6369
2933
2938
3746
5754
4634
4764
4392
9083
8948
400
9357
4673
3978
2431
3224
3845
4291
8843
2902
3858
595
6942
2968
2515
3762
824
3213
11745
2793
3416
5564
7207
5443
7522
6860
10616
2585
2487
4285
10688
1224
2285
9319
1208
969
7853
1553
9831
5187
5814
3774
10689
2195
5041
1242
1020
697
7836
10223
10715
5986
981
4485
6463
8107
11591
10547
3507
2620
1739
10285
877
8698
1675
7367
7410
2978
9870
1504
1705
442
2483
4429
11817
10930
5543
2727
3175
3305
4090
6932
1858
1786
7347
5375
624
1750
2729
3038
724
4141
2080
9013
10686
5728
7126
8675
8399
9839
11862
6441
9636
3288
4977
5591
596
11060
6610
620
4165
401
465
11619
2836
11281
3055
8876
4054
2363
1885
7372
6946
2050
5662
8918
42
2239
11294
9212
10516
8968
5842
10331
2523
6131
5079
2714
2500
2081
4045
7953
1315
11288
8559
163
502
11242
5444
3511
1345
11634
8002
5148
4850
8950
8404
8475
8215
6434
945
5658
10062
979
3219
10838
269
2040
11612
1323
6413
3705
10160
8381
7602
4607
1110
9836
6265
9372
10980
6745
11311
2269
5161
7437
10014
2893
10076
6251
4668
6425
10939
4928
9523
2905
2799
6718
8293
1411
186
2076
1936
7427
10722
6359
1738
3398
1923
4727
3738
1638
11925
6505
9373
1485
11188
5752
2918
11647
8613
9741
7227
2169
1724
3744
6884
5688
7887
6261
2086
11317
720
2888
10323
10598
3171
10789
7852
1932
6332
7238
2011
3479
3083
11905
1603
3688
5633
9892
5
10773
10109
2093
10802
9739
1626
987
1518
1807
294
9738
6816
3021
1217
8591
2531
1804
1431
7669
5146
11670
10505
4910
8642
7614
11510
704
1892
4096
10682
1709
2873
6720
2982
740
3766
8925
664
8141
968
9389
886
5747
9794
671
2679
4010
11152
9116
3204
5478
6543
11253
23
5670
621
4149
3425
11068
782
9209
133
7647
3885
1894
5189
7748
1397
10527
11559
8783
5703
982
3903
4492
8001
10042
359
5220
7648
3019
7978
4525
4427
2912
9325
9476
11625
22
5578
9383
10590
848
10955
2032
663
10480
8889
2810
11920
5621
744
5255
3805
9316
41
10365
7221
1168
9671
9503
1392
4918
3063
3871
2777
7302
8345
11173
6640
3388
351
10386
9633
5313
1958
3114
10611
7685
9662
33
2750
9064
10573
9995
1094
1440
1952
10202
11097
2046
3180
5177
4132
9365
5926
9525
4990
11391
6336
10885
7900
5893
4244
8747
5553
719
822
3105
3004
6825
4766
11321
11314
2798
6487
5735
4086
613
7154
6761
3664
9868
10494
7355
8448
385
1396
4908
10432
11079
5607
4669
1743
3789
6223
6373
7815
2589
11293
6286
8003
1872
7642
3088
3007
7510
9499
9176
1475
2154
9863
7543
4355
10891
3597
5070
8367
2584
8909
9879
10594
4091
4465
8598
1674
1282
8356
5275
6386
9763
605
8639
4601
4040
3889
6418
7153
1244
6602
11574
9124
8121
4339
8461
3709
6954
6162
6821
6340
6875
5398
5384
128
10539
3174
2745
10065
6909
155
8451
8217
2199
5524
3027
11564
2328
6858
10741
9677
227
5676
9692
5252
6469
9921
2037
7192
5206
7376
8882
1800
7875
7390
6367
234
2853
531
7109
574
483
10812
5516
79
8374
6936
11296
6824
2699
9001
5488
8680
1241
1161
1516
6780
5712
8531
8128
8810
6644
8898
8040
7114
230
4286
3553
6547
1729
1556
10953
4396
1443
7637
3054
1234
4706
460
5028
11154
2121
5207
881
10268
7549
6772
8519
2502
725
6411
1364
3426
1
9294
2052
291
2788
3927
6366
4965
11918
2303
8597
3667
2631
161
6870
4969
2562
9688
11821
4367
11471
4964
1920
654
1167
9323
3568
3150
10387
4321
9405
11082
3571
10138
9768
7424
2362
4562
9946
5500
9721
281
4847
8495
9858
8609
10732
9084
5523
10074
10839
6421
11470
8491
2473
8640
1482
11329
5923
10147
4931
4123
8987
7421
8300
4273
2932
7598
3436
7831
4527
9424
504
2852
7340
6935
9152
11133
1069
2192
3422
7809
4690
9819
11652
1055
6584
421
268
25
10127
1583
2360
11126
10263
5803
10167
5056
206
8311
2695
4381
9891
3692
2537
3325
11704
5431
6153
8651
162
9310
2295
2264
7604
2375
6059
1901
3488
8186
3307
3412
1303
10779
7514
8375
7994
10778
3594
10986
6811
6561
3916
8384
3231
3382
6738
5949
1414
3094
7516
11335
3034
11630
5014
8066
6266
7848
6178
1989
5640
4583
7928
6184
8305
6300
7881
8503
5249
9632
6522
1065
429
4720
11307
393
11302
3656
11661
2582
7229
5026
617
4769
8172
8705
1961
7080
8855
2920
6439
9029
2627
3957
2606
6163
4154
8851
4238
11561
10450
2921
8343
9253
4774
1491
6512
1727
7855
5395
5228
5058
10162
11449
497
5667
4004
2517
11070
3980
5306
10270
13
11768
3739
4166
6168
9441
9311
1925
5560
10165
10769
115
2225
1393
7796
11730
1926
3002
6963
9019
532
8182
9126
10813
809
7030
1844
6319
7141
1867
261
10203
11030
524
7566
11308
7945
634
2139
24
4052
3044
1756
7772
3106
9096
5832
4078
4863
3665
10830
11856
741
1246
3097
8702
5788
732
4301
5155
11752
4155
6840
4836
6586
708
6752
2935
10173
11560
6898
8108
1295
11300
1466
1236
8112
9526
4876
7089
3787
7360
1182
9015
7072
4598
5943
4235
1639
7761
10577
10817
5442
1868
7756
5997
11735
2605
1245
11638
1387
1446
383
1410
9706
11442
9291
9381
6482
5568
8545
2385
4541
5048
3433
11673
9527
10015
5336
1951
3629
869
6207
1495
7069
578
9315
5668
11927
4825
6301
5386
6934
9482
8156
3757
598
6550
208
2608
2174
7438
7511
1608
2962
919
7148
8368
7523
11691
3212
3235
8600
11740
3209
11465
2963
10349
7412
9992
9399
7399
1041
5731
5232
8846
9967
1713
10965
7270
5953
3252
3933
7553
4905
11474
8947
1839
875
300
6912
9911
8418
10937
3237
9464
10507
1447
11666
7329
9355
6962
1543
8171
2354
8777
2718
11014
7073
9390
7110
8984
9162
3987
3128
169
4348
10514
891
2311
10371
7293
5711
6415
750
5995
9225
520
4952
1309
2157
9459
863
3753
5365
10353
6103
8782
1076
723
10665
10155
10648
4940
10293
8288
3344
4203
3116
11848
10440
11420
4362
11728
2753
2128
7812
2653
4333
590
9937
9888
658
3057
6133
7701
10092
2616
7691
838
5687
616
1865
2213
6805
7188
1051
8875
5266
1219
10219
2959
506
3489
4474
11245
10875
9962
2687
6216
5494
8701
2637
1943
7830
8174
10818
6192
9693
4489
1166
7781
7517
4215
4554
5267
10673
9402
3126
3159
8352
8110
10709
11640
7418
1046
8460
7460
10601
3420
9823
4479
8506
5987
4641
9596
3407
2276
10410
10972
11206
3483
2004
1745
285
3372
4113
10992
1879
7913
1198
10950
9912
8939
4567
3752
320
10083
6329
6311
3266
6806
9804
1429
9379
5779
2931
4018
4001
8841
3958
2811
3700
7299
10482
8272
5011
1104
11395
920
9237
10815
10441
11104
11270
11436
3940
4352
9170
448
8038
7446
5436
10374
4707
4702
7222
1829
1514
7152
8361
4053
11163
6560
6362
3830
1994
11869
1903
1107
11345
780
2775
6222
8945
7828
8753
2791
5176
4297
4306
5835
1889
9472
2834
7143
2463
6515
3441
250
4733
11033
3346
7491
3622
901
11118
9108
9505
255
356
277
1821
7049
6325
1693
576
1532
8850
6227
3621
7144
5368
8580
7342
9257
8235
5040
6951
6495
2525
7841
10503
11568
5646
4638
8893
2792
1068
8731
1957
1496
5534
1175
1426
6593
10350
9748
4407
10358
11882
5708
6011
4655
9148
10376
562
4896
3272
2781
9380
4055
8887
2769
6642
11299
247
10075
1127
4916
8888
167
9760
3502
8592
6080
4256
7608
1755
784
10218
10906
9699
5909
695
4257
4880
3265
7826
3371
6024
10235
10265
713
7732
8255
11546
2359
4664
174
6370
11225
8538
7894
44
1286
8610
2143
9557
10653
4537
11524
1340
4328
4320
7979
6496
1581
6713
728
6977
8314
3361
10019
144
6809
5034
5928
5324
8236
8127
4354
11729
11022
936
5157
3446
6381
2435
593
10867
5966
7495
4254
9734
9490
1376
4834
11708
8881
10761
4913
8337
10662
4914
10243
8735
3983
11649
5819
7942
7763
8458
7386
11233
6878
2662
7821
10228
8522
3588
2025
6053
5088
4243
1470
6046
633
2437
372
52
11119
9344
2082
9837
11662
5017
4106
3035
3293
7918
11195
5084
8606
1536
28
9308
328
4857
1455
2908
6871
4175
209
5307
3013
7426
6465
8014
3930
6706
10756
6199
1717
2652
661
5153
8131
7440
8621
10177
879
4901
9822
9849
10442
7346
3763
3041
802
7284
591
509
3878
3444
10438
10809
8226
788
11125
4676
3590
2801
3060
5341
7930
4773
8994
10844
6744
8199
6764
1688
8227
6260
1305
5233
6242
10396
9303
240
7044
1112
7196
7475
1351
3030
2091
2491
1154
3537
8830
10524
9363
5831
2297
9931
3923
7105
9445
2394
4592
7871
3857
9885
376
4221
9740
6283
5697
2561
589
8390
2308
7461
2433
369
9091
7445
2108
11446
9218
4947
10151
2643
11517
4505
8562
11275
6597
6106
5761
726
9026
8759
9269
646
4595
9313
4754
853
5261
9917
6968
3045
4292
6815
9409
9125
874
11928
2124
3298
11567
8842
2055
1124
9707
7753
6257
2914
11667
10781
4983
184
557
5106
7882
9973
10740
7731
6082
6904
4085
8401
9327
2965
5174
6217
5347
8834
7525
6350
9109
10099
2636
5461
5024
10730
9758
8840
7018
1406
6349
10762
4768
4640
16
3472
5082
2012
7797
9451
4345
2218
9234
11777
5389
8133
6879
9492
3679
8969
477
1254
7504
2482
2486
10663
7629
864
2864
5435
7860
4811
6684
3800
2851
7910
1985
8781
3985
8937
10532
4828
7982
3014
11048
487
381
5160
10811
9952
3017
3892
9618
6976
8450
8393
8322
3875
150
2280
6316
2615
10385
4538
10317
9658
8484
10433
289
7818
6953
1341
510
10988
688
9295
3574
2726
3275
6855
11410
10298
8258
3993
11462
8434
10751
3572
3714
2872
9684
9439
9368
8344
3931
8349
5193
3074
8242
4211
5295
4759
8160
1964
3991
4102
1661
5590
1758
6272
11350
7326
2176
1232
7702
8084
9442
3918
3125
10082
7588
10864
1399
6409
10458
4943
11481
5838
5961
715
7609
11103
1022
6908
2554
8231
10379
8445
9407
11894
10714
9024
9063
1749
839
5683
9877
4314
5771
7380
1194
9338
3183
10393
7431
3986
1770
426
4900
6067
9487
4705
2436
10502
3178
6078
1360
8093
10434
8387
4504
5529
4789
6635
1095
11746
2221
9428
10017
4536
7506
914
10642
2123
4817
374
2079
7434
1540
8517
1230
8713
484
2785
7876
2960
5150
9762
2335
6008
1866
627
4992
10848
11506
4217
710
4346
10517
3550
8085
9732
11843
7540
8530
6945
2402
2870
5401
5054
5859
18
1600
1009
6031
5530
7161
4620
1696
6173
4692
5248
8270
1486
3926
5484
1850
4083
6742
2738
7567
9629
5132
7142
8601
4519
11724
8021
8826
10720
6607
6048
6735
11616
6472
9382
6625
1039
7117
3453
4858
1799
11917
8090
8567
594
6677
3386
8202
9576
8473
7585
7118
10343
6477
1562
5622
10650
5773
781
8034
4227
1812
10303
11145
1681
7586
10893
3549
217
6456
8722
7321
799
5821
8358
9340
10631
3730
3051
5511
3332
2790
9749
4708
7111
11633
10425
1848
6154
718
9624
6130
4510
11143
1630
3937
7706
10282
2227
10754
9646
8859
8025
2658
3728
6028
11148
4878
2294
2957
8605
7829
2283
3160
521
7486
4716
550
2263
10031
1499
2110
1507
11174
8575
3735
11135
7774
10824
9065
4830
1394
11458
1631
3617
6111
256
8788
9920
5595
1488
5741
652
4636
4437
953
7068
6155
6828
8758
7779
1060
4520
6303
4129
4756
6849
5486
9712
1820
11092
934
4135
9481
6241
9847
1795
9163
6768
2910
5100
3475
847
4614
756
4415
1526
1313
3689
7668
3428
3944
8083
5018
6218
650
11683
10922
7794
9767
10266
6814
4185
2560
10775
2601
8426
10660
3300
1160
10116
4777
10964
10821
2976
8279
1924
2708
11009
5427
93
10163
5759
7021
3657
6243
11563
2879
3016
5114
6273
11545
9020
5447
2205
5430
4274
11127
4230
4140
2970
10896
6146
5892
8360
7158
11279
9035
1316
3295
9853
10038
960
9358
5927
2558
8508
11548
518
1740
3561
10428
296
1921
3400
2349
1202
7980
10607
8405
10718
1769
4571
10792
11643
5354
6823
10899
10666
2022
10997
8386
1279
2930
1613
4487
3882
8709
4384
70
9560
7527
147
2155
5134
194
6331
6940
1588
7623
5123
10521
7151
7730
2200
3355
1563
8334
5196
3828
659
3053
7742
9300
8585
4700
11857
5216
4630
2146
9201
6169
6466
3635
6187
4737
6190
11653
8973
9766
4249
11881
4110
6485
3615
9391
7181
10356
408
8170
4329
9138
8485
8616
10181
3829
11605
4719
10794
813
4009
11221
5547
171
5983
2734
6296
6542
10723
6141
3524
3280
10856
4370
6012
8637
9591
2759
11892
3706
6751
4431
4663
5903
8677
8119
1899
819
7626
7518
6760
428
10299
2998
7140
9522
727
10905
2832
2837
8252
10325
1806
3095
9189
1327
9514
831
11013
6548
11115
5750
2094
10696
6781
9416
8966
8470
5292
9343
6852
11553
11705
1855
8419
5067
11239
3349
3535
3476
11723
2133
170
8153
8560
5960
3948
1642
3809
5984
2639
11085
8049
9975
4751
10808
6674
5669
10866
2815
11482
2045
4459
6226
11544
7509
10221
5399
297
7450
2461
2058
5898
8804
4044
5777
9954
7020
1197
5599
6306
3914
9672
4586
10832
11151
7490
7
11469
2529
894
8261
1451
10348
11273
6055
6537
6592
3167
4875
709
5278
9271
2988
4208
11291
5881
8983
8796
9471
4461
10016
8425
1269
3368
5774
6304
6598
6159
754
10947
9953
2127
1019
1381
1016
10630
8715
4637
2635
6666
5479
5469
4146
7560
11031
8674
3133
4687
2356
5351
11795
9168
2118
1980
6220
5775
8926
5432
11114
7090
9330
6991
8808
9774
1520
6322
1694
10978
10272
30
76
5033
10570
2703
7751
3548
10645
6234
10914
9950
2024
2441
5162
8431
1565
1265
5136
1331
3279
4027
1134
6143
49
3415
292
7952
4456
7038
3843
2042
5283
2151
6842
10316
8483
3359
8081
11246
3367
9670
4036
3202
4551
3263
5332
7339
2432
7313
7145
6219
2519
5840
7977
8711
4950
1140
1774
7189
2145
6268
6102
2633
8248
8144
2692
1649
1906
4511
11287
2651
11577
1266
11581
6891
5244
10557
7619
1240
10872
2650
1497
2138
9082
1678
1525
246
3623
1550
2992
7101
3192
3442
10549
9229
7352
10347
8249
6609
9241
156
9964
5501
2507
1479
1150
5321
3157
5237
3276
3356
3637
11062
6902
994
11512
8706
6931
5211
4246
3891
11266
1592
6209
5617
6290
117
8055
2361
6796
3910
7965
6144
2758
6869
10069
3289
6911
2538
11431
4509
10328
367
8751
6753
4442
2332
10826
1258
8678
9625
4133
1439
908
7697
4334
9238
4779
7291
6356
9812
8738
11176
9799
411
1875
233
9852
3979
3182
7964
11527
11664
9193
8815
959
8309
5199
108
6807
6274
1163
4693
3649
5858
5071
8673
4405
8052
8837
5653
11439
6375
3370
8030
8130
7172
3340
342
6872
6800
199
6734
11655
11610
11169
11360
7485
10919
2740
10002
5382
3381
35
8634
220
7455
7989
8050
2001
1320
7119
4848
7933
8154
6736
4652
11654
4659
5355
9573
9142
2474
53
11385
10531
10873
10882
11237
4411
9448
3851
4802
1572
4267
3024
1328
7600
9247
88
11215
10261
9267
8630
9403
10472
9657
5039
8323
8353
5781
3311
11538
2543
8499
7627
2377
8283
5742
5975
11274
9951
7513
1038
3075
1501
9423
3836
1609
11102
6318
9454
7393
1584
6974
7359
2505
11786
5521
5140
1222
9610
8990
4761
3960
707
11263
3223
10996
2600
11692
6249
9957
3395
4840
15
6578
8205
5959
9206
5331
6622
6756
11165
11180
11386
9773
2465
8409
8391
11262
4517
4633
5713
698
410
2323
3102
6973
705
4728
10047
3952
3354
2838
5489
7663
7909
1017
11872
11309
4167
10217
5505
5271
11382
6845
2044
7552
6517
103
3304
1395
10124
4955
2705
10632
9232
821
9003
8478
11671
4213
2844
5348
10236
2928
3251
5288
1171
4540
6775
5641
10394
4994
8135
10787
8269
7363
205
11556
11200
7356
7215
9919
5847
4342
7113
5023
4591
1170
3241
10561
11711
11058
2281
6983
5171
2105
7811
8852
9101
2292
5073
927
7447
7014
2008
2490
6959
11001
4206
11543
4240
129
10085
11916
10911
8246
7349
10535
10606
4043
3822
9119
10341
1367
8991
4088
1456
9764
11767
9466
215
12
2364
682
11586
1044
232
1541
1131
4119
2228
4844
10466
5345
10035
548
4576
7241
3270
7954
10423
2316
2164
6360
8543
8774
7743
3503
6603
703
6047
6436
2964
9761
4819
6673
9215
2682
8289
4157
11530
9141
11140
6579
11672
4921
10250
5021
10227
4275
10048
7252
5738
10985
11409
9630
7009
7136
9252
8294
1109
275
7971
3954
7225
2787
10708
8707
2481
706
1021
10369
11209
9861
3022
11313
7678
4189
358
8858
11479
10586
9115
7262
9653
1672
9345
7409
11484
4332
7715
6841
8650
6679
3655
9585
10212
3554
3639
11754
11720
7311
3376
7923
6667
6281
6452
6924
10471
3048
9287
3145
11204
304
10593
1655
5574
9955
7866
5539
1449
1919
10252
2895
5286
9007
4818
7915
9456
5694
4035
3230
4744
1418
6211
10667
4782
6605
5546
5227
7483
10973
823
5158
7819
8167
9191
4553
489
212
2182
7040
5730
9277
346
2450
8043
2056
7694
11443
2289
3418
10768
11572
7457
11230
7258
1876
9320
10790
4985
5846
8151
2614
690
6944
815
8685
11549
200
3536
862
1787
2767
3193
626
7413
4946
3238
2315
5620
6437
1993
4033
1369
4822
8359
7799
11017
4625
185
11142
8933
11790
11832
10659
3651
4524
5047
7672
4888
3342
9288
4369
882
3819
2165
8465
7392
11904
2336
1061
6510
9708
9963
11496
3249
3494
3772
8880
3315
3352
2397
10024
8997
2231
9438
4974
3643
2833
7833
8480
3943
10639
10536
6820
8118
10957
11717
3920
2721
10737
9985
4108
10397
7536
11123
11844
5963
7544
11096
8339
8697
7556
9545
10304
7253
8372
5487
630
3299
8220
8982
9666
7584
10067
5689
5296
10991
11285
8771
1184
871
5818
7353
1805
5673
8667
1014
3092
6259
3362
5532
1816
6565
5790
9990
5403
812
3509
5315
4318
1297
7377
438
10989
1229
1781
3834
4866
4886
10615
3586
1099
458
3056
6453
7606
5363
5762
11323
7099
10257
4941
1294
10952
681
6323
3090
6410
8101
1027
11885
5763
4467
3625
4446
386
3049
957
11504
3059
482
3012
907
1641
2609
7193
6704
11356
1444
10542
5205
3485
3938
11499
4587
1300
8169
4435
1423
1625
5337
4569
7402
7278
1126
4871
6577
4031
7220
9737
10043
6769
6449
917
8632
11840
4721
319
2074
9972
2208
8487
11813
2254
5406
10346
1793
1385
11418
315
1204
7962
5325
4468
8756
5181
660
10731
10619
9296
5129
9477
5824
4609
2459
2783
9210
3701
6813
9616
1080
1732
10330
9896
7077
8177
11542
7407
2307
5602
6315
10003
7561
689
4486
5614
4856
2312
0
2602
4851
4074
8764
7752
10000
1259
5623
9121
1324
5833
10115
7986
8452
10638
8378
1231
7472
9265
7297
3612
265
11696
924
8633
3636
2901
2147
9331
4481
1730
10225
9420
6652
10164
4470
8848
4327
4791
1155
10010
11614
4758
3179
2262
3316
5006
5823
3671
6122
7959
7845
6416
4255
5837
10430
3467
3450
6176
11241
7707
5311
3817
9043
2980
2479
4065
3003
6295
10509
11438
11402
5066
4279
10534
7051
11684
9906
3143
55
3798
9436
4893
1034
5619
7182
10201
7032
7590
7325
10961
10044
1841
9266
4312
2866
4399
7611
778
8424
2342
7778
794
1815
454
7950
1042
3781
10859
3751
2877
9606
5394
9664
7265
11153
4615
7468
5247
3411
4783
897
9478
833
40
1651
2426
7499
1149
9012
5042
6406
10287
3391
11372
11781
1803
7838
1421
8319
8292
7411
307
4698
507
8053
5820
4713
3419
4391
6773
807
4317
7564
3384
5231
4290
3163
8515
8185
6164
6708
2619
4426
966
2427
3988
9418
7212
3070
11392
8965
7783
8748
4689
8216
5696
11234
7479
10620
10344
10436
11573
5988
751
2212
9186
1598
8214
11167
3377
2712
11064
7741
225
4681
9386
10313
9066
8016
295
2581
1002
7246
6649
5635
4986
3675
10786
9538
9167
6705
7874
10574
1579
8838
733
8666
7501
34
8836
3326
10575
11185
318
858
588
9226
9359
6347
2379
5127
7224
7173
9754
9820
4014
11353
6263
6073
262
8629
11091
6221
10142
2057
11887
149
4558
8704
89
10758
4076
1763
1461
7537
2387
10566
11771
859
10254
9070
8357
5681
5603
9350
6128
6778
817
2659
207
6480
7765
6793
7679
3208
622
5964
4933
11210
7842
9227
2084
7205
5113
9518
86
4606
6027
8263
63
5135
11491
2626
127
3443
4726
10894
4610
7198
9698
11679
11207
790
2039
9840
6443
3941
3148
5955
1326
9530
7800
8295
4823
1113
11736
10337
6118
4210
229
8149
2344
5050
11570
4070
6062
441
10890
5765
4453
9865
6606
10603
7997
11808
325
2904
9171
637
2898
5624
9483
8866
11156
3431
672
10931
4674
9398
6697
4178
4480
2181
11494
10902
8092
2570
9395
10556
6612
6402
6504
1261
449
11282
5318
4582
9631
6589
686
8260
1698
1141
337
2532
4544
5917
11164
2464
10806
4771
9342
7471
1524
11648
4556
94
4293
1089
7135
5212
8583
832
1471
9910
6632
9716
4131
3624
10920
9776
476
11428
7643
4575
2831
10457
4142
8525
8335
6791
11815
2367
2881
7122
9228
8618
9559
9283
3221
922
9566
4448
921
2974
3462
7816
7944
6377
5044
10526
10687
9987
7488
4276
2736
9145
6508
278
2439
2249
3478
8061
1757
7740
10739
11519
2526
7043
3327
1931
9574
3946
6528
8371
9984
10597
2100
6688
9337
10816
6361
2161
3618
10077
7750
644
11074
5951
9867
8028
1617
1547
7292
3113
4585
836
10262
11292
6267
4400
9543
6115
4340
1837
6214
10887
2484
1792
5154
10803
3669
971
473
8365
8623
5076
8493
3336
8676
7904
8175
11338
4763
10302
9056
6726
5413
10241
6998
11773
7208
8718
7276
5981
2812
5119
4526
1996
10567
2064
8654
6292
7456
3195
9928
5648
3023
3723
828
11427
8766
4002
4364
2778
547
8462
4612
7726
11741
1344
1174
7502
11902
7079
9188
4229
9002
7027
11050
1843
9385
8421
3626
11583
5527
7934
3401
4019
5374
4151
1045
11483
7834
4494
4179
8652
1817
6838
1243
10700
5137
4005
11259
6573
6330
3638
10910
11457
3703
11211
7053
7744
6430
7570
5866
68
3259
5022
2972
5210
1356
4902
8511
889
4313
1983
8397
6725
9691
978
5213
5976
1590
10552
2048
6137
1828
6810
9270
7263
9361
10454
6905
5208
1871
3544
6174
8635
4484
2256
11686
4909
4488
3490
958
7327
3743
4
8586
5046
7436
1312
8046
3379
7628
1277
8863
1869
2534
7245
6557
2327
2388
10691
8951
6661
743
6467
8198
11516
2884
2403
6572
6491
9899
6428
5916
4573
582
1012
511
1390
2802
6618
2578
8645
2849
3949
4395
10361
6928
5077
1383
1888
4805
9180
4732
7008
1965
11468
5911
7520
5475
10749
2688
9873
2985
6085
56
2725
6170
2331
10013
5994
7230
10948
7441
2126
5344
1416
9360
1809
2805
10368
1177
10604
11170
3032
5149
4683
11778
9834
7976
3043
8476
309
6534
5812
9364
7001
10389
4353
5293
11871
5456
2983
1776
6140
1657
1346
4007
10925
3569
11866
4310
11818
5015
11715
11384
10392
10108
2345
59
11703
2672
7867
8648
4490
2527
8985
6771
104
8544
1203
4077
5700
7242
8068
7348
11809
6630
1368
5695
5537
4776
3186
9848
3794
3779
6262
8787
5807
10485
2162
1366
7699
956
6354
5110
3652
4963
6431
4837
9233
8369
4406
9832
7384
7336
5214
11820
2900
8200
7463
5118
6117
6471
6833
6070
1650
1512
6556
4522
1200
10196
10206
10486
3255
3696
11588
4581
2598
6004
3417
9940
2343
4503
6423
6399
9501
7832
573
10963
9552
10139
1977
6535
1723
6446
2242
11083
11669
4501
5428
8103
11849
1137
11463
7408
1589
9694
2597
2610
444
2977
11472
7869
81
11478
618
5679
2260
8232
1289
3879
4975
8362
581
11803
5572
6539
2456
9332
1716
9876
1494
3480
8520
11320
11086
3756
4232
5509
8607
1290
11571
4740
3721
721
3492
494
6894
4781
6669
7646
9703
746
6108
5226
10745
2223
3282
11565
7870
8105
7404
7180
3392
6965
3207
11452
8004
8625
4523
11093
4261
4516
5875
8403
11024
3156
3089
10511
3184
4423
3526
6850
9651
10904
2638
11027
5749
1826
5317
6065
3455
3091
4820
10757
3170
4680
9947
5965
5504
10208
9053
3880
11702
2414
4458
5003
4041
2629
3531
3495
4022
7237
8479
6177
3998
210
8914
11798
7175
5122
6580
6729
8078
9274
6970
6819
4343
8058
2528
419
8622
5320
224
464
4982
7465
2539
9061
4991
5274
7595
4072
851
8416
6121
4500
11252
9902
2516
1665
7115
1049
522
9880
6378
4846
1734
6327
7432
221
4374
3028
302
11387
9387
7724
983
722
496
1522
7157
9341
7248
7624
7995
2756
7290
9810
8901
7897
6787
8187
332
4418
5826
1517
5561
2774
3320
11059
11049
6010
11725
9262
4742
10106
11400
2567
7878
1169
6717
7092
9923
9289
8523
5329
10484
4746
38
8745
11411
10633
6933
10050
774
2337
6051
1278
9430
6501
9925
949
7973
2685
7443
1736
2510
758
3852
8755
8611
11802
4765
4778
11067
6198
9183
8780
9246
9299
1093
9039
1074
7452
8874
9112
6225
2252
8670
1477
6468
974
6784
409
8029
4172
8188
4838
7759
7607
7387
8742
7840
9120
2730
9562
11366
226
9404
3314
8364
10197
9665
5795
11503
11444
9780
6638
10128
1782
11663
5566
5519
9900
8696
567
10909
11507
5299
3534
2268
9882
3841
3619
1274
8539
516
3197
1506
2370
11357
2618
2107
8978
11760
4938
1615
1725
5059
10881
5200
6826
8877
11332
1310
7059
8737
11497
1438
1854
7170
8647
7924
10975
10111
8250
4750
7709
1292
8257
6371
6179
8318
8208
1715
2111
10729
10618
9105
7231
5829
4361
6925
6553
5804
3823
6711
7612
9432
3098
5223
11590
9479
3491
3992
8201
7926
11722
6343
5882
397
1172
4466
2466
4635
10174
5510
3127
8146
6731
10068
4056
4134
9182
2894
10860
3137
9809
2253
6098
8803
11600
2061
8835
5454
3191
1121
3853
4190
1144
6856
2999
9272
6770
8665
6125
10063
3719
5879
4188
5972
8820
10021
5096
10854
7283
6913
10380
10292
4709
5745
8330
5939
11182
8256
2150
5828
1221
896
1987
9930
3541
7094
8896
9811
2460
11377
11464
493
10903
7784
3654
396
11716
9384
7683
5677
3331
391
5144
3121
8564
10707
10933
4572
4611
5016
4967
6313
3321
1963
4710
8209
10154
2540
8290
10288
5159
5584
10390
406
5845
11255
10490
716
5030
834
5757
11863
5587
1298
3360
5270
4377
1183
2298
1130
7745
10672
9807
8017
3085
4723
7362
4970
9723
792
5405
6982
7462
2469
4380
10995
11036
10496
10084
10256
10491
6798
7880
10004
4738
11757
11910
9645
5099
10869
7877
11475
4976
3437
712
6038
785
9542
394
11161
11733
99
4047
10701
7075
3486
7817
3646
5805
4767
197
10921
10275
2321
2009
8456
10693
2168
4302
696
4995
3799
9612
3842
1133
1537
3363
571
8847
9184
5019
11347
2291
7268
9221
10857
1870
1765
6442
4173
5783
4186
9793
1917
8825
2028
280
10322
3358
10600
5593
6899
8075
7692
7824
2782
8155
340
8222
8442
5060
10103
2797
6721
8693
10558
11759
10591
5433
1434
7146
9563
7760
776
1662
3529
7070
3394
8254
9305
9261
9854
11351
3029
8691
3423
1189
4959
2680
6831
7657
1539
8482
3557
9434
998
11267
5956
8239
8975
7098
2492
3026
1511
440
142
7939
182
4351
763
9173
3964
5209
10880
4017
5526
5716
7593
6346
7569
11841
9714
2003
3343
1623
9079
2803
8350
6759
11762
8296
111
7762
1480
10300
10095
10877
6900
11117
7176
3348
316
7370
9977
8152
9317
11852
2840
9150
5948
5380
1635
2563
9620
1945
6247
7712
4775
11028
6231
11579
6993
7806
10843
10927
1890
3414
11380
298
413
2021
5998
11847
7314
9449
7174
1159
1934
5343
7183
4528
1523
4862
9284
5463
3587
10646
2197
4450
6643
10599
3848
2234
7594
10579
5921
5936
420
3351
2002
7112
8627
9282
9988
773
3477
1798
1102
5588
9117
7481
1721
126
11378
7416
3726
5178
2158
3205
2027
6060
5871
6516
9494
10357
7680
11766
2891
6633
3847
9000
11202
873
9640
8116
8044
937
1388
3201
9334
9603
2765
1700
2731
11053
11343
2819
3609
11076
2654
270
11040
2449
5870
1956
7273
11132
8207
6980
6867
9496
6224
8921
398
121
9934
4294
10449
11575
5541
1777
4082
7469
11495
10923
895
835
5366
7883
3294
10091
1601
412
4322
2041
5474
472
3233
4341
6709
3598
11325
3647
3733
3565
91
4112
6690
5822
1991
3110
8012
8435
11408
5513
6499
1857
11555
9565
1287
4336
2934
4092
9493
9668
8789
9682
989
10656
10610
7737
8768
10871
10040
1079
10865
9447
4597
6929
7801
558
6956
10049
164
2800
3181
8324
4098
4410
11744
2667
7337
6156
11792
11383
1751
10734
6733
4315
11756
11159
10032
353
10868
7655
5538
1988
7912
7749
11186
3644
11021
8762
10476
6188
5470
9489
2241
3440
9203
7091
11057
11585
3712
3866
3497
3353
5996
11349
10500
1534
10940
8347
7718
3222
900
2062
5425
11088
11864
11501
7591
9440
3984
470
378
7529
5785
10614
5440
8649
2856
5880
5130
7285
9924
6740
1237
3850
3947
3424
6026
4703
1031
6054
4735
4515
2817
910
244
7074
1619
7338
8264
10418
3364
5085
2951
6655
7029
10264
10120
5139
5387
11371
9462
446
1834
11415
2661
10291
3513
955
11833
1877
3713
7473
5095
7579
7289
11297
2594
4198
5792
11835
11607
701
1118
9982
10697
1343
4226
9458
7620
7097
546
2987
10054
11414
187
11922
5282
2850
10020
6064
7159
6682
1585
326
4653
8047
11090
9076
4231
9844
9137
8332
1508
963
10237
2201
9513
9413
9422
1001
7397
11814
9090
5125
2156
7132
3672
9131
1862
6385
11615
806
1024
3810
5666
8793
3865
7316
6194
1262
3825
6992
7219
6710
3508
2445
7967
1123
4715
10966
17
7535
11636
7998
2827
10481
1239
1510
10224
10286
9179
804
10533
9859
4833
6120
7277
66
2575
8740
1153
1503
11238
10861
5473
466
7419
6531
10954
4832
6459
4064
9965
883
8006
980
8238
1100
2707
242
11116
10819
5251
11846
4658
3595
1223
9826
345
2743
3103
9971
4187
2871
3393
6475
9031
8794
6
11830
3898
5611
11493
9942
4138
1146
5179
2320
9956
528
4237
8032
8736
6895
4867
2684
2087
10766
192
11712
8999
9251
10281
2536
9085
2191
5660
986
9626
6555
9059
865
10188
1114
10625
5074
10234
5707
3369
10119
4425
10190
10605
3765
6972
11514
7211
10465
236
4058
7576
10307
9396
8467
4199
2152
11429
10621
4734
7546
8286
241
9074
8885
1544
1557
3042
2166
10528
6701
2548
6254
11192
4714
11122
3256
9506
6737
4284
10944
6986
2338
11787
7000
2607
7589
6353
942
11284
711
2716
7908
1785
7864
5544
3578
8276
5915
2324
2029
3936
9690
4434
2678
141
11710
1719
3666
1586
3069
69
9649
2005
7621
4194
10589
8427
5183
5639
284
5918
95
4061
8120
3742
1604
7195
7846
3846
10451
11498
1288
2411
3883
1026
4816
1530
8385
9966
9710
4436
7664
541
8087
3210
8430
1264
9726
3668
1666
3380
11333
4530
9348
10
480
1353
4912
1680
8129
7406
7202
1979
4533
2329
2386
5116
10125
7808
5385
11772
5743
7357
10279
10576
1357
10837
362
10585
8139
5072
437
1502
11403
8037
4646
9366
6291
9611
2690
4972
10232
9028
2657
116
3297
10007
10126
5678
11764
6021
3837
11749
5239
11476
5632
8513
1959
1275
253
7542
10145
5536
6204
7776
11884
2207
5451
7081
7670
6193
7035
11874
5684
3824
670
4599
2514
9686
6345
5264
9914
1453
4258
2760
8446
11177
2772
11909
8749
107
9309
3821
1220
1513
228
9159
6750
9979
9259
8064
11842
2814
7312
770
10362
9324
7177
8916
5103
2119
9485
4675
4137
6656
2429
1960
6570
6576
7474
3144
1999
10046
7019
10412
7937
7150
4546
11687
6702
10907
9172
7184
10924
3292
11130
10315
7453
8853
475
4147
254
4095
1468
5410
7925
4071
11261
5682
10435
7420
4280
11051
10326
8979
3904
9795
3319
1628
9190
4925
8267
370
9073
577
5104
5508
4433
631
5357
8303
10453
4600
4389
9644
10562
5190
10898
4864
8807
8960
8325
1097
2604
3632
9745
1912
6995
829
10382
6213
432
222
5300
2247
3796
1225
10143
6093
6964
62
2419
1607
9099
4219
4772
7310
6857
7429
6783
1422
11886
6595
2641
6175
11107
11394
5411
3934
1473
10755
5801
279
2422
2408
3109
11212
9845
4024
8660
11926
3429
1293
952
4677
7365
9970
5353
10297
9328
9813
5426
11562
8039
11453
2686
1148
7858
7042
4439
9829
7616
10113
2406
1982
505
6532
6861
2187
1564
10294
11063
9792
2318
3659
8189
11019
3498
11701
636
8366
1299
10446
9435
4421
10984
11158
6307
321
3648
1801
8284
9599
9200
3872
5551
4319
132
619
9077
1810
7417
5303
4101
8757
7810
5051
6191
4729
6600
7058
4662
3631
8802
9444
9075
10051
4393
6479
10571
8134
10191
9089
9878
6788
3062
11376
8818
6883
940
2069
4666
6276
11318
11124
5573
4454
870
2455
3894
3741
5133
5664
2309
7554
203
11797
4942
3628
8911
6665
714
2521
3033
3119
11105
10338
4566
1117
11381
1059
3087
1437
9889
11374
6621
7244
5601
5338
5402
3079
9041
10744
196
1748
2293
9431
11569
1255
826
7364
3699
775
3734
9132
1178
8224
9715
478
3404
5138
5250
3653
8588
4003
7555
7271
7033
8338
11518
10776
4268
11368
344
7698
9752
3112
609
10373
8304
3504
6615
11069
1737
4207
11629
9048
4956
9488
6100
2665
9597
789
9280
2458
7758
10685
3813
5970
2952
2122
11601
965
1474
779
3685
3302
5472
10833
11528
417
7631
9856
964
3905
9638
9588
4451
7868
2334
5744
11784
11641
5464
4093
10210
8194
5043
11554
7690
6481
1006
3225
8302
947
9292
623
9370
2160
8638
9531
5367
5954
8514
913
10284
11331
9711
2078
1856
11146
5081
4603
276
8725
8502
10584
10670
9369
597
9718
2971
11473
4647
6333
5722
6087
3607
10578
1091
9872
7095
7936
11628
3527
7695
11680
8941
2440
11915
1213
4432
10195
8233
6966
10710
6338
8828
4904
5393
11278
6646
3860
7661
2350
7515
9981
2340
8750
10140
3445
1478
8449
7236
10774
8671
592
2613
9081
1898
6114
3720
2485
11689
6766
10497
1570
10333
771
1895
7169
323
8212
8132
3678
4815
286
11006
10721
4679
6372
1913
5733
9040
347
3139
7671
10093
11587
11698
11227
6999
3780
7714
7658
5655
5570
7124
8140
4868
11055
1125
11322
5062
2488
82
997
2471
10419
11131
9400
10156
10800
10506
3099
5813
1845
4289
7920
4717
1712
8237
5020
8312
7693
1937
2372
902
11054
9800
5899
11106
7028
1490
9701
463
9787
8023
158
2794
10459
10045
6364
10404
3981
10771
3748
6631
6002
8218
7002
137
1136
8229
4770
9397
5938
6183
9329
6490
11799
8845
10061
8274
7886
5634
10912
11364
11052
9897
7940
6919
2149
10752
7484
2290
8142
7199
7272
9687
3001
1616
10242
11531
10407
5284
3337
7770
4827
11492
4308
11834
5686
259
1329
6061
11505
2564
6269
3009
3802
9245
1071
7849
1618
4639
7344
5124
377
4265
10009
1551
11550
4577
9532
4161
6672
9746
10508
9401
4622
11825
2656
6626
1338
1656
8178
4552
1448
5596
10637
3702
7255
10158
11098
3897
5690
7108
7966
10822
8328
8872
1825
9830
1760
6182
4845
7052
9769
611
7958
9302
11896
1469
9260
11025
5874
10345
9647
10258
5319
7023
10644
11761
6282
10900
5143
9781
544
8657
5558
11100
8959
3528
762
8954
1311
4852
2396
9157
1847
3961
5627
6420
3803
8890
2533
8498
2261
6105
10926
7791
2588
10064
9196
5481
1407
8481
9322
7298
1138
2813
7478
6172
7571
9600
6379
9223
6719
8020
3816
9092
7844
97
8490
11908
1186
1576
4731
5945
4563
54
3464
9154
11774
11523
5408
1878
2546
5268
3084
5577
10580
6287
4797
495
2274
10581
8663
8953
8547
7665
4144
2014
4413
8568
11608
11903
11765
10956
3306
9674
1235
8527
2577
3611
7902
8908
6483
7538
2995
5285
702
11794
3322
4496
3268
10148
1283
1942
9512
3995
9883
8653
5565
8466
2747
1695
4962
11226
2848
6558
5419
9669
5755
10209
612
3261
3523
854
5528
8553
11558
2576
11547
7167
9392
11216
10448
4650
6091
3161
8661
271
11228
7228
11540
9607
8143
10870
7528
11324
4506
6095
2552
2060
9790
7597
7932
846
7206
8163
3111
10318
1147
539
10309
2099
11819
6696
173
11721
6830
8977
755
2153
10320
7366
6041
8158
6066
2468
2975
2230
10087
3153
5418
11707
1332
2240
9165
587
8223
2593
5825
11257
10595
5294
3278
9571
260
3403
9062
6979
10424
8593
11271
1690
4877
6016
1302
2969
2420
10426
4512
4062
7234
1941
8447
10289
6092
7063
6071
3461
563
10543
1990
10763
5932
3350
4192
9349
11460
11450
5107
6777
6202
1435
10791
4657
1731
3640
4168
3082
8703
6023
10971
9980
4678
9993
1158
6724
9782
1352
6748
11490
3396
11447
4594
9816
8700
7351
8031
7633
1379
2395
4349
10090
2
7082
9220
1546
9009
6203
4696
9843
6401
10960
3708
4365
1818
5446
9648
1425
9731
3888
6387
3924
4930
11618
641
3188
1954
6668
8827
4745
130
10541
447
5922
6094
3410
11532
1949
4623
9913
10411
7381
4881
10473
8471
7651
10305
9244
6914
6985
1851
11541
7066
1358
5063
10712
3138
1025
2786
7884
10422
7282
1374
8011
766
7689
1658
1432
5854
11593
1092
7996
7739
7239
1852
4184
6253
2702
8719
8790
10703
8298
4684
11747
101
11346
5674
2447
3869
3849
10990
8015
11045
486
5579
183
8566
6647
11806
4513
5718
5535
11488
3015
1072
2304
5224
10276
1084
8878
6458
893
5221
2267
2993
7727
9939
10501
3994
6848
8967
8917
8739
7545
3071
4452
610
10495
1573
3463
5751
4843
1132
9216
7492
4949
1673
39
8563
3456
6566
138
673
2625
2384
2188
3229
11008
606
313
4697
3737
4476
2330
5756
9118
6352
10968
1098
10340
8474
4804
6683
8510
554
8054
5126
4409
8692
9032
5613
1939
3921
10970
10414
4993
1708
6619
9455
8181
6388
8603
2282
11319
4373
2579
10306
2592
11645
1752
1811
311
7060
3771
3876
8282
7735
3602
9080
9592
11635
2035
553
2732
7722
4042
7317
6494
384
5906
1897
8938
8413
4283
2530
2167
10668
7705
4356
11789
4282
3146
10198
9750
7565
995
4335
8584
282
5704
8767
3620
7422
1008
3716
8035
181
7333
10239
80
7639
8316
4013
5358
11435
1081
6827
3185
2109
4951
6232
1484
1614
6335
5064
1874
3831
4008
2389
7121
4799
4885
10180
2909
2401
5545
50
6843
4550
2246
4873
6658
1228
7673
10851
2674
11020
3912
9846
6698
4869
3886
11099
5075
5993
10086
9850
9635
2996
8730
10274
2219
7401
98
8823
10456
8398
3313
10260
4491
10979
10186
3200
462
4241
3211
6328
7785
10136
8117
365
2236
7477
1771
3154
87
9898
2945
7007
9604
11129
10342
8505
7086
1151
10760
1452
283
4475
8042
3347
6357
7738
10537
6020
9775
2476
3864
5672
10513
11407
9175
1859
6988
878
5339
11933
9508
5782
9187
2066
9473
11401
2405
7047
2771
8624
3959
1915
11770
9905
2843
10728
6514
3375
9194
10039
4350
6836
6707
21
8019
8082
10183
11879
6844
6812
8453
9427
9049
1555
7531
9771
6918
5493
191
6927
10028
10118
11298
7985
2383
1371
5326
7267
7618
3915
4560
2981
4722
9788
11828
6567
6390
8849
4988
798
8494
2711
570
1062
6264
2545
8067
677
3608
7851
3559
8428
11290
7716
8268
4889
3093
9927
898
5935
729
5197
6195
10372
5310
10200
8507
2409
8486
7681
1173
6694
8541
11260
1007
3576
2113
352
8136
7067
10622
9994
9742
5867
10029
1347
1454
8376
5392
1664
11804
8438
7674
11072
8932
5449
10402
8528
3953
850
11026
11011
1284
9901
8310
10825
1415
6563
2919
2948
6099
7782
8109
6790
3173
5800
2184
7960
10078
9871
2504
10096
10351
6892
9086
360
3731
4814
5241
7295
8313
810
11793
471
3068
10796
2676
10335
11032
3176
7045
9140
5962
10671
7914
390
4366
4535
8122
4532
7254
9516
9680
7632
11637
4508
8329
8934
7823
9862
11511
1180
3345
3468
2300
10011
143
3244
7415
5480
403
1938
166
9195
4251
2751
11373
6917
6200
7541
6181
2351
7656
11875
1181
10647
1861
7050
11805
3859
179
6119
3134
10248
9529
7970
2660
9568
5552
5445
5933
9541
4304
4247
569
4444
935
918
10037
10475
4482
310
6732
4139
7498
8501
1199
5323
9720
3627
4408
4000
2381
7232
11623
2202
4358
1569
3078
5502
10892
8589
10123
6653
343
2899
6180
4032
10101
7747
8903
3839
7011
2823
6424
11389
4164
9756
5035
2922
10171
11644
3408
9192
2855
3786
10649
5628
11627
11526
3681
4104
257
5482
7911
5924
5057
10522
9421
11897
6236
8944
4260
10748
5610
317
7526
7197
9256
11899
759
5453
5409
2103
1780
880
6957
10036
9857
6432
8669
9802
10060
1652
4790
2681
5583
4068
5798
3815
1597
583
3482
2266
1251
427
1707
8464
6337
1624
10596
7004
6723
4105
11251
3942
6206
9903
4884
9347
3454
4649
10253
8191
11930
3874
399
7652
1179
6876
2670
1276
6043
11305
2990
687
4801
1521
4305
7888
3610
1088
3826
6035
4220
7264
11077
4094
2649
4471
5699
6854
7503
1593
11217
7065
11807
1489
7641
1201
4359
10913
5094
3324
9426
3833
10929
11536
10716
5630
10932
7138
11901
10834
305
11695
8281
1684
7688
11046
1355
11677
1629
3162
10398
5522
11763
8114
10247
6888
252
6958
674
7200
10643
1814
4239
3788
7064
4835
3373
3206
3691
9733
9704
3560
8010
8245
9695
3542
9679
7286
8577
2503
2748
11642
3273
7635
6890
9778
4984
8690
2499
7805
692
8059
8204
8415
7793
6110
4449
9755
2913
1918
2235
3096
5007
11231
6526
860
2068
9250
10391
9335
9893
10555
10487
7328
3227
9539
1838
3807
11861
96
6185
4944
527
9918
628
1670
1560
3243
10564
11731
2238
11430
6675
490
4218
11521
1304
5391
3761
3073
4011
9860
7941
148
2358
8895
7764
9123
8871
6009
10437
9128
3674
7854
8537
3432
9500
8094
4440
4549
8048
146
2544
5556
2010
11214
1260
4403
6451
6591
11258
2444
11534
8165
2120
7442
10094
6728
9204
1802
10678
10319
4397
4438
11277
5131
6637
9569
7949
2863
2754
7790
4495
2102
9122
5498
11416
8157
4588
10420
805
1056
7085
10409
11785
6197
8721
11850
4682
4920
2259
3481
1465
7667
36
4171
211
4749
2475
10840
4196
601
5834
5423
5862
1505
10976
9673
5242
906
3246
1833
8970
2416
996
7209
5156
11859
6186
1711
1916
11485
7574
4853
1884
10071
4887
5229
6270
7587
10364
8516
6520
355
6230
6138
4654
4153
4473
3132
10915
3896
9264
1314
5891
10249
9469
820
6699
1907
6302
6015
1883
5080
2622
8922
5203
11344
10983
5941
3540
5037
9068
1467
7041
7946
7494
2677
8727
503
3563
4502
11685
568
11175
6670
9504
7191
678
4780
7016
8100
1350
5152
4907
7532
1620
9410
10783
3136
479
4865
5450
3518
10807
10777
7194
1599
4890
8746
8833
2646
7204
3917
10370
11665
2698
2780
7725
11367
4695
3997
8111
5748
2112
8744
5098
6447
3722
7076
7766
1596
7625
10674
9198
11201
9135
8315
7983
6498
1052
11445
7975
9240
8590
64
2648
4445
9851
9659
3990
534
9944
8106
4497
2472
972
3768
2761
3487
2232
8417
8395
10415
3247
9127
3025
10772
123
5083
3037
3790
1679
5977
10634
5585
2470
10381
11552
8060
10767
7599
8104
11824
1252
3168
7493
11454
1096
5291
4796
3729
11184
4073
6476
3603
1306
2675
1682
10568
1120
3281
5992
2742
2924
10150
10540
10053
500
4270
11437
4712
10719
10079
3877
11796
533
11110
6246
2568
3890
2015
6127
3006
5726
9517
2170
9958
3687
9936
2224
5121
10271
6623
7963
11921
7034
7981
9805
2417
5373
2180
8643
8752
2671
5836
4143
11739
9577
4200
11753
7580
5567
8694
10520
8604
3562
10706
11714
8688
5298
4233
5540
7961
515
9643
11603
1528
2541
6022
1115
8964
190
1003
11196
1188
8980
10231
3129
7137
10211
7332
2287
1333
6132
9242
3521
1561
3387
1413
2701
5029
7496
3740
9297
8436
5929
7341
9433
2645
9989
10974
8382
3901
6422
8557
5258
2551
1904
467
6310
9046
11727
499
1267
2310
3707
7162
327
4632
3285
8536
3962
5811
8581
3555
8679
2421
11042
5654
5434
844
7464
8203
10652
5400
2706
4097
75
1013
7307
1427
6293
11155
11424
4939
10057
2277
1462
10178
6782
9114
4026
8940
153
5876
866
10982
7696
74
338
