7111
2315
11835
10889
11168
3762
2754
5632
4488
7516
4317
3001
8693
1179
6256
1024
8706
2968
8107
3698
11123
3071
1583
5189
10964
8467
11076
438
11757
843
6390
10906
4783
4655
975
11008
4154
2254
5275
3845
2745
3408
3853
5521
6328
562
11202
7156
2272
9830
10732
3657
7100
5633
6679
6694
7553
5769
10867
2070
15
5308
7468
10246
2995
9652
2701
7755
4312
10220
5646
521
9127
715
6028
10279
7149
4091
8621
11754
5920
6713
5398
7442
9316
3321
9294
1017
11929
10482
6782
8400
6003
6971
2346
2457
9084
1207
1733
6375
9488
4679
10559
11191
5907
8449
3182
5399
616
7614
8471
5768
4379
4665
7544
524
10530
1543
11657
7666
9851
6114
8533
2411
7715
11556
6372
6199
1039
7608
4949
11627
1169
10946
920
1526
6545
7670
208
805
5355
9028
3272
4736
7273
1791
9904
6090
8763
3653
4152
9857
6356
9713
8005
8879
5106
7324
3351
855
4744
2181
6442
8921
10682
5204
4772
1977
10521
9555
7286
4382
11435
8987
7290
11332
896
432
3196
7412
11578
4869
5608
11313
5331
2268
4594
42
1506
5551
8609
1872
5089
10615
8909
11284
3610
10677
10583
1782
7821
5553
4933
4575
5006
6664
9852
780
3616
3363
112
133
2328
11909
7064
1358
2652
4974
11302
6383
4174
4466
4191
5782
8791
2836
3123
6241
9668
4837
10009
11019
2092
7215
3772
4701
3368
11831
4319
8312
11568
2454
1637
2570
56
4175
9087
7130
10261
2185
11409
2128
108
9243
2431
5949
6514
4702
7568
5174
9631
610
4232
154
6548
9565
10835
1592
4286
11634
6550
10459
1884
1477
11310
7537
11
8047
2872
3361
4381
9664
2122
10942
7117
2034
7451
10841
3963
8580
2317
5408
5259
5416
10298
934
11186
2170
2845
10688
6000
5051
6759
1675
10036
7026
8139
11511
716
1284
644
10756
4721
6663
7523
1436
11012
2105
6198
8256
11532
7590
2568
5534
6210
2302
140
5367
3023
11392
4898
10171
2478
9838
1662
6729
7055
1263
100
2909
1666
449
10776
9126
9657
2785
4463
7103
6961
7185
8460
1896
1897
11481
5430
189
10908
6662
10326
3431
10292
3791
3031
7498
296
10232
554
7617
4522
10204
11453
6919
8056
8825
8001
9494
3207
2755
5120
2868
11559
3797
6269
7702
2280
3898
9083
3377
730
3620
1561
2708
10589
5788
10819
9985
5247
1213
6705
5560
9613
6182
4760
8696
2474
7028
8783
9870
5756
500
3427
1925
7203
11520
7352
4983
11608
5874
9428
2709
4759
8586
11092
7969
7540
5840
11889
11570
8878
6824
11669
2595
2198
6641
7695
3221
10641
3446
9916
4510
6050
5537
9777
9198
11157
606
9501
5592
3790
9307
6942
7382
6821
4942
2656
11830
213
2535
10507
3667
9753
1136
9956
7833
1901
8403
4347
4265
3435
5502
5870
10891
325
3283
10480
786
11327
2609
4250
3580
11611
7610
11374
9272
2168
6430
1199
5746
9824
882
6440
2277
8532
10392
10122
5602
700
11174
7727
4037
5784
1102
9203
5356
11055
5266
6262
4233
8651
4641
11254
1923
5137
2024
5132
9841
6725
9002
6321
3883
11653
11797
7578
797
9529
10932
8861
9932
1279
5845
705
3448
9384
1190
3111
1096
1722
9730
4000
6617
9963
5272
915
11558
4588
62
2021
1781
5619
1616
6879
7646
5084
1329
8597
3997
9547
11064
7319
858
10845
11178
8994
7551
10180
5200
3921
4414
1109
856
231
2804
1122
3918
8686
5954
903
9763
6740
8806
36
2551
9485
3506
5826
5340
7874
9521
5287
6275
4640
9427
8278
5897
1384
4417
295
2759
2393
8043
9034
10199
6059
886
46
2260
4711
7718
8196
7489
9489
9900
10687
970
8171
7056
2989
11663
2415
6139
9761
1875
65
2253
7784
8228
5689
6248
3809
2084
5276
3045
11829
1421
10410
11717
11706
10522
1498
4954
11390
723
9958
7248
4777
8562
9523
10694
9991
1831
2736
4847
11767
10428
1320
1829
2037
6859
8089
5280
4449
4328
1883
11416
10012
8770
5719
1657
1842
1414
9518
7620
513
6686
9121
7121
4245
8392
1172
10311
8284
27
1311
5793
3775
4188
3979
945
9012
4315
8756
5034
4491
11441
9029
3432
8499
7845
2156
1128
10221
4016
1787
6680
9626
1970
9052
4142
5951
10741
1031
1966
9088
2257
7856
9180
11526
1606
2161
11053
2350
4214
4830
1231
3604
5523
10450
6293
685
5679
4282
4991
9885
11457
2310
11175
11785
458
1404
2476
4459
8469
9575
9476
11544
8918
6030
5144
8473
1229
8936
9548
3022
2977
7473
3278
5351
8737
7824
1121
11251
4917
3085
3210
1281
7257
10488
11879
8272
232
6886
5724
2906
533
10102
4818
4686
779
10461
7486
9842
540
11610
5071
3179
2625
7547
4424
6160
7806
9107
9868
10654
1719
1582
8177
11142
5094
1235
9605
10539
2130
4032
7405
9883
7406
10990
7943
8205
9227
9530
9887
6106
2916
1141
4024
10897
5136
11740
2538
3708
8647
3178
11198
1915
8402
8014
5362
6537
6124
8451
7074
2127
1648
1175
4237
4496
1636
1291
2990
2408
10339
4371
1969
4096
9835
9433
6271
10763
6109
2258
11214
305
5559
6626
7358
3318
10198
515
2856
5099
5505
5468
9482
602
7472
10729
5525
4206
2059
10648
10374
2584
6850
11106
9248
9922
9474
8248
10283
11333
8287
754
4470
11731
8993
11723
6051
5926
2493
5518
1268
3607
8129
6979
10065
7686
244
11764
7348
99
2463
11147
8854
11519
912
3225
1677
5872
9786
2172
1646
10877
3553
11631
680
6578
2961
11704
948
11298
1064
1854
1680
10613
6636
5898
4746
10399
1285
3415
2018
2539
1999
4670
10345
8411
5617
9826
10726
3409
11341
8103
8620
4285
6286
6060
10813
9527
7570
4369
5150
6457
748
3339
9566
7487
5309
6876
3659
6648
374
9117
9118
9138
9446
3816
7044
2654
10921
4884
4793
11595
10977
9037
11925
4298
713
4747
2143
11272
3316
3952
11135
9935
8501
7109
1878
10535
11548
1041
9447
60
4996
7745
10023
11179
7002
3999
2395
4985
2031
10760
10878
10182
8376
11091
9375
8815
9772
1090
5858
4600
2950
8929
11516
5564
3693
9360
8080
9770
7736
7924
2369
9612
845
10949
9998
1858
1297
11323
9058
199
4005
4752
412
6792
9304
8470
2790
11725
5053
4722
3738
79
5171
9225
8792
6590
10910
4036
6574
10788
7675
1450
8122
1587
5519
5390
1301
4856
4370
11890
7208
10075
507
181
11734
1802
5480
6161
5854
2991
6768
10525
2543
1144
794
11730
2341
7619
641
11152
8835
6810
5637
9880
527
1853
4748
3195
4542
1995
11325
2219
8016
6357
11626
9070
1419
4380
5069
737
7383
9725
10361
1521
11629
9558
8420
1218
8830
8457
6727
7809
3059
2914
11384
8670
10019
11340
9111
9042
11480
6661
1609
10040
9995
5263
9843
8997
4243
2720
6395
9562
5478
3303
3268
9066
9060
639
6261
5529
10618
8240
9731
3047
10927
9737
5434
10400
7066
8520
7226
5586
8899
3376
1407
1385
10205
2711
7593
10529
10915
7481
298
3741
9044
3414
9262
7386
7885
3455
3384
8094
8088
9944
8561
227
6654
5368
8206
10546
6560
6836
11645
6155
8045
11777
9143
6851
11426
8151
7866
7840
1725
2514
11381
8
9287
4539
9019
7681
8031
346
5531
8781
4026
1312
2821
11382
4504
4098
357
7326
1686
3471
3998
2141
10089
10509
11849
7065
3168
5682
5675
343
6225
9544
8238
5912
3300
5292
1434
3479
10104
3945
7221
10039
8389
5242
8063
7904
5891
4350
7459
246
6267
5779
493
4275
5464
3073
2888
7380
9473
1665
6592
7754
457
488
5796
6526
11306
5054
1656
3521
6579
9967
4807
8128
8724
11264
3543
4179
1111
4213
9296
6959
7496
10573
2784
2531
1777
7529
7804
1487
80
976
0
6195
10691
9505
1157
2674
2777
10610
479
9610
2407
3977
8843
4268
778
4277
4352
3393
2967
441
3269
85
3974
4521
4499
8526
2400
2316
5609
1335
23
2742
4654
2443
8937
9156
1638
761
259
8864
9359
1435
8623
2142
9988
7465
5293
3306
1225
6300
6838
2911
6953
7749
11554
5787
10224
6832
7655
9670
7171
4364
5333
5218
670
5374
11668
10844
911
10386
5785
2842
7202
276
940
3675
6856
9899
3043
807
2846
372
11600
8914
1642
3174
1580
6613
1167
4500
2705
4511
1661
5943
3439
11806
1293
3481
10265
9896
10718
4923
9923
831
965
2641
5654
6231
3732
6065
1018
10643
8388
185
1876
3215
2321
10784
4409
8910
3746
4733
3483
5138
5941
1810
11615
7439
6111
2261
1797
6259
10497
796
7633
8934
6538
8184
2978
3774
8594
5057
8100
6014
7138
5895
11140
5202
5595
8652
9452
1015
3352
491
4079
2441
9282
2053
2495
7847
4425
10581
11560
2466
9352
8393
804
8405
8755
2199
8919
1841
6349
1899
10248
3752
3687
5922
5645
6813
710
5620
6078
5335
4706
5409
6408
2429
5924
4745
11289
2661
3867
3894
2417
6800
4515
2174
11711
8958
7041
6937
3873
3340
3517
6421
4283
7714
194
1754
4073
2394
3508
9469
11712
2613
10034
11908
10500
1596
4150
7781
10132
9582
3760
11599
6451
7409
10327
8966
10091
8087
11826
698
4071
7884
3397
3161
4516
11383
1252
2703
8603
2801
2169
7589
2738
3275
10239
11924
2231
2383
11820
6977
1045
11707
6691
514
2590
6962
2905
8566
8530
4929
255
7933
11068
5622
5109
8624
11818
8365
1055
1741
3907
8873
5589
2368
10676
2993
8591
3116
11597
7463
10306
11700
2981
10127
5332
9124
1863
4472
9177
5255
4580
5055
8841
678
4249
3596
11303
11547
3315
5122
10767
5305
7395
3996
4885
5163
3936
8277
8123
3159
4774
121
1363
2359
11021
2335
942
8320
8101
1059
6918
11676
5219
2510
8788
7989
11876
4597
6174
7550
9726
7671
6061
4977
556
212
1110
4
3357
4546
4309
10631
6185
3021
9859
11804
11034
1928
5250
9477
2483
9115
11065
8386
7013
4728
147
6367
3922
1569
2982
8442
5192
6008
11887
386
1209
54
6294
6934
2403
2729
5683
6945
8263
7733
6218
9033
3877
11815
4790
2862
8567
721
8024
5227
9063
10145
304
7187
6797
739
654
7363
7667
222
8721
10416
8829
11684
10504
9972
6561
8381
9295
117
3787
1860
384
701
8075
10487
1530
8890
8099
8130
5635
422
3705
7941
8896
7061
8192
5471
9335
9689
9811
11800
10048
1391
3419
1935
2714
5359
2563
3253
5325
9559
2217
11474
9845
10484
10141
6809
6344
11620
6489
6176
11562
10905
9164
5661
9871
5812
7011
898
6770
10142
4452
587
3498
5046
6394
8505
9463
5270
9478
9840
9797
7909
10614
6493
1154
2859
6296
2986
5886
806
8610
4421
3291
4332
522
242
7279
11072
6884
7029
9552
10463
5876
4247
5640
5448
7912
10251
3830
2373
215
7195
3879
718
11694
9654
3557
4031
1390
9328
3644
3230
1119
10276
8231
9097
9921
1670
11448
6112
5301
3880
4559
3685
7696
6996
7484
6025
6200
8279
6870
7857
4159
8339
2713
5629
2030
11512
3492
3166
667
11274
902
3389
663
6017
10179
6040
2659
2731
2008
11624
5853
9298
8797
595
9878
3716
10997
1057
5067
9368
6190
8581
283
7415
4310
6177
10053
5987
10247
11915
9438
7027
39
9964
9989
11248
4814
3117
6775
1003
9662
1142
152
884
9863
5933
9193
9796
2035
9329
1544
6678
63
1460
8814
8401
221
8259
576
582
3586
210
10160
3155
4385
4231
5859
5311
9504
9005
9606
7958
3651
10816
9872
1943
2028
9704
830
2831
6784
968
5980
4475
5863
4344
8776
495
11155
7963
2410
5960
11040
5384
2329
1845
560
5495
10704
8759
7070
5291
9223
3231
1634
324
10833
10633
10211
2323
7258
5937
2424
1757
4314
11472
149
2273
3277
7895
9604
96
11549
2134
1250
3475
10001
8636
1355
5944
9508
10876
5880
1545
7107
8486
7228
8078
3328
11824
4834
4895
6380
47
1762
6478
3893
179
7678
1496
8606
10617
6994
1698
3433
11870
7068
5176
10885
5316
2294
3436
8500
962
8011
3917
11507
9849
6010
2688
8715
3242
162
5419
6906
2983
7307
4643
4200
6649
10354
8175
7167
9217
6808
5251
3636
10692
974
6374
3133
5732
10110
7853
3742
6230
5403
10854
5413
6048
9647
5532
7448
5721
727
4614
8485
9183
7268
6670
11703
9268
2094
9588
4009
4674
7527
10746
10312
5279
5445
7172
392
5267
10823
1388
2776
10114
10658
6418
1485
4758
9608
5026
6016
7453
1772
6556
10759
452
7664
990
8869
116
11379
3251
3080
615
8079
6134
11436
875
5942
7022
7900
11575
4165
3324
6801
8245
6419
2766
3904
3213
2976
5479
7050
738
10158
2281
2734
8927
2830
3711
380
10464
2066
3378
7972
6232
8009
6281
9082
10409
8035
1871
5547
5851
11469
4816
1501
9941
4765
30
9507
9961
4228
11736
11625
11613
7542
10117
3015
7650
10496
5685
5191
7939
5206
6449
4076
11817
1855
1113
24
10514
551
11534
2733
3916
9651
4762
11438
10044
5065
1494
3709
11428
10860
3559
1418
4197
11771
484
3060
1184
5758
1095
660
9001
1083
4581
3984
733
1417
7548
1900
1497
1066
8229
9791
3396
5916
3019
4948
6038
1846
7342
4508
187
6401
10183
7980
4947
8725
11197
2878
7506
7868
6145
3866
2093
5087
1397
4729
10582
5045
5307
10768
8379
7659
9024
53
8447
4797
9390
4607
3244
7079
8053
11056
8465
2614
1673
11028
563
2959
7961
9667
2386
9191
11739
10129
1056
2588
6924
6508
476
6382
5044
5432
11775
7445
11093
1115
5514
1177
245
11185
9630
8999
8349
9653
9394
10230
8989
7577
11873
10703
9299
9065
3284
3132
7782
3846
10187
10216
1402
4690
9270
8323
3027
5229
6006
8354
10705
2693
421
1720
3171
6855
8371
3126
7166
4803
130
4916
7817
6558
4850
5121
7647
4678
6202
6136
8757
7711
2746
7564
854
1946
10602
5932
8705
941
8106
7184
11451
2473
4764
7827
5402
2348
2732
10992
7333
10998
2450
2940
3383
531
9308
5844
10494
396
11630
3678
629
1028
9771
3626
10506
956
11525
2896
7177
3164
4051
905
3201
3727
5297
4517
3725
7645
6354
813
217
461
4316
9455
7959
2773
8029
7001
5694
7720
9038
11204
2421
10234
3222
3061
3576
6669
5998
10651
8992
11697
10051
1547
3844
10010
9520
6681
3739
11494
899
1299
8112
6825
7739
7971
1061
11686
8662
7508
11792
6424
3817
11228
646
3234
10405
8049
2762
11881
4052
9315
10739
3628
8176
9831
10172
3449
9173
1682
10324
5320
10549
9598
4143
9766
7771
2327
75
7802
1989
876
4338
7049
6845
5015
1373
9205
2285
11309
3799
5100
4550
10131
8324
11506
8813
8082
1568
6107
7526
1197
11127
7598
3399
1910
4708
6378
7592
11477
1874
348
4362
3028
8631
11405
10303
4086
6926
11360
6214
4058
11492
5903
5660
10382
8373
9633
2827
5318
10995
2529
11299
6532
8159
7491
4401
9235
6875
1965
451
9275
3310
3199
2920
9208
4279
7668
8363
10557
7852
1287
9467
11439
4863
7469
7728
102
4281
7131
7812
4572
1333
9170
4875
1591
2360
11713
3003
2675
10991
11910
2153
183
11845
7173
10235
1228
8714
1126
2284
8073
951
11349
10714
9085
3990
1094
8816
11321
9949
1554
5588
1130
1260
9174
3338
10533
2498
6018
1885
5618
3908
4038
5382
4994
11410
674
11388
11598
8395
3923
4573
9130
3925
387
6403
8310
2520
6756
8817
5018
11344
11011
9987
1473
10391
3457
702
2726
7297
5836
3862
6619
460
9938
1193
7267
2933
4989
7994
4104
9373
2667
5562
4541
4177
9128
3768
2091
6309
11150
8511
9332
9322
314
8281
7329
3090
8646
11622
333
8710
10969
6853
3317
5372
1696
8836
5376
4486
7981
8311
10612
7649
4458
3548
7266
1324
5638
9011
3700
10337
3529
1081
3582
4094
9515
9567
2286
7687
5828
101
1314
704
1440
3293
4236
2282
9171
8110
3320
10626
10728
775
220
9982
4122
4699
1572
1163
2596
9031
10625
5412
10896
9393
1803
9324
3959
10200
4070
5486
10920
10471
2420
2571
10439
539
683
3676
1905
11253
2365
9077
3183
3814
3302
10552
8455
4410
11647
7493
8076
161
4532
1118
5639
3025
8807
1206
9733
2952
2038
3329
11788
6342
11850
4903
924
2753
6292
9238
770
9007
1986
5363
7118
2296
4361
695
7097
5183
8951
5377
1219
10227
2549
10266
1681
5549
5580
8382
9175
4549
3658
9413
5221
6787
2110
6998
9230
5439
7052
11772
1306
3782
11330
9813
1375
1814
11844
6642
1992
5438
6146
2892
3995
9634
11473
7876
8642
10286
11018
3829
1482
4836
9090
1224
4593
3826
3299
4932
6228
3106
4130
684
1476
8804
11699
11039
81
6999
6581
9574
3175
2526
1269
3566
2699
8558
9903
7979
7077
1789
6584
1433
7420
697
4335
3564
5129
10419
6046
5759
2936
4483
11529
8863
9224
391
7145
11642
10243
11471
9078
9860
2998
4083
9207
3502
5557
8295
11677
11125
2423
11928
11900
4047
8132
9881
2883
8357
11225
1968
11567
11466
6826
506
2125
6981
1812
6930
11122
6615
9696
9778
415
20
8169
1086
5371
9821
9470
6692
109
7123
3881
10984
4512
2516
11037
1392
620
4649
11838
1611
8353
11246
5885
4583
9256
2715
3647
9925
11550
3285
8850
4529
1706
1242
7464
6957
8378
4080
4021
1911
4215
6815
9937
5463
3612
4642
5524
11454
6566
7300
4430
7758
8516
2567
9809
9895
3549
2054
11482
2923
9152
7291
5310
1640
364
7819
729
8963
10454
7653
9499
4484
3311
9099
1344
4896
541
3656
6168
4400
1683
381
7521
511
10662
3143
8627
11885
6138
11331
9975
901
7132
459
4556
10215
7734
9119
5465
1511
5832
10372
2562
9209
1463
4883
5249
1241
134
9622
4826
2345
8150
6531
2434
11141
1739
11183
266
11407
8180
8723
9894
9724
1538
4471
7234
5323
10712
8947
728
1170
5543
11862
5541
6002
9892
11079
8252
7588
2295
9125
8172
3903
6172
2838
6007
8845
11208
1601
192
9343
5530
2374
4926
10323
70
1710
6085
1830
1034
3002
3534
433
5899
4734
9554
4724
7513
5177
4569
6433
2292
10273
6463
7992
3605
2448
673
4937
758
750
7340
10594
7188
3673
6939
9609
4339
9898
2689
11263
4543
3613
9739
5522
9188
803
7294
450
9511
8940
5978
8477
8736
7305
7968
6327
240
10811
936
8064
4074
4595
2039
11316
9823
6576
7366
445
1790
4121
1737
7689
671
5833
4203
6019
1891
5569
1997
9378
6011
8915
446
11585
8604
9132
2948
8121
2264
10152
477
8639
4474
529
3381
6728
6036
9425
1265
10864
665
4755
10212
6057
8459
6459
13
5603
10486
7905
11324
9734
8761
1708
6685
7759
1906
2775
5443
5029
3753
3017
6486
9442
3030
3326
7788
6386
2655
6151
6326
3562
8250
11661
10968
5904
5062
4988
8185
9977
2927
5499
8685
4930
8333
10629
5487
9408
5852
8712
340
6131
4023
1099
8739
10544
312
3748
3757
11604
51
9320
785
8959
9642
38
3991
7298
4579
6187
284
996
11165
6359
2132
10649
2657
9589
11467
3236
9055
6639
2399
5869
10151
2687
326
8614
10903
1817
5548
2897
10460
916
8081
3788
6026
9795
1166
4560
11038
2778
11802
7915
9361
3223
6984
5289
11895
1188
9069
6103
11219
3953
1515
757
5344
1707
7623
1338
4773
11752
11035
6426
3478
9242
9040
7851
1054
8650
9910
9879
3044
8227
9309
10109
6081
4741
5216
2233
7209
5451
3863
177
4507
5076
8007
5563
6793
4913
180
11062
2014
9736
9013
5116
2465
8801
2782
11134
4460
1011
9683
10919
6816
2680
8957
6559
11161
1132
7404
7163
3362
6517
10293
7158
7942
11638
6034
83
11085
9703
1991
2109
1892
3834
1994
3261
3777
8268
9401
6757
9983
9109
9516
2392
11120
10686
9957
131
4185
7798
8154
5777
6699
4842
10518
8370
2223
741
5786
6618
8765
4544
2270
8860
7157
8125
5098
4567
40
10579
11860
6807
648
9172
11847
10068
456
5825
11294
2684
2917
2325
5296
7225
440
7105
98
3359
7183
3734
8456
4303
11902
7337
1441
2416
6588
889
743
5271
6496
3480
3016
3484
10553
3053
4938
6980
5370
6804
6069
3114
8617
5583
6013
4498
11807
9752
7952
5135
1654
3504
10106
351
6095
10153
4840
9395
7237
10139
11816
2901
1749
9624
4003
3129
4490
8743
5321
11814
11146
6154
2000
9074
2955
6921
407
1040
82
9341
9080
95
10332
4866
10591
4230
7115
9276
3594
9397
8716
7351
4164
584
6152
687
11201
596
6652
6940
7783
4935
1659
2004
7381
11362
10080
2503
4893
5677
1602
950
1766
409
10815
2201
895
4920
3769
5647
8537
8980
4342
2250
10606
3611
949
249
2069
4990
8550
6589
8547
2628
5918
11648
10839
139
10429
6950
3600
5822
4240
9113
1617
2379
8656
9337
7894
6715
1127
9000
7434
8157
5182
7501
7636
3267
3470
8271
4004
2481
4295
7076
2695
1474
8612
9760
2113
6899
5715
4796
10755
2645
9310
11115
1877
8720
6778
4293
1963
6913
4202
5636
7129
2873
6361
3912
8588
9016
8292
4251
1000
405
61
2963
3763
2717
1930
3706
6201
3249
10636
7278
840
7916
2235
8518
3871
11297
3294
3911
1078
3258
1072
10364
6409
4057
7719
3571
5414
2289
1620
8054
7150
7842
5253
9215
8351
10737
3993
11128
8780
6633
5823
4059
8342
4879
1882
510
8084
1257
3546
4987
11825
10666
6498
2866
3715
983
3066
3524
11391
7206
1202
1478
580
1264
6012
11899
10933
10994
1396
2648
2101
8837
10346
3144
7744
6485
6132
7431
6931
7730
2810
5539
8070
4965
7362
10545
6840
7834
11583
6912
1491
9398
6674
10868
10628
5935
11856
10963
8553
3913
989
11365
4115
836
10846
6179
8294
4782
164
1919
1913
6938
4406
9666
11255
138
10209
2885
6215
5357
1386
6902
8136
2078
4828
10244
26
300
6714
1704
4376
6254
359
1957
7112
508
2215
10597
791
8984
2522
10929
7059
2850
11353
1513
6093
1869
11418
2908
6192
11854
11283
9338
1274
7099
6130
9785
8026
993
4120
2924
8823
5572
10133
5033
4808
9533
145
2537
8584
578
9364
11437
127
2811
5245
4934
10792
6089
6268
503
3560
5628
7219
2849
11229
3067
2306
2637
9806
4392
10291
3369
2869
3601
4151
893
7025
3387
3603
9367
6250
281
7239
8198
11347
110
5441
1715
4378
4055
6135
3835
11636
8569
6917
11515
8404
10758
3170
11609
3214
11733
8060
4571
7996
6665
9371
5641
10600
4278
3150
7482
2061
184
4075
5989
7697
8199
5347
11109
5302
3186
4648
6529
7126
6596
6698
8018
4872
11865
1881
904
2376
3092
3587
7241
11672
6764
10595
3406
9765
4601
6944
9091
6730
1579
453
1221
5915
7179
2511
1171
2722
7141
1533
2224
6519
1524
1185
4967
2305
11189
5304
2025
8799
4891
1426
8013
2442
7391
6432
6895
6393
8104
11464
2314
7986
431
9801
6094
2887
7777
9349
4956
4426
10799
10228
1026
985
1981
1032
9627
311
2578
8726
10147
10096
4324
3281
3773
3624
8979
10563
8209
6242
1938
5417
5513
10834
11110
4068
6088
10334
2681
3063
2670
11241
1514
626
1060
4064
3854
1403
11722
4619
8074
2413
865
4045
8322
1106
594
5105
5197
4227
599
11300
8982
9234
2331
5936
6075
2351
1146
10071
2651
9966
1796
2287
9045
9586
6947
10107
6062
8142
8978
2191
7872
11698
6722
10350
9928
10987
10381
4087
8730
9187
5749
8015
4979
10611
9583
6723
7965
2592
186
9779
317
10029
1437
2249
6862
2718
1555
11044
9370
4211
7369
11863
6312
8096
5841
3345
3
10493
10519
2432
7642
7888
7964
1002
632
6989
5743
8571
2013
9490
3227
9705
8552
5919
6100
6746
10398
5867
6318
2002
1332
10097
1350
6765
9116
11372
4568
1430
10596
2744
3988
9163
11491
3621
4313
11118
5158
3595
2064
3671
650
2488
9962
9659
1581
5223
3781
8643
2898
4455
1960
1027
11791
2204
8811
419
5739
7635
4184
5453
10245
5427
10503
977
4882
370
7929
10513
7892
1182
10380
7752
10671
7816
11139
6889
1070
11486
5718
6546
2769
206
502
4852
10177
9602
4627
2086
11017
555
7672
11503
9169
3890
6606
11912
8722
987
9333
5058
6181
1975
625
543
3717
10359
11218
6033
1564
6455
10911
5211
9758
5215
2269
1868
5538
712
3070
10436
10986
2788
6413
3273
3434
8905
6612
4365
3944
7119
7953
11090
10362
5358
11060
3861
172
9414
4961
9067
10821
1139
1751
2558
7359
1759
1549
1208
5235
10812
1237
3040
5501
3468
10403
3641
5889
8494
3200
4660
7775
8542
10979
9365
439
5313
664
1424
9041
8355
10195
8809
1114
8528
10290
1005
473
9911
8044
4802
7113
5436
5460
7799
6580
3802
7091
984
4520
6554
5284
946
7140
4578
3536
7837
1457
251
332
11883
4127
59
8949
3581
4321
1507
10642
1651
9047
6509
11047
2690
2195
2663
7071
2698
3707
9020
6710
4536
10087
10264
5566
9148
6157
7148
9579
5927
3617
350
10753
10260
4201
2358
8050
442
5512
5492
4666
8729
8117
10980
2612
1222
4687
10978
6726
10396
4811
5147
4778
2029
8134
8645
7883
2633
8923
5225
2464
5157
3083
8790
6444
7820
11010
5143
2685
9924
11614
8749
9913
5970
10113
9681
9950
6544
3496
5366
3986
3165
3935
9858
4027
10748
2747
4761
5214
1714
3458
11518
747
5421
3906
2969
6563
10782
5587
7106
4239
11689
8666
5264
2177
10451
1838
5626
6693
8332
7984
3692
5019
5083
5591
9430
7421
7886
6429
4118
1117
393
1641
9419
2446
4668
9876
5792
9611
11195
3554
6925
1262
11517
10320
470
6148
10310
8421
7396
2155
6505
10388
2772
10948
7331
7292
11761
10137
3323
10609
8319
5467
9549
5011
4698
3910
5086
1701
11167
1535
7318
5201
11527
1189
10917
740
129
3354
4867
1409
3094
2724
7201
8387
45
3766
2040
6987
11370
2067
2867
5584
5470
7251
5477
11414
10475
3157
4936
3422
11577
4955
10800
7914
1849
9014
4910
336
1282
4411
10524
9585
8822
8437
4029
2561
1051
9259
4881
7046
11164
188
6420
4841
11871
2638
5527
8303
8767
10284
3098
9719
9973
11539
9204
10598
2158
6417
2616
11329
860
6021
7347
6607
6436
7133
6975
4242
2340
8908
3858
423
427
9061
7081
11406
203
9496
4712
6643
4124
4468
10874
4789
10830
826
7559
318
7698
4100
3473
1215
8220
10586
1734
634
10574
271
9802
1557
1352
7092
3115
1042
5893
1955
2036
7792
7613
5648
8640
6314
9706
2438
3688
2006
5070
1811
11632
1647
1976
5931
6900
3337
4725
10085
11334
10365
3442
3355
9707
6020
11566
4817
1775
10082
4267
3398
5009
10447
4835
5615
6805
4825
5017
5064
7910
4562
933
8450
7676
11606
2010
8589
4537
6742
10842
5971
5190
9702
1614
2525
7336
426
1703
3634
11714
11203
5856
2163
3290
1326
10367
6703
11911
463
2311
4548
5966
8549
8309
8428
9253
8183
11117
2676
5723
3238
11397
8269
3335
11808
11196
6462
9794
7466
8243
6907
8211
4375
5490
2120
398
1984
10818
10472
5760
2962
8264
9303
135
11176
8233
11132
230
2741
10100
11107
8476
4334
744
6348
1918
6335
10063
1947
8124
6595
6923
2015
2855
8301
5396
964
8740
827
7008
11319
8297
1940
8280
157
9539
2854
6760
11016
5884
961
5789
1240
7519
6682
3511
979
8364
4824
10206
3805
3112
4710
10343
2344
10163
8244
5571
8772
7764
8491
11153
2190
8023
4101
953
5295
8637
9406
11421
504
4887
10555
7388
9112
9531
11787
11489
5526
7794
3014
2060
2965
4297
10481
6712
9431
4114
2636
10219
8270
3522
2381
9615
9104
10895
10639
7036
4337
327
7669
6123
11664
7641
4779
10893
10884
8127
5585
689
369
7580
7252
78
10900
8754
6488
5454
4327
2550
6896
2227
6594
11170
1804
5967
1305
3009
9563
8472
11738
3082
5816
9023
4454
7750
2419
1341
6220
11496
11250
383
8507
11920
7015
8506
3801
6405
4244
7007
8341
2593
5294
1576
9680
11649
9560
6611
3946
9641
3929
4329
5461
6901
2780
4662
196
10178
742
10538
8744
11768
7648
955
4799
10805
3454
8931
6119
8692
2942
465
8691
4540
592
8066
9094
9915
1067
907
5361
1870
1678
6137
2629
760
978
3314
3113
7660
10550
3052
5650
1795
4168
7426
7512
7831
7392
6373
3417
1082
9535
12
4845
9079
11470
363
3712
483
5797
5829
4078
7174
6289
10838
7316
371
8194
2643
136
5948
3733
4628
10710
8033
11367
6891
2099
7422
5794
4302
1076
8375
7891
11867
2255
8709
8173
6954
10972
2783
9854
9649
525
1937
1954
2083
7735
7343
3859
1990
6049
9901
2278
6933
10744
7855
19
467
5003
3745
1718
1036
2378
1234
6310
10797
6802
9081
4439
11440
2147
11097
6512
9768
2852
947
6208
2164
5261
3447
6306
5000
10181
10543
1492
11287
2585
1134
10773
11710
10190
1523
9465
5119
1625
11917
3194
3532
5722
1336
777
8384
8773
1668
7841
9792
5610
1432
2425
6096
5651
11841
10050
10192
7249
5714
8321
10635
1724
635
2984
10294
5687
512
6153
2686
5283
11411
7213
7621
9192
9576
2436
10930
11108
960
9578
4384
4669
607
5657
1431
9829
8779
11478
2426
9755
5848
4219
6716
4194
6465
11268
7146
8055
4558
891
9636
9221
3901
2126
11057
5193
193
1604
2234
115
5126
10226
7520
5540
11913
6640
6191
334
9793
651
2388
2123
2194
8492
3593
9252
6067
7051
3228
1852
5285
1401
6141
9185
2844
3491
4749
5048
8560
7012
800
2001
7805
11281
9051
9178
3635
9421
8109
927
1309
4476
1351
1345
11069
7518
9722
2501
9321
11083
11213
10406
4119
5644
9141
6751
2574
4407
8358
5516
11821
10647
4033
8590
11650
2925
4944
2889
1227
11354
8699
4054
4646
5389
7692
4066
7230
436
2452
9723
6535
4192
9502
8575
2697
11656
5568
9927
1422
48
10371
1288
8152
9381
4205
7534
7773
9675
7328
6582
416
6818
693
2458
1425
9186
7375
5114
7632
7858
4968
10526
2138
6392
3008
3292
9861
9486
2763
7376
603
8372
1459
3856
8030
8435
1471
7716
10401
10547
7838
7408
9745
4398
3135
10810
2553
1577
7796
10377
10438
5178
11036
9661
10951
3972
6881
10455
104
9536
182
8423
1690
1328
4688
8539
880
7302
4180
5234
3042
3032
3051
6701
10774
7585
8695
731
7114
10353
11906
6434
8025
1605
5754
8032
7309
4386
9632
8275
1104
10967
8330
9800
11762
8703
2297
5449
9571
1700
10223
6575
4922
2087
4506
1537
4610
1731
6515
676
3219
4952
4300
3823
9140
2966
4650
1747
6189
10011
1712
2076
10155
1527
11553
1283
9379
3024
7532
1921
5866
3939
5726
2757
9580
2825
10715
9160
2607
1369
9864
5149
2853
6967
1528
4482
11780
3217
5579
6163
11612
2045
9979
9839
342
7725
4957
1633
390
4223
6667
609
1453
5690
5798
5110
7159
1038
10580
9875
1449
6235
2937
6282
1771
10836
9617
8440
9836
7162
404
7323
7385
1621
5979
9120
6991
10795
5819
8690
5300
2635
10801
11430
11665
132
4467
361
10989
6842
328
490
2189
4061
1380
2604
4373
5550
11801
9981
167
7031
2694
9750
2343
1958
4169
10866
8802
2496
9946
10542
1699
4457
7418
8251
8777
5763
3530
722
9402
11616
2750
10026
11759
2162
11304
6997
2505
2985
8525
9534
10207
6350
8057
2974
10832
8406
11749
5817
8564
9153
6752
8954
755
315
11269
2650
11074
214
2256
7229
2136
532
2173
3938
4754
4663
6852
7169
5976
10690
5671
11209
5474
11652
4432
5964
1509
1308
9850
746
1303
7823
11918
7430
5426
8299
1886
10309
6077
6497
10925
2494
2422
8795
7951
7355
4412
2972
11858
289
5576
1801
9006
2882
8810
9969
3181
10020
11916
3637
1058
9263
3666
5811
6696
9460
4609
4941
10616
7882
1342
11709
2050
2832
5857
3404
7549
8613
73
1489
4634
9690
5021
825
4416
2727
5908
4081
492
735
8438
3569
7830
9392
5921
649
7361
10886
1212
7272
3464
1844
8509
2748
4351
5780
9483
8427
8920
6644
5038
4221
4964
5277
4528
7353
2354
8255
4044
3759
7581
773
6551
4757
5049
25
8961
6719
4838
3086
2057
7414
3276
3872
8847
2922
8630
3390
3058
11337
7365
8524
9387
3212
4178
2366
5306
8327
10166
10425
657
11071
1785
11267
9355
4833
11681
5329
8972
10711
9350
7488
4928
9056
4899
6113
11680
4415
11022
9628
7104
8599
8482
11275
11257
5262
909
9251
8235
8644
5194
8611
10296
1978
932
6835
1974
1945
8981
1420
6922
1536
5014
4700
7908
6288
4280
1603
7108
2934
8093
225
8017
1030
1071
8872
2556
6718
11721
6412
7164
8832
4924
5028
5745
9569
10267
1349
8731
8306
10982
5010
10765
7072
10299
8246
7602
3561
2765
11355
2492
5348
11014
10095
11276
1116
5766
1125
4939
243
3839
2012
10426
8858
10826
11716
1216
11075
11226
9389
8862
2958
4726
6583
3349
8468
11116
8521
8694
4363
10957
8563
3848
282
3985
202
401
4402
6173
10061
3438
4156
6224
7558
9232
6258
7877
2678
633
3076
10761
6290
4551
4972
7586
9372
2152
3702
11431
5162
9075
1194
2941
3110
4193
11450
7554
4553
6353
7372
6737
7467
6211
2470
10667
5418
8385
9682
1490
11192
8439
7338
3796
1077
368
2518
3813
7778
9816
4658
3691
9587
11211
3642
7247
823
5407
699
9241
10502
9306
1503
8156
1379
11222
8608
7175
3026
4248
3425
8902
7760
9146
11732
8856
228
8329
3490
10918
2472
1953
11696
3631
11770
9149
2259
6341
5373
6516
11398
10062
252
9614
10138
11101
7350
3101
6734
3737
8734
3119
930
1598
6798
10099
4980
3365
9265
5023
205
4368
7839
2186
2796
10685
3416
7419
2946
1376
6675
9089
6360
3515
6928
7455
5606
57
5258
7738
11756
6908
10434
5077
2063
3443
10679
11654
5498
3224
4116
2370
8369
4112
11789
2276
9453
1793
8325
6234
10073
11239
11343
2265
4113
8840
10740
3184
10121
41
7245
9319
838
4355
9400
5755
2182
1729
6414
4683
11498
10084
7536
3758
9139
2970
7432
10242
5199
3190
3981
6140
2079
8396
1764
4809
9159
3537
195
5969
2016
9817
5186
1447
4264
93
2326
6750
1644
6766
11030
3151
1133
3411
772
10328
6347
10898
2622
7264
4129
1987
6521
474
3153
3465
397
6053
10477
2943
4465
7093
7751
2236
11509
6207
8548
2047
9834
6823
10850
7186
9804
1765
4812
6687
3216
6472
6799
7191
2220
1689
4787
10888
9420
8380
2749
3138
8576
11280
1238
9206
8508
10498
2513
9919
2462
9512
10808
1836
8688
6387
11006
9250
3048
160
3632
1626
1971
6868
7693
11112
8544
3930
3860
7875
4545
9300
3091
5476
9073
11452
11258
8619
9568
10090
3556
5205
814
9799
4322
10558
11050
10098
444
640
3371
6709
9607
3256
3886
9807
7435
2606
3487
2921
8133
1153
3585
5303
6791
6731
6769
3588
3421
6806
3198
8717
7567
1181
6565
4831
5233
11338
5101
8188
321
6487
3989
10393
3818
8587
10883
4224
636
2468
2384
9318
5345
6263
10476
279
7299
9643
11181
6491
9893
7020
2797
1820
11067
9142
11049
1143
5950
5133
1294
2552
8616
9010
6708
8214
6058
913
10961
3699
8827
2840
10511
11220
120
4072
2435
1586
10208
8618
7128
9404
4133
7957
4513
8700
111
1246
3655
7901
11429
5159
3226
1244
2581
4341
8962
9383
1253
1847
3619
11588
1295
8689
11746
2771
3428
9572
11914
5423
6125
9955
10268
4289
6854
5125
1726
4442
10430
11102
6175
8313
35
3836
3444
4727
1721
5410
4099
11200
8671
2129
848
10599
1632
1394
7999
4301
6597
3533
5643
1618
9781
10093
8680
2992
1895
1542
10619
679
1727
5154
6585
6624
3811
2098
3075
627
6178
8782
3899
9461
6968
10950
7193
7629
3401
3815
7836
9655
10375
448
207
7367
6700
7280
4975
981
9716
5672
4750
8953
7828
2980
9939
7427
8880
6869
11151
5195
5072
11834
7717
4907
10806
10659
9803
10958
1266
3476
2848
7360
9249
6946
5238
6650
11004
1770
6431
9669
10697
4622
8875
2019
8004
8062
7345
5274
10060
5473
2973
9403
6653
2389
1585
6084
11579
9931
9732
3987
11172
10414
1052
7349
9464
9199
4533
8655
10240
7110
6458
3526
11857
3049
5813
7454
2108
11671
1085
10491
6129
9970
6022
5696
766
1746
337
1008
7595
9301
622
2074
6257
3928
8179
7477
8318
3065
4993
3356
6772
3507
4894
5282
9926
8436
7425
9233
3430
10250
6638
5814
5775
9590
2791
2621
6266
4535
9545
11809
7936
9197
3615
6481
4637
7869
1962
8399
3857
7618
7303
4060
9827
6527
4608
8996
7935
3942
5181
11415
8432
6843
7462
691
7437
4822
2479
1455
7005
7662
10466
11408
5012
9688
3978
2987
7583
2026
8481
6904
1600
11177
7973
3341
1048
6672
4433
7460
8424
5902
34
5210
8592
798
3665
5616
7622
2956
11080
9656
4108
2728
1310
11356
1755
8495
9526
7873
3629
3672
1412
9621
6479
8489
6381
7763
11160
7047
6284
11866
1674
10258
2939
11923
10008
9155
4323
5066
8559
611
5393
11389
10962
3551
4220
2211
5894
11735
2167
2075
8707
9454
3851
7444
10791
4320
11601
8200
9677
4865
1562
11685
5485
9226
3462
2497
4374
7058
10304
9036
1822
16
313
437
8163
6513
8824
6738
3609
9814
2712
8334
11580
6410
8886
8254
8956
1226
11514
10540
9833
4677
10016
9459
11493
126
3519
10056
4195
4613
3250
1959
8515
11369
2222
3020
1709
11855
2418
11427
11002
1272
285
6239
3218
6620
7948
5324
8308
1438
10281
10257
5686
11193
9418
9639
171
9388
6711
7147
4602
5604
8764
7535
9196
10890
3514
9108
6599
250
1667
8554
7170
2089
4144
3400
3970
4207
8855
7094
6337
6184
1464
5731
612
10762
2114
2200
2157
2751
4768
881
11221
9497
5727
1232
1158
711
11726
6849
8551
6180
5404
5698
7301
1773
4877
11646
4128
7182
9712
5494
2858
586
9105
5536
1337
3771
11061
959
200
5341
9986
1807
2865
4978
2886
567
7826
3424
2042
2710
5558
4633
2582
4598
344
7563
10469
9498
572
10939
9166
8466
10707
6562
8728
6083
11009
10333
7990
7218
7795
3955
7285
373
8789
11003
7926
6329
10914
11149
7161
4166
929
11380
4844
7700
1788
11488
966
8118
9305
1445
8202
2702
6311
9640
10018
1381
3232
2154
11460
517
10067
6623
11385
229
6671
10924
2175
360
2372
11593
801
6037
1364
2077
7373
4639
10189
1466
4408
2642
5612
8522
1792
5145
1362
8454
1254
8131
5703
10981
6
11546
11479
1850
2857
5676
11158
7682
10453
8114
8293
10510
6943
280
7627
2779
8733
10092
5230
4565
1129
4356
7690
2823
8653
9293
9356
6609
1702
1774
1387
4276
8708
9468
4067
486
5093
7954
11190
6540
3743
3375
5878
4527
8316
569
1500
87
3960
10717
8181
10988
6666
5326
2528
4450
1949
1825
4138
6029
7974
9098
9374
3413
6035
2266
8718
5552
5795
6749
11042
1016
11184
6039
8425
6194
4017
10479
7539
11769
11456
1783
11877
4951
264
11073
11896
5957
10701
4359
1105
4582
8991
11903
5039
1584
3237
1374
8884
6570
8713
7603
2428
9281
10033
7612
3573
11434
9009
637
9787
7541
4984
3664
6450
8260
6960
7722
3622
5542
841
5535
5999
6739
6936
10254
2179
11244
11765
1908
3618
9330
11265
2293
9837
6320
9151
2894
9897
1469
6456
11786
1767
5387
10154
2095
6086
565
7311
7250
7231
5765
9269
5773
11803
8546
118
1062
1050
9179
9176
254
8426
6443
9974
1518
1851
2931
4684
4299
4262
3756
2530
1610
3689
1629
3154
10025
681
708
5165
5257
485
2460
3719
2502
7289
9597
5802
1399
10702
2988
5073
5142
1546
480
11842
1481
7688
11888
3931
9043
10446
11447
1502
2080
10516
8808
5239
7737
7561
2536
2469
2665
873
356
301
1323
2205
4461
5928
8138
5555
11143
2534
8851
1815
11513
6240
589
9260
8164
11705
11145
5917
9978
399
638
2118
10965
4953
1261
11422
4676
2632
9557
11468
5509
2944
10849
6536
7287
887
3139
10277
6150
113
4357
267
2881
1499
1313
2371
3423
8898
6877
5839
11171
10499
9323
5843
6796
8326
9601
2566
10407
11348
3445
792
3235
2565
2834
617
11891
9200
6098
6958
4740
8676
3806
11048
6377
1695
4147
3118
6506
6400
5991
6655
769
11921
11351
6352
11487
1778
2055
4770
9948
6533
10269
2196
11618
10427
8891
3187
1627
1331
2226
6204
8003
1275
7212
7197
9891
4492
7545
278
1255
4146
11445
11799
11572
8431
4518
3555
10973
1728
661
10157
4908
10779
2398
4158
434
6753
1271
5807
77
8615
8857
1256
1046
4919
7134
2938
2743
3319
3784
4900
4781
6330
8307
8881
7394
546
6779
3558
3831
6736
6110
3915
3456
6831
4007
7514
1124
7024
9596
767
1174
10572
9340
8924
10871
10736
262
7791
1019
5047
7637
9274
3874
4738
1012
7284
6622
736
2240
8072
4082
8249
7556
4456
3868
3109
5653
8143
3006
4680
6001
8828
2910
5693
4557
6092
5299
7198
6522
4763
9385
3120
10055
4716
8876
9746
1505
3148
7815
7296
9445
5007
9524
3240
9759
4519
10317
4235
6629
414
8939
8207
1423
5729
9161
487
5630
7766
7168
8445
7624
6602
2299
1929
8946
7768
8162
8012
5027
9546
6956
2508
156
8158
11872
10412
7862
2577
2540
669
1022
4645
9254
9
5220
11086
2320
6212
11206
1652
883
33
7787
10936
6657
4103
8265
668
11282
2608
8990
1909
9994
8897
5972
7441
5095
7703
219
6547
6490
10006
1140
4171
2449
3054
10577
10747
8602
7525
1493
5567
6147
5599
10271
7950
1736
1879
598
8458
1258
9369
11742
9145
9102
6303
6735
3305
8337
11240
6115
1887
751
1021
789
10413
2880
10843
4756
294
2957
1322
5728
6771
9691
9039
1558
2774
9231
9255
9594
3173
11133
2487
7244
8359
8178
3084
3828
944
6216
10644
8517
2402
9436
4963
1145
11051
11187
9417
11755
2
3385
8679
6564
5060
11163
2533
4413
653
5456
7446
8976
10274
6475
7461
9271
3776
9363
3463
9380
3407
2589
7032
4629
9729
9918
11727
590
8390
3690
6333
7315
10185
4591
362
2027
5246
828
7181
643
7176
11339
3592
2082
10730
5180
8135
10076
2626
8849
7192
7402
2409
11796
2221
6385
11565
5024
5896
6042
5102
11811
5984
10975
6539
3412
10441
8201
9030
2453
8144
11242
5574
5533
1956
11651
10140
11628
11386
10733
2730
2903
4126
3477
820
11621
3876
8774
10125
9907
8928
11894
7949
6406
498
7400
2546
6501
9257
7144
2580
5196
7503
11096
190
8748
6483
8787
8212
3597
6630
3888
2046
10780
10017
9945
10278
4271
150
22
7902
4538
4753
2355
9214
1382
7478
2798
8010
10501
6743
10934
550
9095
2319
5035
2817
9735
241
8331
11425
11103
2103
5623
2414
2829
4857
864
6484
4084
3441
5674
3804
5656
2005
11290
2440
1286
226
5388
7075
1866
8290
7625
4986
7511
8085
7314
1982
11753
4353
4892
7429
7374
4673
1465
6087
4766
2761
9698
4367
2022
5658
7582
7825
3451
11679
10118
1236
7818
5799
1671
11315
9150
10124
4296
10831
8900
734
462
2739
8901
11596
3064
3544
400
10415
1776
5140
2541
11159
7988
2544
3041
4631
7995
10417
2206
2752
10384
10724
703
829
6285
10338
1035
11781
9434
5360
8579
11926
10848
3643
6468
821
4623
5605
5510
516
6278
7767
2048
5838
8282
10043
10769
600
10568
3255
2839
10749
11931
9096
3036
4950
4966
9715
6325
1608
11154
1098
10394
4848
9288
7332
3130
253
4111
1961
4132
435
3122
8922
6697
8683
2382
8204
3803
6355
8742
10953
3262
8664
3579
1220
7780
1495
4615
4107
2527
3969
7945
4383
10738
5483
6297
8638
7779
3169
4801
9599
1980
5175
7474
2117
2639
5020
3714
1688
7417
5115
6656
5652
10698
1108
4973
7143
7591
8785
5491
9540
5627
768
11728
11291
10418
11874
795
4911
3837
10622
3875
9550
3840
1325
11551
9068
8844
1087
4077
8051
4534
11070
7016
2304
11252
11574
9409
8408
6156
1539
908
847
7120
8186
1522
5986
2218
11701
4139
6474
4832
776
3926
11137
4785
3598
9280
4287
9906
6183
3343
5554
7657
1942
1732
2165
4585
11875
10352
819
7476
9059
10912
10670
8222
1468
4013
7082
8955
3208
5945
10853
2682
10218
7978
862
10330
6978
2913
5877
4420
9959
11643
9701
11224
8868
4552
7048
1353
2337
430
8042
9671
9443
11413
2062
5977
7364
9543
6976
11590
6186
8328
7789
3677
2740
7631
8753
3720
4897
10305
8768
2900
8190
9405
10444
11023
3891
8531
6747
4635
8002
7436
10175
8226
9351
11020
10578
6695
7096
4999
1635
4358
1916
7220
10322
7517
8853
10433
8892
11827
7803
6265
2837
3680
497
1859
5103
170
6255
3683
9362
6873
234
3523
7354
2081
10999
4046
6969
198
6159
4012
3668
5790
5940
547
9314
3204
564
9687
6858
6970
10041
5343
10249
6872
8034
6755
237
4800
6812
11687
5428
3395
9538
10909
3847
7597
7982
7497
8490
9312
5707
4336
11328
5254
455
6435
105
1893
4823
7599
10336
822
9220
5711
7576
4292
2653
11564
6121
6336
2072
6860
8137
6370
6552
8215
11138
11846
10587
4526
2843
9344
5774
9936
6411
11853
2877
5401
4167
3909
7807
1210
6243
178
10825
619
9054
2623
2560
10387
9697
10318
4189
310
8965
4238
10576
9444
1932
3035
5702
10632
6604
9756
8232
5981
7644
7931
4813
10363
10203
9953
7449
7600
8719
3489
6149
3295
5753
2318
6043
2691
4448
6846
9432
4620
3971
11066
910
8145
4599
558
124
5649
5380
9336
1183
224
10045
9313
1951
428
11810
1371
4780
3309
8973
10645
3744
10879
5337
5556
5493
1277
745
4693
141
10665
2248
454
4868
8698
5016
8632
10420
10561
10713
1827
7634
8302
2996
10672
1745
5801
2447
5938
6965
9076
9853
10214
376
11535
8397
6307
5472
9267
2178
8189
6032
3701
11538
418
8475
7922
3550
871
2145
11412
354
9645
8866
5692
8904
5565
5697
4186
10196
4554
10556
3735
375
3630
7042
11399
9591
1168
10054
1902
630
4604
11378
2594
7938
176
7615
3897
8930
7413
11582
3786
3933
1550
10892
8317
3366
1599
5748
11419
7867
3205
2509
9342
2439
4530
9888
1416
5260
9195
1415
4331
4396
8557
5925
9718
6608
10004
4958
10003
11692
11432
5236
872
935
6454
9189
2263
1933
9286
9714
928
6009
4377
10966
10863
9450
4435
11774
897
3956
10722
724
3018
5252
568
8398
3099
4547
10923
8261
10857
992
3373
2166
6973
5315
11376
4030
8657
8036
6133
7985
8488
10827
11794
11695
8960
9479
4675
7356
3902
613
2090
719
7452
6416
6397
2183
5118
7447
6761
11005
8762
8338
7920
4035
9154
9556
2802
11463
3895
7165
5475
545
3209
6829
10072
429
11371
1979
11673
2216
268
11497
17
6717
4874
8444
4739
1504
3469
7424
6366
9284
3535
2160
8276
5607
11541
1552
76
8191
9290
11130
10022
3957
3499
1079
7274
3914
4943
8974
11232
11273
10620
3513
4117
11852
8147
6767
7325
10289
11658
3824
7921
4330
2197
3967
11851
6422
9354
3279
10913
6170
8874
7880
10473
10101
11508
4153
4085
1472
10508
1203
1454
10983
10575
7410
6882
7605
5664
4561
3602
5104
9008
1304
11708
5391
8538
5328
1643
9025
5134
6236
11490
1164
7224
1292
4638
10790
10699
10213
9720
3050
9638
4661
263
5420
8573
8805
8407
10049
5198
6074
2835
3426
3386
3403
11907
1693
5713
8046
11504
6283
3055
32
5901
114
6384
10681
8778
1347
3789
5459
8585
9990
11261
1413
2445
5947
8086
7320
10165
11278
8360
5717
8745
11033
10028
3307
1408
10457
6635
749
3128
2787
9317
9980
5879
666
9551
1135
528
11194
10655
4443
8677
3591
7411
6244
10358
11531
861
2781
4199
8775
10807
11720
1548
6298
1597
7142
1467
11586
3288
7389
5573
7116
7565
9475
1525
1123
11286
7705
8418
6476
3669
11660
8747
2137
8071
10882
1340
3686
2879
6441
10515
707
10935
11528
489
3728
291
10775
3832
1655
5506
10037
4422
9971
8668
10865
1840
2512
2065
103
9780
11557
523
8258
10395
1939
2666
8943
10440
4584
4065
9244
5112
2106
9882
11581
6351
6415
6346
8894
5820
10
9410
2097
5074
774
11933
759
5032
6316
6171
10745
7088
8682
7423
1479
7970
8140
5394
6839
5662
71
10368
6704
6126
9448
824
8578
5815
347
2807
6865
10875
8165
468
8223
4632
341
9513
6091
1619
5082
2490
9867
2660
11805
1927
8911
2833
5179
9429
6861
3180
9650
1653
8941
688
10443
2861
10445
7850
3096
9273
11350
6878
11930
382
8945
11285
11748
1531
9874
338
6817
2347
9517
1251
3670
8760
7740
3453
10108
8628
9110
655
7457
8746
4876
9819
6628
4388
7594
8794
8803
2357
4204
7335
4326
10971
3650
8343
7546
5961
2073
782
4493
166
7849
7073
10301
10887
6105
5892
2489
5738
142
5336
11307
2499
10940
6557
6319
4333
9181
1758
9213
11098
866
11763
5415
4387
1697
4395
6313
8519
7762
5678
8995
3108
5322
6983
10094
9865
10119
6203
8593
5983
1346
7552
7708
2391
1267
4901
1443
8377
9790
5847
2085
10351
8288
2119
10894
7023
1
1752
8661
9071
4672
3825
260
4025
1223
1377
7306
10360
535
11932
7991
6518
2212
6277
7887
10252
9135
4502
8433
1926
2603
526
7966
1159
11758
11812
2960
2252
2088
6227
4525
6162
10565
9757
6903
4349
7317
320
6144
9679
5042
1084
9635
7428
1191
3827
8812
4846
7089
10086
2803
1864
7160
6054
8769
11635
9789
6279
1805
11059
4366
8362
2041
4440
1233
5911
10873
5169
7387
10793
3819
10385
10584
11573
2949
8461
1890
677
3097
10623
1296
7628
4391
5166
4149
2239
3900
8008
3342
6102
8493
365
4198
6888
11054
2795
6827
3694
9049
4405
3005
9912
9951
3254
544
5447
4485
4946
5956
6260
6358
11744
5141
1894
9376
3004
1898
832
6323
8882
10798
8126
1512
6362
7770
11798
11205
3882
1075
11741
2202
7997
6453
2111
7889
7062
2602
7378
8944
7211
1361
2009
1835
8555
2764
9327
6915
3807
6523
1679
3589
2356
8663
6616
10689
4810
10731
2068
4389
879
6909
11312
4959
8950
3121
7095
4478
6741
9741
1020
1073
5849
58
9441
8478
5334
6789
7557
1068
4451
3068
5164
6291
10605
11322
4612
8484
3289
1799
10663
7878
2500
7242
914
8019
4288
3795
3721
9776
7560
6274
6055
9767
5614
9495
1173
9291
8598
11173
11682
1405
8242
8361
2813
309
5508
4090
8967
5670
367
570
7611
11619
1541
11640
8366
4644
5365
6127
5041
8146
10945
72
4829
5090
4858
7863
6233
4269
6952
11296
3736
10668
6948
7054
7283
7271
1780
6447
1534
3105
3765
4960
3330
9685
10236
7772
4394
5995
3962
4256
1784
7205
1029
8711
7210
5319
1914
238
7555
10608
395
4190
5881
1983
1936
3364
10750
2618
1033
11859
604
10126
9623
11277
4902
4208
1321
6167
2576
11032
6914
5273
6688
11667
3754
5666
11245
3380
4318
10952
10468
7090
3932
1742
10638
10669
7456
10356
11243
2841
10527
4209
10408
8219
7275
3568
7896
6492
2176
4621
2521
11545
9415
2444
7604
3312
9708
5791
7035
9456
1964
877
11605
11724
5735
4109
481
11270
8464
7313
6520
11417
6647
2918
4041
11637
4995
9133
11501
11591
8480
7397
10770
10858
1809
6317
9357
204
3509
1162
6774
86
5965
9997
2207
3046
7747
4717
5909
9818
11373
8556
3980
9866
10675
9484
3975
7679
8545
10757
999
3172
9228
10916
5184
9528
995
8412
2401
11433
10637
1044
3821
8441
2007
5288
10300
4659
10349
3466
7214
10390
4481
7492
10404
4618
591
10534
2225
518
7870
5684
4691
3104
9890
4062
6603
5982
1650
6056
11569
9466
1816
4851
6898
2634
1327
4735
1053
43
7
8672
7906
5590
471
2322
8091
7643
8846
11311
4404
464
4563
1691
8889
2230
7579
11869
8257
1348
2480
5528
2149
2096
6188
5091
6467
10059
7233
6205
10144
4225
4136
849
1821
417
3718
10321
11156
4173
1922
10674
11484
5489
3761
9711
2102
10485
11500
4155
2232
11262
9673
8574
11475
6301
4931
29
8513
1823
6920
3697
9999
3684
3344
5968
7993
10316
8771
10803
9129
10938
6511
3280
6389
2947
3167
8289
7004
2412
6308
2245
7584
4606
447
5772
5993
6964
14
4393
10115
9407
5663
5504
3794
6226
8170
11401
2342
286
3843
4218
2312
8971
5750
7270
11536
4019
2052
10164
6660
5004
4446
11238
165
10120
8852
6391
1339
7043
1138
6302
7753
10678
2188
3973
5228
299
11691
6541
1615
5327
11361
5659
9325
3081
3142
6066
9240
1427
5243
5624
4148
846
8443
3034
9219
11292
8998
9744
31
8907
10335
811
10822
1484
3459
9236
5855
2144
11345
6452
3191
10241
8766
7810
330
3510
11561
5611
9053
6874
1198
5207
4423
3951
1088
10719
2515
8195
3724
4040
7923
2459
549
11886
5581
2300
4360
3095
9663
9426
9346
9593
10111
8092
918
5160
9815
10590
2601
3633
10013
8659
5097
9684
4630
11346
11690
4170
1888
10551
5805
4861
6120
10355
8213
1204
6524
2673
5625
7357
9506
6631
9239
3247
11423
4390
6073
10134
810
6785
11868
1368
1520
11533
1205
7238
2332
4034
3849
4226
9147
859
2033
1315
8498
7122
4719
7638
4784
55
1366
7293
3924
7504
2506
7199
5875
7458
8654
1573
4888
308
6507
579
1705
7276
6651
5107
11461
2994
7178
5130
5900
696
6477
6955
6332
9144
9062
11521
11779
10376
9168
7063
5803
957
5914
7006
5269
9532
6071
10014
353
4827
9637
4798
11443
6758
10411
10313
7281
9577
3246
501
11100
9440
11510
1007
7152
2171
5383
4464
11455
10150
1318
4589
4429
1475
8871
6932
5317
8038
8572
10817
5831
4163
10074
8669
8095
1613
5268
425
7746
10462
9525
8391
10174
10130
143
3820
7724
4345
8496
9646
4788
7661
9103
11782
4681
5369
2309
2112
834
593
7732
9480
9847
5008
2131
765
10976
146
394
7701
8600
3808
8237
7721
3494
2184
3336
2159
6732
10149
7485
5712
3410
10693
3497
2071
1367
2364
7709
11737
9122
3512
6364
3501
4574
3141
6041
1247
8798
74
5860
7334
9514
2396
8305
986
8347
4843
5959
8414
5598
5761
7699
10184
10993
4131
8834
1761
4263
4212
4043
530
11465
5124
3954
7814
5063
9522
5720
223
11670
7907
11607
1779
1025
6568
3778
8273
10422
10222
9984
2716
6206
10341
6993
3482
4653
3402
9886
6253
10148
5725
6794
3869
5741
5800
1378
7398
1551
3136
8503
1631
4260
10259
9618
10194
4453
6504
3810
5466
10607
5923
128
1009
10005
1290
5342
201
3695
7440
11751
5517
5913
954
4020
9021
2361
8149
4689
9162
8394
8021
982
3696
6142
6076
2380
2486
6470
3206
5958
3089
6166
1187
6425
6438
4447
7499
3919
1595
4092
8234
11836
6245
3347
11358
5168
1273
574
10112
144
9048
6272
8061
6143
10000
2620
4914
5994
10038
11505
4971
2770
4889
7322
7505
988
11233
9625
4480
7977
8903
3850
6222
6684
3565
6503
9210
3887
3296
4403
3461
4909
4137
8697
7956
10437
9873
8028
10161
4794
725
6063
2051
5783
4311
2146
2696
2482
1370
1566
7416
11882
1516
6844
5862
3627
10378
3308
3731
1037
2437
2999
1510
411
10653
7774
9493
3259
5392
1317
7571
8969
3069
6645
4671
7987
4854
4890
8217
3392
9600
5222
7673
9331
505
1560
7538
6610
7616
6404
10467
1120
11644
4682
8793
4707
7282
6569
3941
2737
5631
8540
4981
11832
11357
4878
11502
10723
8821
2517
7189
2548
10528
6553
408
3391
8356
2291
2336
7822
6068
9279
5818
5281
3770
7235
5963
5850
7470
5061
2860
2363
4624
7321
6064
4123
9348
274
9264
7998
10379
6276
7813
8867
6398
3382
6733
11045
3704
585
837
4806
4399
2615
5346
7243
9629
1553
816
9435
302
2619
11537
8141
2485
566
1063
9064
2819
952
159
923
7018
11279
11778
7899
10167
1839
9289
2056
8681
3713
4925
385
2283
1824
5484
4419
1588
2871
3348
9762
9943
5400
9423
4089
5888
11688
11898
3160
963
352
10030
10683
6586
8193
8975
10727
10708
68
8595
8116
7194
1161
218
4273
10331
1200
6072
2915
10492
1756
3486
6702
9769
2719
2241
6024
9699
5593
3749
10956
538
1330
2303
1612
1488
10210
1744
11199
11571
11793
1393
9700
9386
11081
5405
3645
5962
3800
10996
10123
2812
2669
10837
7844
5213
3248
6863
573
7748
8888
5507
1556
7265
2598
5167
4157
2187
4022
8453
10237
8474
258
2664
10870
3233
8917
9828
7014
10754
5248
5442
8247
3614
9603
11207
2214
5457
2935
888
2954
1687
1819
3703
1972
8113
8187
8906
5152
10478
11542
9648
7871
10778
4713
8315
11001
11088
980
7832
5503
7261
7223
8367
581
9808
5290
2876
7135
10937
5975
1861
5446
3575
11603
4505
4771
297
925
1590
10307
7765
7490
1307
7037
4767
1672
9391
2229
11288
11840
293
6345
4222
2579
7575
6343
8314
692
686
817
216
7934
3889
322
6104
478
5378
5700
1889
5762
11235
812
7433
4346
9035
6221
3056
2375
4069
2032
967
11162
972
10088
6331
2704
6299
9347
9678
7860
3374
10802
10851
11129
5601
2951
9537
9167
9451
8701
122
7216
11305
9902
2100
869
11318
9222
6790
1998
3590
1156
3156
4428
5688
6480
1575
11523
8253
472
4997
9057
3583
2932
5425
8751
3388
2180
4743
11216
7125
10824
9820
5488
10630
1149
1160
8000
256
793
4873
9297
6197
3855
557
10042
10280
2899
3220
261
3740
6762
8819
7227
10081
4305
10270
4304
5244
9798
9212
8800
9595
6822
10288
209
3798
3539
153
9782
10634
1147
1967
8153
2433
9825
597
3137
6027
9848
4776
11029
1565
6246
7403
6448
9710
10922
7304
8417
11230
10709
2243
10585
9952
1360
3304
2324
8040
1480
1833
3661
7694
10201
5123
4187
7471
7654
8885
5241
11352
5834
10804
1186
9561
1907
4088
2477
8208
10706
11442
10397
6847
1486
1676
2353
8848
1571
9929
5515
4495
618
6223
6880
2847
11540
867
2507
4982
10302
4695
8039
4418
7003
8649
10325
7706
790
7785
7450
3822
10452
7515
7829
11404
2808
5050
3518
8925
11745
3958
7344
2133
5052
11864
10136
2279
659
2430
3751
10720
11335
2591
6315
642
168
9709
1800
3394
1917
272
10660
11693
11589
9258
494
6788
1912
3646
8230
306
4102
781
5286
534
583
1300
7060
7495
8241
316
10389
6510
2564
11666
1794
6677
11499
10974
8463
548
1692
3525
3012
1630
2390
4694
9086
10191
10314
9439
7704
4487
1259
8022
809
6388
1049
10070
7390
107
6249
8865
6786
11266
4605
11043
5455
1532
4962
10047
211
3147
5156
10448
10297
2150
6995
1973
4685
8182
7607
9693
8838
771
7502
8895
1249
7890
7253
10664
11260
6573
10052
6819
709
2672
4514
1461
9676
2545
7741
7217
8422
1356
3011
851
1004
10188
1834
7903
11655
7742
1316
3327
1623
9672
3833
5744
1278
10015
9245
4145
8667
10474
3146
5642
8527
7139
2617
3662
88
874
8735
3000
2760
1880
106
926
6365
319
878
6773
3994
4921
5386
3078
4730
11444
4234
4259
9810
3726
11747
9237
1750
7691
5151
3878
5864
5600
1043
3010
5155
6777
7786
4590
4751
10256
2964
8833
137
9072
10168
9773
1097
11111
11790
6549
9584
10275
9458
6471
6461
5265
10766
2135
9695
5458
5078
3367
3729
148
303
5113
10116
5148
1270
10829
1904
2210
4294
3842
3574
9960
2875
10432
5040
2298
8675
8155
5278
5435
9472
5127
8983
6528
6894
1201
10554
11892
3429
1865
11729
5575
10783
7057
10902
5716
9721
4998
2809
8877
9743
4255
7528
8752
10442
2890
3500
10881
11773
3379
3193
1446
1952
7124
9114
1624
8502
6949
1319
3531
1663
815
11364
10458
9665
9965
4775
11458
1093
4176
1950
3884
11342
11530
2800
1239
329
3102
8434
2542
4737
4792
10449
6646
2818
753
4531
1563
1934
7207
11683
3493
7712
10840
1856
4697
3563
10156
1013
9619
6108
5482
9487
466
4028
174
4880
277
1069
9740
9216
5561
6866
5036
11026
6803
9658
11368
5545
5002
1713
7640
2611
7393
388
10262
8020
3495
11013
4976
9616
3542
7288
7310
50
10079
6587
4229
482
2251
4162
11702
10505
11041
5092
3103
10657
2929
6776
4969
64
11617
7573
8968
4587
10926
6402
10772
6209
4616
3332
10536
7587
2815
3964
7606
5381
5939
8916
3241
10531
2793
5733
2524
1735
7960
3124
4940
7975
273
11136
11659
7021
11400
6555
5578
5496
1452
10907
2692
2767
8410
239
1131
11623
7893
3264
10431
5349
5764
1383
3074
4860
1357
4871
2630
11024
624
839
4723
7663
323
1867
5256
2826
5172
7083
3927
8629
119
11552
11359
2377
5910
7509
10031
9218
3301
7524
4172
11293
9092
7879
9396
11446
11904
5037
6721
4050
6963
552
406
6213
3134
9805
11126
3298
11025
7479
2349
5842
11301
7665
9930
236
5781
6082
6079
7897
3163
499
4918
3625
3127
8986
3358
9182
7078
10627
8582
4839
10592
1217
235
331
4576
3188
7776
44
7925
11563
4216
3072
11326
7911
5022
6659
1594
8415
4709
2891
1245
7769
1540
4625
10725
818
155
7510
6744
8635
248
4014
7609
10828
5226
8174
8985
8119
9917
3189
2649
628
1230
2339
7707
10035
6830
7368
9812
1451
11094
1828
9018
1639
3864
7937
11105
11131
3420
3767
8727
5906
10855
8346
5596
3149
11144
9503
8514
5806
4110
1798
8274
10752
10135
1988
1574
11169
2723
2058
9954
9686
10272
9366
4509
10820
4261
9592
6251
614
3093
3450
1014
11249
1716
3905
7500
10373
3418
4651
3100
6464
11743
1211
11718
8826
9247
10532
8988
7086
5187
4270
2814
1080
9846
1607
8336
4241
90
7846
7930
682
8041
8285
9026
6052
11675
6005
5131
1400
10483
9692
7255
2262
9660
3245
9190
853
9334
7843
2274
7040
7562
4497
7572
1103
84
10402
5952
4210
6814
5681
3440
1567
7033
5597
1660
9748
3764
3584
10077
11336
10058
6951
2874
11459
2884
11082
3007
1826
5929
2640
9717
9754
5701
8535
10734
6437
10604
6322
2707
6158
7854
9302
2213
1359
2107
4805
5974
6820
9570
2828
424
292
1065
7017
10569
5734
5108
10319
9909
7196
937
3779
6893
8446
11715
9674
9136
11837
6280
11375
3266
7346
7723
4819
11099
969
496
10021
10369
5835
8529
4704
1148
10435
5809
11905
5005
3968
2151
10202
7761
2491
11823
10002
10186
4815
11124
2824
5665
11089
7038
2275
8626
8167
5395
6270
11015
3755
7917
10696
7204
3211
4308
4992
3540
11462
1941
10083
3599
5385
9457
4438
2597
1410
1214
9158
9422
6439
4791
7596
6217
605
8296
645
5500
3088
9211
8283
5208
2870
9100
5570
5837
10342
8430
3140
9134
9462
938
5520
3229
1862
1669
8197
4343
3943
3013
18
7574
10162
10901
10424
6577
9003
9492
5431
8452
9996
1570
10646
1743
7009
9822
9908
520
3937
11674
1658
3472
2475
3948
3934
7153
763
4703
7236
8027
4427
7658
7729
1091
3608
1101
7379
958
559
6990
6834
1519
8839
6128
2484
6634
366
6193
7531
1948
9764
808
11424
8203
10217
5013
7685
6783
8368
10680
2569
3520
3282
1664
10383
11927
3370
6966
8115
6572
10852
7927
4252
6683
3578
10238
5946
6605
2624
11602
6399
6101
9377
1006
2049
4011
269
1993
265
9106
10470
10423
8048
290
2912
10285
6542
9844
4141
4257
11231
6871
10869
288
7757
3107
8069
11893
6044
575
850
7483
5350
9914
6229
3949
9292
7801
9399
1843
1848
10716
3947
1694
4181
6369
233
11524
2647
1711
8374
5096
5737
5452
1462
49
11828
6673
5354
6004
7790
8298
443
10146
7656
4742
7180
726
2238
7932
2330
4125
169
1001
3252
2148
197
6122
3793
647
11227
4140
2758
8565
8758
11087
3485
1155
4135
973
3287
7151
11819
3638
5882
5594
6600
10027
2308
10032
6031
2044
4372
4732
4718
5955
844
4489
7913
10347
349
6668
784
8239
11843
5751
4018
1439
6097
5085
10057
6885
7865
5406
11387
8225
787
7684
5139
4577
5339
8059
2627
6625
931
2404
9877
1248
4855
92
5511
5437
2851
10985
6423
764
6748
11180
5469
6047
10640
9920
257
7240
9411
7651
9353
8964
5582
8504
4859
2997
1176
3896
9541
11308
3516
7955
10490
11063
7680
7084
8583
6015
1456
1092
6118
3239
10970
4441
11848
2583
7566
11449
1372
919
4307
5699
10742
537
9412
