3502
8921
2730
4080
2150
4057
4113
10180
9992
3990
10740
3409
7443
2087
9239
4838
694
802
7802
6495
9925
11597
59
7915
9392
438
191
10350
423
1491
6395
11119
6030
8349
8285
9289
8437
1729
3108
7181
1224
2734
9653
11356
6278
2600
1859
487
1662
10361
8071
412
2722
7260
891
1927
7795
9576
8488
3887
3094
8173
1456
3326
3752
8423
10377
3988
10818
10780
10252
9356
10190
2488
5244
11603
6816
11202
3568
11112
4154
271
1555
5293
2991
2692
5214
7357
10938
11717
6945
1909
4061
2457
11576
6755
2176
9179
3753
7369
6283
10501
1615
426
2564
10120
9105
5654
2385
5249
9818
8704
2311
3384
5559
5762
10529
1334
9435
5870
256
10073
8201
10378
6035
3550
7432
1287
10963
8597
11355
1647
2839
4847
6967
3869
1263
8051
7765
1146
10137
5354
6282
11863
2396
8184
7139
5939
4557
11274
2146
6195
5380
10302
5046
6366
3815
2123
1276
6909
3204
5596
11
3836
3681
4756
5891
2083
1770
8996
2731
11794
5712
1593
9847
4907
1704
3638
6431
4064
629
1627
9225
9015
2117
5525
2966
4888
8137
8534
4417
1874
2371
2867
4984
7554
4276
8189
5894
9440
5510
6047
2930
10403
6605
9
9244
8072
10325
4914
212
5635
613
10604
8432
9181
9502
8394
962
4298
9111
148
2608
10262
1906
731
10838
3555
5484
5836
4413
3772
6966
8475
8529
4742
2345
9359
7104
10637
9489
11155
2861
9135
6920
10744
1679
10100
4415
6244
7898
11607
785
6662
10917
2719
6910
3797
9609
2660
10126
10592
4340
2523
10785
716
8810
3655
8307
2471
11829
7583
1765
6517
3876
548
8430
7458
11012
10470
9095
7891
2032
9227
8775
1232
7996
3965
2843
5809
10565
11483
9275
2486
6736
1455
10425
3331
6844
9862
9087
2344
1754
1198
537
2228
7961
3338
3295
7709
3428
8718
1968
7049
862
11085
11106
5439
9385
10730
10179
562
9539
1692
9853
9416
3704
8757
8323
6173
6841
7986
4602
7555
11273
10023
581
9108
5883
8339
97
2027
2010
1838
4904
6948
10
9669
11872
9334
4880
11840
7736
11241
6963
5374
3394
3746
1737
8178
8607
2639
524
2288
7881
9895
5388
3069
7827
11907
9884
376
60
6796
2441
8448
9538
6783
6044
5851
1415
5684
3760
9998
5740
7909
10683
3892
3522
2777
2439
10389
10444
5771
8264
5443
3556
1502
8284
8372
9627
9665
2304
7697
429
3910
3365
6482
5168
7613
11242
6685
9282
10982
11128
2078
10140
6176
9265
2035
4980
3511
2469
10793
2006
6073
4006
1497
11255
10693
11775
9872
2290
8133
6817
4350
2133
11837
10995
580
7596
9964
3989
11566
7682
5566
11524
2914
6019
3935
11458
5438
7755
4301
5418
9178
11542
1322
8623
7105
2359
7829
6923
5521
11657
3551
3774
1983
10685
3120
5292
345
4375
1764
8034
2691
10115
8400
7844
5730
649
923
4290
10759
7863
50
7774
6713
9688
4312
1603
3925
4530
7849
9797
2303
2039
4746
9742
2773
3813
7490
3289
624
4951
10770
7201
10893
9190
10148
11032
11897
5876
11248
5256
325
7513
7638
4784
5737
3591
1717
2535
10341
11053
1539
4216
323
2611
559
11881
10052
9395
7060
2373
11181
3570
6389
9500
8558
11658
5940
7919
11104
9599
11800
4148
2890
11711
2243
8934
2938
10258
7684
3859
11836
9339
10623
7009
3487
3492
10927
9918
750
3446
6020
9690
8574
6611
2225
7617
9710
5693
6886
9910
723
5540
1354
3792
5471
10009
1613
2064
9594
1626
756
2135
6142
11869
9975
11496
766
2795
2979
383
11148
4346
8568
3879
5411
2903
8793
2650
1836
11105
11124
3902
8919
8904
11661
7064
8156
1832
7231
4647
120
7255
5336
2590
4499
6467
9126
3961
5430
4660
778
7944
7047
3186
10856
3146
3220
7910
2245
3476
5674
926
2389
295
3112
4995
998
8263
2375
5580
3694
8508
9493
5841
8866
5697
8929
8436
7216
1149
3297
3162
4291
1736
6155
2571
3231
793
8640
5610
8759
7696
6383
10671
79
6345
7878
11605
6284
6133
8366
8621
3155
661
5822
3016
1253
6985
1702
11000
251
540
2810
2524
3614
7288
3128
291
7148
4218
9946
5584
7628
4926
4239
10606
9431
3521
2021
2057
2436
7252
7430
6924
4710
6731
440
4681
1807
5322
2487
10722
8497
10639
10901
8383
7318
6980
8023
568
11526
3455
9982
3309
6648
196
8127
10733
8390
4825
2275
5511
2573
10558
5852
4451
7971
5827
1379
752
5101
3117
221
4108
4933
475
3822
4610
1451
6933
4182
1857
2796
3147
1871
4385
5107
2593
5692
6169
10074
7096
5401
7980
8317
11195
5503
8250
10875
11730
5081
2480
10497
309
482
3987
7823
2274
8613
288
9854
11628
413
7499
811
332
2102
7681
9065
10881
3130
2477
991
4262
5757
2295
8415
10616
10653
6190
2814
11600
8237
1744
1912
10923
6692
5676
9942
3984
5551
9144
10054
3510
8186
11623
1018
11914
10922
7779
11011
4107
10931
5394
2475
334
11874
3076
7080
113
6722
6734
7609
6519
5506
5289
10883
5391
9176
11215
7843
9821
2401
8403
4073
7727
8948
9194
4429
485
7412
6521
7836
488
4198
231
11107
689
5237
10049
11860
11206
3567
11034
4859
153
11516
7109
260
10794
10863
2579
3184
8471
7038
7274
7048
2193
6246
10958
11179
7543
10966
9238
10975
1279
11247
9544
9035
1310
9269
6609
11735
10836
127
1829
1576
10326
428
9856
5784
10083
6138
2186
8005
11683
1400
2845
5791
6712
1511
9832
4145
8685
3993
10945
10335
8770
2195
9756
4300
7963
7168
656
1667
5648
6125
11067
5310
8760
2153
2007
8309
6227
10631
11239
9857
9731
1441
11052
1261
8518
9746
7831
322
4592
5191
6248
9558
11218
6705
5553
10329
10006
3561
7340
1188
10912
2841
10517
7947
5946
2208
5832
11745
10124
2835
8319
10195
3883
9966
1973
10656
7024
9528
10309
3374
3851
7253
5815
4474
6063
8338
919
2458
7212
2081
1285
1355
1945
1009
10476
10259
3173
7893
3018
1975
3044
7624
699
7607
1867
4541
1162
11257
10330
1103
9574
7502
8962
8043
11137
1286
11278
1632
3637
5637
927
10244
10344
8599
8837
5287
9093
2900
4875
1408
1325
5173
10113
7655
151
10077
9322
5555
8247
4687
8075
10224
7071
10141
8151
1911
1896
2493
8617
3909
247
8573
187
2779
4349
11328
1080
11656
7323
2851
1980
3671
5232
9452
6340
178
9869
10849
7724
5536
11293
4570
9595
10315
2512
8427
2412
4621
11702
3412
1538
8876
4329
11552
9926
7818
5034
9858
4981
468
2299
11875
10371
3275
1174
10988
8903
9848
5925
2534
10831
11292
11102
10705
4863
10458
10196
964
3122
2229
11595
11473
7403
6264
826
3053
6513
9209
3685
616
11001
9707
5956
9106
6112
2426
3325
179
517
3322
4599
672
6870
5819
11216
5235
10915
8222
11431
7500
8884
6936
4508
6543
4418
5531
7044
1022
1888
8842
5899
8478
9306
3302
5282
3719
7238
2354
1949
7267
11491
2673
7278
9876
10539
900
4846
6011
7155
9318
2676
8805
5995
11383
2421
10650
5802
9142
10998
6180
1804
7388
10760
937
9404
3949
1097
1079
9253
418
4762
10839
4261
7882
3666
5570
10282
5683
10843
7395
5376
6869
1294
6483
5687
708
5741
3
11668
5613
8827
2070
10338
6918
5833
9148
3665
4316
6748
5175
9185
2528
5515
5434
5459
7381
1357
3232
10731
1409
10768
2347
443
3313
10993
2517
3733
1442
297
9822
5479
2338
4297
2741
8872
1989
10233
11479
669
7685
9714
6443
9368
6571
2548
7145
539
1244
8449
5725
8165
3202
10238
8269
3046
611
11332
9394
6479
202
3008
4833
6219
4893
1708
7337
9388
5155
4580
11426
7647
2096
1545
10826
2808
11251
4964
10557
2521
593
9638
7204
7322
8826
5504
6393
8671
5775
64
10581
1320
4996
1053
11463
11375
4295
469
4396
3347
3422
10051
7566
7463
3445
9846
11189
2281
1676
6
6511
8158
6024
1845
2040
1696
1814
5959
10876
2390
5465
6645
1090
7806
9089
2911
4212
8206
2922
11258
7751
7953
6834
11912
5989
870
2080
311
6370
11563
7855
5061
11073
6700
1457
8456
6875
1374
2708
10388
6545
2013
7920
4887
10828
1070
8823
3418
10627
472
10999
2286
2437
6256
11416
2806
11677
7748
8313
963
3251
9711
9192
5869
1706
4655
6051
4310
11733
5079
11329
3212
10036
238
631
1594
11306
9814
864
10847
10868
5082
6573
4745
1183
451
3126
6737
11095
578
7345
10374
10626
47
6288
4202
7438
7591
8779
5492
5494
4405
2204
7086
11756
1443
8494
945
1237
5163
9909
1121
6457
3802
6159
4703
743
4538
364
3749
11349
2752
2652
3750
6587
4484
6406
2894
8811
4929
8021
9568
1743
4157
177
1351
2745
8360
3880
9819
4227
4353
6078
11638
6762
7786
11366
6161
993
5213
6285
7558
9215
7334
11406
1127
3004
8233
8376
3050
210
6392
4754
11498
6849
1935
10362
298
10333
9719
2443
9770
5924
3160
1760
3628
8655
798
10666
6135
11784
10310
10960
11755
2597
6351
9737
7326
6086
11152
10402
6170
6101
1541
241
1703
8965
7644
8981
11408
6995
8228
7027
2783
1395
2244
9709
1476
5188
2876
7788
9268
39
9166
8863
5948
9324
7799
9352
4440
1697
4852
3210
2293
197
4235
10037
5183
356
11368
6324
5281
7268
11546
1347
6884
3545
6603
408
1172
7641
6160
10216
7442
8987
2322
9284
8406
10576
3997
11518
3878
4078
7324
3532
11851
1307
5075
7004
9515
5050
7584
4755
7481
6528
7615
1984
6072
3161
4065
11497
8648
7475
10781
8060
1788
3765
10001
5661
7248
804
571
2348
10276
3353
7167
3475
3580
623
7892
5872
5405
1257
2589
11397
5097
9436
4114
3415
2053
4146
4268
1664
8603
1976
7115
2680
2043
4607
10410
434
808
6986
4523
3983
2142
152
4856
3258
481
2584
7784
880
329
8194
3775
11760
5985
11804
6106
3209
11684
190
11298
869
3850
7637
10635
7522
7243
570
6245
2358
2767
8769
4251
2082
4289
2502
9332
4232
1910
181
4520
10229
1481
4302
1710
9434
8836
572
2173
3971
9743
1196
141
8096
9140
10676
6751
9396
4561
1557
11254
7820
8694
9873
2860
10419
11593
406
9320
4605
5639
1533
10803
7074
6378
8666
9581
10110
867
4750
10642
10809
105
4177
4167
10553
8143
8537
4341
4778
3562
3875
5523
8641
4339
4525
5664
6778
5508
9555
7101
9409
3843
4038
10069
4582
4000
9728
10979
6372
1895
8504
3459
4938
9560
7764
4543
11016
9911
6348
11635
6840
8392
3609
3921
7740
5707
5011
5187
6359
3722
10062
9650
4977
11409
9504
7623
10300
1745
10578
10348
6453
7304
6150
6341
9402
9898
7974
8922
5516
5782
8296
8350
1782
3616
819
552
2055
10599
2364
6602
2981
11156
6301
6062
5366
9169
9098
8953
7022
11199
5636
10139
1078
9444
10648
7032
984
9518
7542
7848
11690
10568
6415
104
6375
11177
2254
9290
1349
4511
4394
6581
1902
7550
5783
11904
5709
4956
2301
2904
4547
4855
5456
7807
1158
4455
3282
5751
3534
11198
7962
7097
5043
11774
11523
3192
6707
3676
9970
677
9890
11285
4923
1969
7187
4550
7730
11139
3378
1891
2442
4596
644
6618
7496
9957
10949
7927
803
6099
2381
8907
3071
6663
4576
4172
5266
10398
1301
5716
1972
5069
949
11712
11081
3519
5440
7600
7817
6794
6776
29
6566
9880
3730
11522
2369
10242
5813
999
11720
574
9586
5890
1175
2888
1203
335
3954
966
8622
32
4044
10125
387
11281
1160
10081
11920
10273
5609
3105
9573
9310
9424
3947
1176
8018
7516
1064
9041
4810
9874
4889
975
11262
1214
11899
2313
513
7384
2902
2817
7483
8645
1674
8013
11578
5779
6330
5746
5578
8109
11316
9943
4589
189
2594
7237
6964
11287
9914
5442
5965
2630
5768
8635
5327
722
2878
4119
8702
11753
4365
5593
10340
10132
1841
6399
2856
11225
462
3527
3801
11917
3241
5270
5448
9947
1892
6741
1466
4521
7793
2546
10093
10487
747
11390
2577
8387
3006
664
1192
6192
5125
2240
1145
7146
1602
2834
973
3256
4719
4165
5665
5710
11629
6638
9082
1356
4093
3013
10145
11392
10363
10477
5667
10191
5641
11466
9582
74
7582
6626
965
3924
8410
2196
266
9234
9469
3653
5695
2106
7036
8259
3111
2780
9050
78
8152
7125
5015
10263
7851
6651
9189
7416
11476
9420
4901
10382
701
9084
4423
4686
3213
3716
5025
4527
9983
144
2130
11744
61
11885
3170
5108
4040
4954
942
4659
7616
8943
1493
11098
4982
3391
8077
10742
1272
8092
1492
7477
9976
8010
8829
9663
6026
4287
11448
11858
7300
8136
11171
7233
154
2065
8112
8843
6653
6008
8265
7757
4021
346
1656
9387
10948
254
4843
8791
11428
6591
5696
7333
6468
11023
4226
6682
10423
9798
8562
8396
11645
396
11354
7575
10646
7671
2257
11640
726
9840
4122
6525
5094
6505
1877
10327
7450
8620
306
4160
6128
6267
3781
303
3627
10076
5897
327
11550
2567
9447
5821
8281
7305
9683
1241
2857
10530
2778
10386
2607
3905
5546
8489
6304
8031
9995
10502
7298
3279
9357
6704
7383
11639
1839
3277
7281
1278
5672
8576
10609
7459
3922
2289
4486
3565
3844
11886
8881
4789
1011
4656
6056
8507
4998
9255
2148
4560
590
9104
2530
6896
2305
6632
8190
6266
10430
1774
5806
897
2710
11377
5530
4792
8536
11457
42
4052
7156
5990
3606
10994
11021
1089
8833
11419
8116
7983
11892
3901
2702
3356
7700
3116
10467
410
1712
4905
11444
7749
7922
6826
6696
1152
2873
3083
7990
11540
1746
3782
4871
7226
5548
7649
8926
9708
9494
10088
6009
8695
159
5670
9585
4162
3364
9243
3688
696
6780
7930
5147
10508
11649
6162
1137
6174
8676
11688
5023
5049
480
2658
9963
6935
1609
5166
10864
5694
2735
3343
4927
10978
7020
4724
4477
9328
9866
5228
8335
3354
10556
1562
11927
10050
3473
1059
4668
2707
9386
10694
4563
11817
9785
9978
1824
8949
5788
10172
2761
8968
567
11079
4330
150
5014
9456
4939
5679
11442
9774
7488
6286
9109
8353
692
2239
1527
1863
7529
2450
3436
11299
5077
4314
4796
7501
9553
5480
11317
10480
9260
11165
9613
6839
4307
6793
7746
22
9294
10227
4678
8055
8883
5651
9433
6531
9145
7015
4862
281
4205
9491
3043
4058
7590
3023
9203
4791
10019
4913
3028
2509
7687
1534
1714
1848
10111
10237
10593
11731
7552
7446
2250
11871
7676
9439
10313
648
6325
5885
5301
1023
6185
4857
3707
7527
6213
6968
9034
5344
466
11358
8838
912
7175
9481
184
8414
6724
5181
5805
717
7314
3125
4524
1507
9212
4393
3465
7129
3324
7854
8084
759
5616
65
1270
7811
4551
8600
6947
5253
7511
5702
4204
527
6122
2320
8790
11380
171
8278
7213
3153
11370
8639
1056
11818
11418
1081
8575
4771
5594
7449
6582
4371
1633
6697
9861
3005
8442
11027
1060
6508
7360
9365
5078
549
10970
11451
11080
5036
10956
7404
10611
2978
10198
2754
1190
9641
10772
9513
9037
11209
7704
5334
9125
2854
8858
340
66
7507
3041
5226
5072
8103
2967
2054
1163
9022
5974
11687
10395
11611
3503
10427
4616
10356
3697
9535
1554
8662
6004
6872
8920
6111
5943
8199
4545
3278
6706
8520
11396
7867
7377
11058
5254
9753
2635
8241
1733
9765
2063
6754
7098
1600
908
11877
5066
11501
1445
4800
10755
11019
9293
1501
2555
9408
748
2298
8541
6848
4850
4894
6036
9248
5847
8311
9032
8560
7228
8282
5115
10579
53
4173
8312
435
1433
3575
1589
9741
10439
6958
800
10368
10842
10880
9971
5194
7785
10399
7486
37
6353
8697
662
8185
8999
4010
9751
10268
744
4612
1952
8932
9353
4967
9812
2655
9127
7561
3143
8677
1328
10890
4336
2768
155
8737
762
5659
5738
8441
9052
3119
11591
9143
9006
2352
8020
3442
1034
6901
6424
5627
3360
312
6940
865
1422
5119
4751
8046
11547
4063
3058
4002
1748
1218
11843
6667
38
1465
8594
10997
3486
1556
2596
5866
1072
5552
3369
7992
3382
4830
9066
1365
1890
1446
4018
8217
1473
7505
3367
8687
9771
9480
6718
6590
4458
10961
5539
9369
8128
3093
9311
9411
89
6970
797
4818
10494
5018
8971
2121
2999
8438
7308
5308
5929
11555
1464
6784
7732
3714
6932
3889
6116
7603
9824
10095
3491
242
8792
3216
7912
9017
185
6193
1625
6391
8059
11572
4642
650
1872
420
2588
11893
8085
4327
156
2151
3943
6721
4569
8798
3785
11359
4029
9954
10763
5750
8302
3001
9928
8345
1536
10174
4487
1828
674
1187
734
1827
8699
6077
7886
10269
10985
4721
6774
8135
2749
6016
118
10583
6126
10087
10106
6427
8001
11340
3662
2920
3640
9601
5444
1898
5131
9953
5100
6775
8095
9092
1031
9217
7466
2973
9698
11662
9944
2545
1495
3308
3758
1271
3099
9781
2651
4104
6447
8818
5152
1005
5860
9128
9815
8377
4071
9053
9950
8559
10103
1698
10319
7913
3340
6726
10065
11200
7151
8754
5364
4101
343
2844
4603
8213
3629
6664
7320
2563
5624
3569
9214
11617
7698
8234
8739
7219
10766
9141
3194
3471
8248
2863
11767
2267
5143
9330
1590
10652
11312
9823
6584
2363
9938
7923
6536
2558
838
10544
8197
6404
2248
10602
1087
8896
7725
1639
1223
3748
4175
4537
3649
1835
8266
6600
2713
6703
1914
1996
1513
11482
8931
11710
216
7928
1605
5360
2101
3777
2277
1420
1484
5026
8166
2155
7752
5298
8200
5141
7640
5399
8175
6900
10743
7025
8468
5149
4598
3267
886
10292
6054
3039
2482
7235
1477
5518
10484
2828
2763
10588
3383
11615
8616
9700
1392
10210
1757
9224
11321
2448
9593
1635
9523
3104
3233
8967
10413
8888
11233
5076
6491
11326
3440
4958
5297
479
7250
3439
0
11330
4407
8004
5053
6444
1469
1918
6957
2472
2413
2620
10684
3933
3576
1363
1994
814
10469
9974
9533
7650
7798
8691
1787
7877
1099
7355
5382
10708
3103
11212
11583
2718
2222
1136
4359
7137
8428
8365
10670
4935
10456
2585
10791
10299
4915
3617
10283
6481
12
4630
10056
5389
4100
4941
9984
4948
1368
9768
7830
1940
7434
668
681
4159
11337
9191
9685
9501
5994
10183
737
10243
6002
10042
6368
2233
3975
4370
5850
4922
3332
6257
7092
6017
3330
11742
1924
1042
9788
729
11812
4785
9174
3893
6429
11310
1962
4193
5127
4783
10833
3604
1116
8549
3542
9864
7180
821
5105
7633
7643
11166
10024
3601
8546
227
3602
7589
5798
8977
9629
2377
1985
1057
3547
1801
2615
4434
8019
6657
10339
18
7679
11741
11064
10144
7306
7653
5507
8543
7594
1515
2168
2704
3798
6299
6856
5065
3618
8267
3763
5732
11236
1061
1207
1156
11045
10511
2705
7677
1202
8280
9478
10516
11785
3684
4835
8761
9043
11187
982
71
7856
7273
9468
9706
10877
1830
11647
9259
943
6539
7865
1407
3311
6088
8298
11805
544
7723
10381
1047
9503
9277
11468
3416
9734
8294
5251
4284
4591
2681
6294
5314
5417
1220
4004
4133
2308
2952
2249
6954
3698
4731
2934
2435
5420
2948
10203
6152
1000
9303
6567
2154
11051
7888
272
4553
347
10727
2268
9793
1290
8115
8412
4225
7549
439
5619
111
7548
7691
4490
6349
3474
9029
4805
2478
3250
67
3017
8496
3272
2990
635
835
1058
10789
2335
1144
3449
6772
11579
8111
7573
5048
7534
9122
9157
3167
6305
7659
2747
11446
4739
3185
5432
2928
2038
3410
11763
9997
10108
4215
1418
3350
5351
924
11160
10976
8778
3624
850
2219
1822
4211
2075
11040
5478
771
3063
2067
9086
4074
11703
5089
9958
9114
1524
733
5248
8864
442
6084
6224
4896
7498
10682
7989
1988
9475
3776
4983
11495
8649
3196
4646
3283
5090
730
11405
9658
5488
10129
6390
222
521
4443
10531
2294
6905
8870
2896
11606
350
10687
5703
3268
4067
2138
9188
7642
4127
10296
6487
3657
10301
1619
8407
7368
3566
6885
3489
2853
7007
6921
95
3141
5796
1920
8446
2446
2404
390
4650
3321
5666
6148
11918
3713
2514
654
5914
10182
8916
6580
94
3118
4917
6339
9917
11224
5386
9980
5528
1298
3578
7581
6235
5656
5842
4640
9461
310
1025
4342
4860
8219
8734
8170
8063
7405
3579
2807
5481
9670
987
6812
1362
6300
1008
5688
11714
687
8672
1612
11825
10163
11689
7604
3530
7580
7526
9454
8856
11902
2120
11809
8150
1265
5176
8923
11084
7662
1669
2690
498
415
10450
1205
8220
7196
10851
5120
8357
6194
1982
1618
10442
7452
6423
1894
5984
6115
2360
10952
10641
9071
8980
10837
4617
5056
11324
9692
6623
3417
1938
11078
5324
2422
10523
10820
395
10217
5332
8118
1343
9206
11342
3687
7783
10815
3200
2520
11534
9713
11653
1382
11372
7993
679
6956
4928
7485
10865
1213
3252
2739
6221
6845
4734
6746
4384
3710
5662
5109
4426
2727
2543
414
9437
4086
7001
400
11424
10797
4163
9545
4955
4601
9317
3693
8276
2181
6369
9113
9160
10513
8270
10932
828
10515
1665
683
5202
6843
6750
9205
9516
10284
6937
6552
10370
8844
2084
1197
2237
333
11149
1631
9081
4766
779
2562
11389
289
9374
7103
220
2045
10189
5795
9273
8334
8867
1017
979
595
6472
11671
5991
1882
5203
4376
6634
344
3877
2662
2743
8950
10853
5441
3144
7133
6356
6354
3371
10957
3225
2695
8809
2791
7834
9879
7665
7394
10769
11813
1812
6065
2572
5169
2282
4776
7050
5889
4092
5491
3897
6524
9786
9570
10537
10007
2507
727
4391
3030
3986
7519
1281
9340
10104
6680
5369
4924
4469
9792
875
11103
11308
8491
8290
6308
8714
237
2574
6969
5106
3054
10397
10316
1122
3253
878
5164
2982
8961
10835
8785
381
9659
8974
7762
5824
9682
1123
2462
5554
6563
5030
1797
5745
7447
3778
5095
11782
1897
11026
4364
8435
4416
536
2463
2093
1439
879
7508
4230
2838
4470
9295
11898
8123
845
8289
7559
4466
4240
2387
6777
11571
1851
3903
2246
954
11178
4829
8727
2701
1396
1966
3870
5608
427
3926
5157
282
4019
6205
698
8452
2241
4051
583
8941
6416
9036
10151
3680
2698
5042
5403
5150
6916
9258
11038
1417
4333
7758
11167
6572
1386
2748
6799
8355
83
5708
11318
10585
5145
6306
6863
6636
7873
8592
7347
612
10654
8609
1250
11626
9887
813
2210
2141
1036
9986
981
8636
10862
1964
5812
4485
5255
6906
1941
58
976
7208
4191
444
6698
7321
6098
2127
9162
9522
606
8161
9091
851
9390
2533
374
11676
8304
6258
9151
3852
11433
2159
4322
336
4017
801
1200
1500
1695
351
3215
7735
6515
8510
2050
136
486
3092
2940
9745
8548
4181
6113
1825
3884
7315
7287
3559
9484
1862
11120
8169
4016
1208
6471
758
7563
6440
591
11933
8874
6532
7061
10906
279
10017
7332
5261
11270
11509
3042
10245
10710
4476
4567
6137
2733
1226
5753
9893
5498
10788
1361
3316
673
9961
10222
10192
4884
1922
11604
5563
6825
8028
4900
11115
1925
2561
680
3007
11346
7904
4571
792
2026
3747
11415
9571
9242
3539
2118
2909
2924
1108
6715
5102
5981
1803
8102
5325
10663
8905
9326
7872
10974
10586
3478
8079
2557
5794
10213
1614
5126
3690
9497
914
7018
3174
6833
9541
1655
7013
1948
9027
7269
8688
9208
9883
1266
2392
7804
6314
7781
8703
4555
68
11652
11088
2946
9323
831
3908
3301
5982
321
1480
11172
4437
5640
1448
5649
11507
10930
6450
2826
10090
5158
2880
929
9425
9279
7116
1293
8141
1262
2431
28
1331
5008
7034
3632
6714
7911
7120
4338
328
8245
9801
3507
3450
9170
10989
8824
2184
3284
2365
8188
7289
787
7514
2887
11769
4461
9750
909
4600
1798
7393
10608
1570
8547
2018
6769
1640
10365
5632
3768
9349
941
9483
6996
7946
8291
11253
9735
8492
4028
7100
9014
832
8292
11832
6216
1856
5159
2343
91
3049
9274
6293
1720
4285
5286
1584
9611
2846
4720
135
9233
5215
8710
8076
3526
9536
2022
9063
5269
6377
6950
4677
4397
4258
10600
497
5562
1184
3010
9875
7635
10677
8424
4837
1886
6319
3227
11205
10686
8567
8025
2906
6240
2659
5611
2753
7902
6031
8163
1052
4763
5218
6625
5607
9287
5787
2326
2223
11486
2485
6977
2292
11695
500
6716
9740
5003
1148
11758
2008
9115
9018
4693
555
6693
3724
6865
5875
2114
5881
4135
5474
4552
1558
5363
3205
4118
10719
7247
11240
11144
11335
1775
8162
7246
7883
6670
11314
2532
2556
2394
3206
6621
538
753
11873
11570
5272
9625
1332
10808
5816
7359
9355
818
3979
1588
546
10507
10500
5954
4278
1004
5482
10619
8047
5338
8598
794
3260
8328
7523
3803
5296
10859
8258
3882
355
8693
7053
9512
7364
7409
9989
2427
761
9028
894
7569
3963
8990
8659
1873
276
10025
268
7760
10332
8007
9517
3868
5755
2339
8232
7885
2797
843
9393
8711
6200
10495
2452
5258
8218
5306
5983
9764
5265
6140
657
2905
4701
9967
3932
5623
4970
8467
9155
4149
4161
130
3238
5328
63
464
1921
7448
11895
4137
7262
4744
6076
6942
2428
3715
9589
1231
4786
1113
2137
11929
8910
2553
10821
1636
7884
1419
7860
10422
7084
4439
11577
11706
11108
8731
5547
4781
6462
11718
8067
3673
1170
10630
4414
1434
2379
8834
6938
283
2506
9778
1115
7773
2291
9496
11042
2613
10543
4715
11536
564
4233
3668
2916
1100
10782
7023
9762
11664
7515
4237
1995
2171
5680
10505
2098
6103
703
9351
5917
5655
1255
7951
8900
6652
6403
5009
9129
3290
9834
587
7263
4868
7977
6788
8512
8822
9674
4128
2489
6262
1722
1236
2224
11057
4532
3739
3977
2943
7608
9749
2868
3885
1105
2317
9335
3280
2614
1865
128
6858
3091
2397
4794
7630
2062
10200
195
8398
1317
2723
11481
6156
7737
5207
1583
6397
5622
2265
4738
11781
10046
3064
10700
10567
33
2092
11272
3021
4176
6007
4990
1336
1724
8983
5199
1399
10274
3124
7712
5260
2496
9458
1167
7828
5368
54
8053
160
6460
6211
11915
470
2315
6087
56
6540
11125
398
5967
1678
3414
9025
11464
11004
5452
6223
263
11146
834
11208
6342
7719
2737
11117
8129
11802
2297
9994
10146
11173
5098
4695
7541
2785
6562
6430
11750
8453
1951
9044
11562
277
6344
10303
3598
3138
3513
8749
3819
3269
3419
10649
1410
3300
3276
338
3307
8595
8187
2132
8513
3022
123
4764
4187
2884
5446
7905
1532
5044
463
5475
4308
5239
2850
9766
5171
4626
6608
8254
1435
7163
5192
4669
9237
11169
7309
8581
5408
6730
1381
6504
1194
3040
5773
4667
11140
10376
4975
2316
2262
2408
7602
9138
4908
1428
11887
8939
7165
8782
1077
2327
4374
5718
9919
9180
2269
3441
11608
4688
10986
10354
4125
6578
6761
11762
2757
4110
1847
6838
9615
1048
8401
1929
8752
7090
8397
1390
2191
10739
4770
10526
688
7689
5544
3784
3413
6530
3372
496
5323
8530
11313
1277
10689
9820
2128
10954
1751
4690
4583
25
4824
3097
384
2923
989
8626
307
3362
437
603
9031
10520
9552
3274
5058
3392
4288
9894
9186
9198
3291
10628
7570
10854
5733
9805
836
9288
5114
5457
3600
8767
1280
7741
8804
5618
1490
4482
5834
5906
8299
3081
8344
8132
52
7102
1608
9618
416
7194
2840
523
11642
6929
7082
3087
10692
9038
6558
10347
1786
604
4035
4033
7170
5966
1715
3070
10231
9551
453
1683
11256
10506
3736
921
1323
8684
10317
1264
9033
2765
2910
5428
394
8663
8963
8514
11069
4139
8434
11896
4634
4645
1073
4358
11194
2034
11669
10230
6275
10391
2391
8893
2624
10754
1474
10829
10155
7402
4270
10981
5429
368
3548
7797
14
3363
4698
3557
8450
3741
2975
885
3648
3743
9246
2409
5591
2079
2717
695
9860
614
9730
6792
10390
3214
1628
10012
9929
10547
10655
8735
8122
2959
10428
588
11305
4267
5543
2715
4957
7209
1893
1273
9839
9492
7618
8054
6488
3190
10387
3142
1092
4383
10488
3134
7588
2086
2357
8515
715
6271
6503
3171
7987
1730
3969
4502
6057
10711
2582
8314
10165
4408
10665
6343
3699
6949
9583
1805
11504
11447
5829
7451
9901
10753
10206
7437
9881
8193
1516
10059
7107
10514
4498
4348
5599
4814
3218
11488
10414
1120
6239
7119
10889
3767
7593
1041
10027
5367
8006
9418
8272
6003
7257
8256
6546
9403
1462
10226
8252
8337
903
7645
207
10156
3898
11909
4199
8951
4269
8706
9546
9026
1330
1518
3009
11096
7565
7869
6574
7852
6992
147
4503
11922
2144
11654
2271
1645
209
5532
10633
7574
11795
2440
11505
9470
7564
3912
7948
1946
1337
6650
7348
4209
2800
9283
3982
275
4733
5128
3509
9529
10679
7026
3518
3131
5901
10039
8033
11015
1905
8817
11260
7560
9008
4450
10675
1523
9343
6046
9565
3034
2287
9069
10549
3992
11870
41
9817
7161
11888
7411
4054
5395
10157
11627
7108
871
4273
10891
8686
8674
3036
1726
9079
2933
10448
10776
3789
6139
6983
5086
10574
543
4892
6350
6982
1043
7675
839
386
3038
4685
4459
6758
75
8409
8052
7468
7935
9575
1884
6469
4489
7520
11126
6243
8209
7556
5073
1699
5414
3235
3318
1889
4628
712
2044
10375
5195
1585
4712
1577
2341
11900
4883
5361
11214
3895
2361
7470
8588
8679
4812
3916
3970
5111
5316
3860
9508
3296
9886
4323
11460
69
10778
4283
7908
8159
8098
2500
7772
8523
8957
5602
4343
8226
6172
11678
5445
4973
5224
9417
6287
910
2882
8524
3636
6520
3956
3831
7095
11584
7078
11230
2399
501
4749
4544
4126
9619
10587
7006
2505
6601
4866
7222
5645
5146
3454
8502
5913
1389
2875
917
3281
7800
11132
1342
10028
4874
5451
8689
1553
9430
3443
5811
10351
2836
7059
7954
9000
3500
7234
6688
7805
939
3066
7106
10437
3923
1414
2333
7390
10298
4478
5526
1509
11315
8469
8542
4585
6058
873
10438
5512
2266
10485
8632
6822
6867
379
8544
367
8172
3299
848
4097
10852
1282
775
6649
10566
1999
2410
6446
11529
5877
2418
4735
9422
8940
6984
4352
7711
6218
9001
1506
510
4140
6683
431
8210
8723
4795
9177
5124
2321
10595
11797
7958
6045
8764
7572
10830
6357
3735
5843
7207
10716
11044
2444
11429
10260
4427
122
6250
7504
2112
847
3400
11743
1177
8651
8230
10256
4138
9231
4366
842
1171
4007
11374
10892
4195
10712
4925
5644
5148
422
6132
10934
10070
11868
3496
9467
2464
1377
10504
6561
11848
11561
3230
11420
353
9263
5241
3453
3379
550
6280
7425
10678
6897
2220
2310
7801
6553
269
5690
8464
9664
11891
4618
1344
10871
11724
10640
585
9117
9952
8411
615
11919
2451
11599
10420
11162
2637
7769
6597
3731
1651
10447
1551
5820
2119
609
2675
8347
6554
6117
2891
3390
3266
11219
11589
72
11290
9261
1104
3787
5184
1030
11197
6407
4345
1629
11437
4848
4174
877
7825
10133
6214
6384
4779
7921
575
1140
11532
1284
8320
9354
4565
3178
4517
4670
9921
10521
10281
10002
6922
3494
2178
11867
5257
8140
10964
4084
1818
9305
1186
10992
7790
457
20
7959
9413
6091
5765
7670
106
3594
10385
1503
2827
5922
5577
10232
366
8305
8789
4822
1035
11751
7538
5274
2824
4705
3856
9100
8643
10091
8268
2602
1790
8461
3929
3796
5485
2200
4991
11926
4711
8153
3438
7606
8899
4166
157
9051
4252
5118
4452
4121
10887
5196
10658
4861
7327
2356
7739
2024
6189
6635
1789
382
11291
3563
10366
8160
6926
3564
8342
10308
8024
10805
1063
1864
6646
6744
5550
1165
2908
7398
5450
9684
7421
1327
11086
2217
5231
2544
11443
11413
8325
9580
4224
3182
9540
10454
129
11222
5356
9383
8519
1638
5435
5717
489
11150
7230
1133
8114
2180
10063
932
9686
1735
6298
8236
1971
8119
2945
8590
8331
11616
8839
8038
8746
9962
913
551
1508
1333
7419
10461
7363
5643
1039
4304
1763
3821
6297
632
7731
2686
9073
4870
6120
4185
3584
290
724
8696
7544
1204
11585
8988
3642
6959
5855
1813
10207
3403
4014
4644
9401
6864
7418
4699
7118
8593
9299
5357
4115
11076
10726
319
5112
2461
8042
7122
5558
2516
371
7678
6474
4257
8148
6684
4849
9550
7525
73
4422
11467
9948
9072
10018
11074
8634
3806
1413
4228
10147
9646
6594
337
5896
2852
494
5920
6686
1324
5463
2694
918
86
10107
1427
9476
6153
6114
9495
4641
5436
6785
4902
36
2420
7341
9445
5476
5747
8100
7091
10939
8297
10688
4597
11506
2467
10737
8221
7875
8516
1168
8991
5892
4494
988
9715
146
4620
1792
10790
740
5415
7968
1772
5021
728
7239
4652
10131
2915
7292
9828
4001
10481
9415
4467
1019
8225
6307
326
1283
7153
8683
7702
8554
4533
2234
5116
7123
8037
5541
1855
5854
6265
4164
1069
6978
7866
10254
11309
10942
8301
9473
10819
2831
2929
5220
2382
7399
8692
627
586
5483
3032
11778
8889
6550
5288
287
3460
11827
7471
5863
3857
2550
2859
10482
2235
11849
6079
125
9592
1189
1915
676
11754
11161
6801
8391
9591
11739
9610
11399
11039
10717
11441
8555
5193
8367
2907
7142
9045
3025
2921
4760
10879
193
11303
10902
8956
9047
11822
8653
223
3396
11554
6254
9120
7982
9509
4047
4447
9648
765
11452
389
7140
2696
2366
2016
8878
7054
8917
786
2759
1398
139
6202
1846
5904
9164
10287
1709
7088
8678
11567
342
4709
5273
5230
8179
1142
4082
7130
10990
9712
2218
7272
3048
2772
607
7808
2157
2231
7592
4867
3095
5052
168
10944
6514
8126
421
10510
7286
9102
2263
2479
4360
11282
7942
10752
7997
6145
2762
5781
31
7154
2740
409
6367
9211
7378
8421
11716
2066
7837
9348
7692
3667
8381
9667
4788
217
9973
8192
8875
8348
678
1260
8669
9153
9110
2378
1243
960
3995
1016
10035
11673
9280
5797
2104
1483
3577
6595
1173
11182
7547
1869
675
5200
1095
9767
1521
2492
1037
11456
1029
1024
8484
6675
702
10799
10109
3351
6105
4737
4433
5167
4911
10359
3424
8208
10841
483
8273
162
3090
9112
7242
1586
3337
2470
7346
5950
7012
2569
5766
3917
4930
2883
3955
7176
9780
8658
8624
11035
5606
2926
9870
10967
7182
7276
8605
3800
5347
3261
10099
6585
6451
10272
735
9789
1438
3533
3136
9406
10703
4398
8615
4188
8998
10468
5252
532
7601
2628
55
4819
9968
9572
5041
3015
11708
5305
2552
9865
6979
8716
10996
2847
6690
9471
2784
7284
11071
7780
5329
10186
2912
3248
2832
7943
10394
1526
782
4959
2578
5240
2314
10651
1054
5390
11407
957
10311
7017
9016
9584
10848
6061
11207
6414
4513
4898
6763
11815
11826
9763
2587
9182
10030
6168
8431
8832
9757
6199
11279
5960
11931
952
7713
2276
6448
6529
531
7897
1682
10034
906
2072
8545
11133
8358
2110
8781
7822
9325
8493
4399
9729
6988
6824
780
594
1012
11311
8788
8030
7551
9221
4587
3336
9579
5473
9760
4431
5583
11705
3497
3962
2014
9252
3952
6676
2989
6557
2774
2211
5615
5898
4834
3574
11145
11020
11704
2598
2258
1622
1303
1001
9603
6577
2273
5588
2823
3587
5285
6831
9448
7223
2036
3934
5935
1209
11586
8887
2848
8584
5706
1520
2346
7385
5225
10810
6760
10318
2221
7862
9466
11477
7976
7859
5953
3061
9410
175
2139
901
1767
8847
2429
11713
2971
11930
6480
7517
11300
5197
5888
7686
10804
3469
3199
2644
6053
1630
6668
4505
9011
7114
1800
5911
2259
206
9691
2483
8370
10983
986
8984
7900
2642
1793
1234
2459
90
7745
6038
1091
2374
5858
2510
2549
163
11855
6689
9312
4528
1977
2818
1769
2126
6961
11046
5392
10235
1082
7062
764
8610
10632
4083
5895
10647
5993
5243
8260
6458
7478
7397
6001
713
6382
3593
4210
1110
2874
2665
8177
8654
9849
1488
2264
452
6699
7493
2685
4691
5569
11266
9046
5660
4586
10668
10699
2103
5903
2187
4773
7620
6832
7067
6021
7599
1157
7579
10223
1416
4472
198
3669
10266
11237
4942
9907
1305
8587
4277
5573
6360
3219
11770
6559
1883
994
9161
4577
11845
2536
11568
11450
10827
9882
2788
5907
6991
11698
4272
7261
8675
6510
9904
2400
3938
1530
4049
9733
1659
7191
19
5565
11679
3810
10601
4271
11932
4648
2542
11029
4112
5761
6064
6234
7717
3659
10462
5205
7382
1378
3370
7970
1318
228
10055
320
1454
3686
6196
6379
7770
693
1519
7973
2974
8531
6374
5040
10085
11228
1861
4263
3779
5039
296
11336
11701
8989
10947
10138
2812
6005
3886
7045
244
6273
2190
10261
8960
3077
9525
8249
8416
5723
9149
6640
985
9679
10047
3675
6925
11876
7494
2956
6268
3639
6207
6358
2976
3304
2647
11188
3420
1721
4506
9795
8212
11459
300
7266
4457
596
9472
8701
5129
6771
4672
8279
2405
11575
7112
3168
4912
6819
2030
8794
3766
131
1943
8995
7077
4953
9868
7440
6222
9235
6171
7406
1880
4389
5612
11226
11633
9267
684
454
1641
911
10911
5977
5460
11666
7889
6187
10713
2460
1423
11022
5699
2004
9800
868
4558
11746
4752
11118
7407
5067
10457
1164
8982
11637
686
11573
11403
2041
7621
3896
2983
2766
11284
3585
1750
8712
2674
10812
6129
6470
9933
4708
7619
1106
8229
7127
7014
11360
10424
5818
7465
3477
3426
3288
10813
3976
4303
882
5136
1425
6976
3429
11602
2056
8352
9791
6740
9794
1561
5
3906
667
1547
2307
7586
2918
9891
11493
6765
11432
10698
4246
240
8061
9900
4446
4775
2330
5315
6263
8447
4129
10598
8454
8928
10784
11908
471
5377
6888
6883
3940
1296
7056
2592
8927
6560
4098
10972
2529
6678
9377
5068
8994
8732
8721
9226
245
9755
2140
3411
7099
4611
7571
3434
7531
3958
5568
1997
11006
4120
2158
3717
8138
933
7871
397
6333
6032
11700
7756
9074
9270
11234
2539
4853
2188
1086
5969
7331
1181
5012
5051
7132
7069
4020
9088
8486
2003
7626
6461
3285
8457
10463
317
7055
8181
11116
9199
2416
265
1820
1471
7429
1315
4761
3537
2255
11341
232
11183
5963
10560
9059
7792
9561
7205
1993
9654
4034
9345
4836
1394
602
11655
3881
10729
9960
7445
9773
5013
7330
6789
11548
2069
1563
6074
5938
11766
6029
5384
6695
6449
6723
10746
84
1424
6588
11646
8147
4510
7256
6502
5814
5542
6182
11423
7186
2965
1118
6419
6197
5250
7796
10142
3359
10122
10455
8460
3035
6184
1199
5010
6791
6311
10928
1267
6147
8700
11369
8813
5625
3102
7183
9645
11903
112
10528
5970
8860
621
6270
11696
6542
7065
3011
3052
11077
11438
7753
9906
10440
5033
7121
3245
7310
6565
7474
5083
10590
2012
8134
2992
4201
4765
3862
7473
10518
4879
10607
4220
7503
6781
11531
598
4536
2855
11352
6607
10907
1404
4539
6279
2864
11223
3452
4409
7937
1567
7512
9457
5631
6338
4039
8803
6231
8363
10680
6656
2052
4753
6898
506
5772
5731
4142
133
11773
7343
3433
213
11114
9056
11728
7339
11824
5575
1954
9076
2595
10118
852
1210
11850
1833
1212
4692
2203
3645
8569
11559
7083
741
9807
7143
3495
7415
3820
2300
369
9442
8728
226
9725
9315
5424
8947
7925
9152
10561
10681
5091
7063
4845
10629
6198
11449
6081
3463
6509
8183
372
7075
3529
3904
9612
3264
1249
5345
8898
7585
2147
5409
3620
2901
4945
3406
2913
9606
3198
3712
1604
4804
4839
6725
820
4581
9687
8644
8505
4062
3355
7039
3828
9656
3865
10432
3074
9507
101
4608
9118
8215
4255
2111
6527
1550
6673
10736
7759
6331
10984
2941
10723
2089
5019
116
1151
330
10474
1755
11738
11821
8474
11122
2122
11062
5976
9802
7938
11184
1222
7019
10709
8408
3344
10846
6452
484
922
10349
6827
4324
1440
5362
1610
4535
9703
7509
5715
10937
10921
11157
3361
2661
1403
6252
1666
9955
6846
10855
349
2169
11362
1494
6212
8637
9462
7680
6598
5671
1749
3100
8933
1288
8579
9548
685
10275
6654
10573
4170
7335
4869
2340
9080
10886
2603
4841
860
8627
5691
9292
3837
11338
3236
10248
6795
10825
249
7721
6401
10559
542
11056
3595
2037
972
659
8986
4767
1498
1013
450
6881
11511
9635
5234
5617
5739
9636
10662
8480
143
8389
8039
6352
9220
8057
115
10765
11357
4842
4031
10369
8120
3773
6315
2862
1373
3239
4638
10816
3145
5673
2618
8485
6934
9969
6687
5001
9002
6387
7657
2213
7433
1
224
10020
4153
3224
9889
11535
9146
5952
5222
499
7461
3825
2209
767
6418
10288
6931
11024
10176
11901
11859
1761
1711
7605
9039
4740
3229
9845
1179
10013
3790
8091
7379
5071
10946
9131
5900
8935
8395
907
6835
1128
620
4932
1449
1677
11461
11594
7413
10160
9173
855
459
2793
718
10795
3110
9981
9060
3123
3368
2498
441
4488
7984
6237
229
7158
477
4189
5032
10177
3287
2547
3807
5630
5472
5087
9863
6999
4633
11394
11453
11393
6042
10064
7636
592
815
6411
10555
8583
324
7524
6764
7232
2503
10066
9602
10101
7553
5760
6512
9399
9405
4549
4382
11592
6422
6829
9939
3388
7164
11776
1383
6786
6747
7668
2047
7530
7190
5174
9988
2201
3352
5467
8736
4131
10584
8476
1345
9327
11190
4732
7202
5006
10116
6217
4362
643
11289
6228
2688
10270
7901
10466
5964
6260
373
9640
1015
8800
8509
3430
7595
11127
4680
1297
1401
6158
7903
7010
6847
7492
3732
9068
10178
6972
2789
2334
5905
796
4296
3613
9450
553
9993
5634
4095
10286
4468
7981
11543
4150
4023
5689
2849
4802
2958
10720
5144
11484
7271
4372
1634
8717
6756
1725
5728
9054
9937
3679
4729
10130
6144
3319
11388
10267
9397
11601
6274
82
9758
4972
7173
3663
4318
7291
7028
5500
4421
10307
3237
4575
6146
666
8196
2499
7184
7400
3385
1228
3937
5177
1326
2455
10171
8652
7479
7356
3597
884
7
11220
10546
7338
40
1544
3086
905
1155
525
6551
4213
6296
6955
5886
11636
1166
8807
1316
6555
6253
4584
246
4759
4798
2009
3586
7941
358
10295
6589
9375
6373
8958
11841
448
9935
10194
6889
8382
4891
8501
388
9316
3166
5941
6803
5605
7949
4826
3389
1505
2058
1795
7945
2414
6089
176
3193
6425
4041
6975
6893
248
108
4952
3633
6476
3407
663
7506
4190
8596
8003
8310
7688
8014
8890
4717
5268
6813
4594
5727
9903
11910
8650
1574
8851
6039
2388
1178
2961
10779
1461
9810
3957
9379
491
8110
294
8045
5677
363
6647
9563
4696
2721
2899
7833
5986
5626
2746
5928
791
8274
1843
898
11246
11343
2453
5799
11736
11280
7956
4081
5945
1998
7311
4809
5139
4171
5698
8877
7467
9748
8036
647
8216
2124
3075
3437
1367
5933
10134
6251
6143
8729
11856
7350
11322
6232
4424
8772
10625
267
10492
5084
8499
4622
10761
5080
3811
9367
5461
3488
7214
7417
9608
7392
11271
2988
4542
541
3158
6953
2668
1496
10801
11129
9587
405
3172
9941
8495
11351
2495
1542
3342
7035
11631
8379
8104
9732
5837
2631
1246
87
4390
7290
8068
1707
9048
4743
8329
7664
11099
6878
7557
3621
1766
2020
11154
2285
8303
4885
6534
5778
11732
3188
7890
4807
638
7510
8413
958
6408
11500
6708
4994
8557
5848
2664
11141
6809
626
11596
11092
2095
11686
8306
1624
2764
4060
3967
7188
810
1340
10048
10701
1040
5918
3448
5493
6661
6586
11924
11725
7313
11515
9426
302
6292
6492
8458
4079
9040
4844
10824
9547
5227
3804
10751
9624
1335
9916
5597
1620
7358
514
6059
2679
3327
3799
10127
9007
3670
11109
11185
4614
5038
4326
10872
3096
4087
7270
890
7111
6394
6575
4707
8784
597
10152
8861
3623
840
7916
11471
7029
6820
3179
4438
8483
8722
11788
194
180
9361
8647
7695
27
4059
8058
6523
5242
10026
10965
9809
8257
10615
5614
11401
1083
8868
10372
1154
1256
8080
11878
1658
5497
5937
9626
9207
11439
7236
2720
8000
10204
5831
8405
1251
292
1002
5748
11180
9276
8901
215
6631
10950
234
5233
8340
6014
8293
4574
2653
8466
11643
3794
11259
7043
508
3827
4253
10154
7220
4997
8527
3222
4516
11819
11514
11421
9090
10822
9341
9083
3846
8081
8840
7491
3840
8733
5433
11558
7887
3845
5524
9520
6757
10823
6082
4292
10364
3106
1908
1259
4895
6441
8479
6396
8108
9218
8093
5427
3549
2671
1006
9130
3315
10314
2494
3423
6497
7611
6873
6855
11367
11839
4851
8713
7771
5663
859
8698
7362
2627
8393
5658
11163
6442
1689
10644
10011
2951
8026
1096
24
7371
9790
3953
3098
6533
2892
2714
6134
4831
10071
6136
5276
4726
9844
1780
1360
955
7850
7809
4266
7699
5278
8087
6485
6123
2059
1309
8745
4026
4009
2623
7672
9505
357
9278
4238
6164
4299
9094
1230
3084
5865
4441
946
2935
2949
4309
11210
10800
11492
5657
6439
7206
6167
10205
11134
1129
9951
3788
6946
1823
1479
10305
11541
7070
9871
6617
8538
7302
1578
4564
7464
709
5137
5307
164
10098
7965
11757
1759
511
11325
7351
9867
9314
1654
10617
2107
2830
5604
1130
7299
1068
4363
4331
10185
6892
645
4025
10392
10691
7352
8078
1138
11618
8088
6773
5449
841
1460
7654
6022
5378
4572
9598
2942
1753
1468
21
5311
11513
6043
10452
1075
7528
7577
7777
938
11176
4117
11814
7988
9878
9498
10060
11697
10016
10884
5522
3060
2869
11097
11445
7634
940
44
4089
11721
225
3647
3672
7839
8373
9281
1248
6535
5318
7316
11772
10293
887
4987
889
5704
8368
5790
11094
1621
3088
8630
10193
3866
6400
653
9651
8155
2468
3240
4864
4456
9726
2575
1575
455
853
6255
467
2097
2672
4206
8009
7387
8747
4768
4890
9012
7622
9319
6861
557
6908
9681
3397
9718
3484
5416
6204
2877
2531
9633
10905
5849
10850
7457
6630
261
8321
3872
7646
219
9524
11508
1504
2551
4045
2616
5961
3590
7870
9101
11319
6166
134
11557
11787
7295
7349
1919
6815
4808
10610
2406
17
3528
6175
339
5638
4635
4500
4806
5027
1369
2993
3615
2136
757
9562
9567
7319
7178
1076
1686
1387
6579
7673
8040
8205
6615
11517
5321
3031
9482
11765
5971
9133
9407
7994
4716
2425
11384
6242
6674
10168
7714
2969
651
1313
10888
10747
8561
5916
11295
10870
3583
110
8318
5295
1247
10415
8261
2337
4780
8819
5705
5998
11916
9927
10324
10228
4404
7317
6547
6671
5932
4151
8571
3596
2515
8032
8012
9702
7708
8371
3839
1107
4231
4943
8786
7408
6313
7489
2061
3560
11412
3156
2816
3208
7832
11472
7975
2996
1926
951
11906
3654
9419
11590
5721
5592
9831
23
10443
2605
6337
3998
10435
3873
11002
5509
3764
5534
8180
9364
2871
11386
4453
4797
7738
8582
9344
8074
2113
5996
4024
10379
11880
5579
711
7847
6327
6891
10236
1974
3734
6027
5423
10811
10498
5975
203
9286
1598
3506
978
9384
5437
2917
9859
11659
3999
3581
10015
660
3062
10792
11612
9236
9673
1901
10114
10869
11740
7631
7152
7744
7150
11474
6201
4985
3115
5462
518
9761
3395
3755
11440
5138
7775
2629
5572
7899
2750
7612
10211
3874
1143
109
5519
2776
2742
10212
9213
117
10661
4736
3973
2881
582
1690
5245
8324
9232
7842
9485
8808
3019
6249
1141
4217
445
5997
4903
8399
9945
9680
3939
8090
7011
9521
7715
11091
8164
948
5426
2189
5486
4629
1876
6206
8565
7857
7374
7197
6919
4526
10589
7052
2000
5868
3376
11345
3271
4351
3286
2643
5789
953
7480
10434
3457
534
8117
528
5355
9696
1044
4936
7853
9123
7157
8203
8924
11434
57
3020
375
9723
11913
5845
11353
80
8631
1791
10532
2538
4950
9660
2811
10173
1961
235
3650
3151
3393
7285
2709
1522
7625
2011
6289
10404
6624
8022
1637
2756
1380
7726
5652
6770
2017
9851
4249
6496
1195
10041
6614
8113
11644
6836
6912
4425
9329
1489
2837
7328
11625
10045
6944
5675
4355
5979
370
6473
11334
2897
4105
6694
9139
7224
9333
2362
10306
5413
11485
10328
1182
7652
8564
6711
5742
10336
11010
5557
2931
1517
3674
11528
3546
961
4666
3611
7113
6903
7227
754
4
4208
214
11810
3451
2048
473
3197
4921
10913
1560
8914
1027
4588
3919
8612
6410
9486
11556
10053
3920
1463
6107
1601
8776
7868
3644
6060
1102
201
6717
1051
11203
5770
5300
6738
6797
5587
6130
5489
10094
7578
3249
5470
8913
1732
10279
8482
3512
10735
4823
6619
4194
2540
204
8251
3164
5407
5317
10541
4613
8506
10128
7931
9451
4313
11221
3630
11803
1411
6402
5453
1616
6805
10622
8880
8182
5201
641
4247
10321
6666
2384
1796
3646
2501
3720
10832
8465
11135
5063
9566
9099
3386
9549
411
8852
2272
6642
3508
849
11820
2684
1936
6203
8912
9449
605
8271
8086
11587
6000
8243
3404
7720
8174
9721
8490
3888
3169
7597
9421
7193
6484
2466
1125
5887
742
11297
4143
11381
11350
10885
5744
34
11469
10445
7225
9019
1668
10690
239
6830
9666
5331
7660
2336
7144
628
2957
11565
3203
1397
10214
4940
4293
5792
4636
4518
2115
5204
7846
9614
362
5007
259
9488
8955
308
11089
1771
1314
2473
10777
8287
4632
7016
1579
7766
11436
4554
7149
7420
6583
2781
7031
2423
1693
7282
11790
2656
1606
8976
10323
7303
5206
6904
4347
11110
6742
2077
4556
9811
2947
2370
2163
11670
10429
7066
6154
5817
2669
11621
11410
2367
9596
547
4420
755
3246
7518
3294
11323
5302
5229
8952
3863
9372
9564
9347
5501
9119
3033
2192
8806
8741
9527
169
5793
3759
2775
5962
4878
8142
11835
8065
1306
8906
10900
5571
6658
5304
6939
520
4179
4242
493
11660
11808
4099
3320
11475
2706
6092
9298
872
6188
2332
8481
11131
3490
1459
4481
11838
1777
11123
4748
10418
5186
4464
5057
6828
3181
2109
6321
6220
10908
9124
10977
8362
4627
8646
10696
4377
1799
1117
5404
10409
5514
3930
2986
9241
4918
10657
10552
7482
1821
11882
995
4412
7444
4639
8417
3554
6599
7598
7189
10162
9010
8946
8041
9637
8862
2790
4392
1684
10084
3702
2581
8105
8886
5074
10621
7656
2511
6998
6141
5763
6691
5346
8477
8945
8050
4068
8459
2100
8426
258
10577
11082
8993
9346
2801
5951
96
8535
4886
6023
9077
8015
2820
1568
458
5720
9825
2591
3107
8500
8375
7472
10878
4243
10031
3399
502
2932
314
9885
465
4937
5326
5393
10004
10895
10032
1986
11707
11737
6989
9078
11164
5161
5017
5029
11427
503
6821
7874
11777
1111
1965
9534
1528
2131
5807
5529
4714
3721
9075
11480
2576
9949
9321
10525
3073
88
7147
5140
5016
7051
9996
6310
9308
172
3201
3951
10738
7819
8246
11373
2640
7373
1657
11093
9699
93
7297
7021
7265
1134
10509
7134
9769
10271
11530
2433
1376
9920
1098
1093
968
5902
7663
10591
2985
8049
1235
1681
9511
7141
10787
3894
11196
352
7694
4777
5713
3991
5574
11923
5830
2964
7003
3072
5825
5769
5724
3928
6506
8664
1549
5711
10416
3381
5160
10903
915
8799
10936
8550
4989
5846
992
7283
4256
6303
1595
5582
8202
3708
2782
1339
10524
10255
7192
10040
10257
7367
4881
4519
8487
2987
7089
6593
9487
8690
1109
11265
7924
7344
10225
7876
9195
1811
2716
7484
3516
173
5758
5236
7487
4704
10491
10475
8035
6876
10548
8380
10136
2769
9892
9676
1499
11663
2822
4595
2445
11694
8753
8835
1731
8572
4631
763
10624
10105
4969
10184
7312
6151
947
2527
10807
990
11398
10112
11072
5431
6334
6768
121
8532
3725
4102
6385
5767
5045
2518
4480
1074
5113
7763
3525
9783
8286
10894
11009
4947
9779
6564
3769
5923
8724
4088
833
1268
690
7030
7072
9632
2073
6941
6951
4653
7325
3838
8211
8300
11211
5211
7046
6437
4816
2700
7254
11598
4976
7211
5022
772
7033
4664
348
1124
3771
7733
6068
5454
1032
10571
6616
10358
6464
11059
4260
944
2049
4317
11174
4048
9116
959
3723
10845
5319
5000
7329
10383
6015
6290
682
9808
5247
823
2866
2380
670
6127
9097
8742
9796
11709
2724
10471
599
4030
9285
1592
10503
490
4075
1934
8801
4706
9697
4727
4136
4124
3946
10572
5823
8578
10771
6719
5419
3312
6604
5134
5037
1245
11430
3047
9163
3357
9427
7926
3742
6973
4920
11028
5992
5668
526
5919
1652
2183
6028
3729
5862
3695
9590
6272
10075
10082
1453
6804
9530
3189
6405
8341
9827
4279
2015
9159
7057
1663
1150
4876
5576
478
10757
6633
7803
11175
4005
1817
6225
896
6710
6236
5402
4654
6050
7414
3751
8044
9429
7778
8638
652
3323
85
4546
9337
9171
2252
806
6808
1913
11025
6729
2541
9200
8238
11063
2166
5909
2419
8725
7690
2962
6489
7610
6386
5628
8845
402
3832
7939
10215
6874
8902
7614
165
11650
9722
7816
2649
636
1599
7210
495
7185
3890
10773
2726
1900
2526
16
11624
9717
10290
8
2865
186
3692
10538
1705
6376
3682
3754
3770
11147
1933
3678
6669
11191
9499
856
4462
2091
9843
2599
2770
10218
3968
8787
11465
6787
1191
6860
8308
2799
8849
505
589
2944
6388
7787
4200
10897
7439
4229
1319
7658
4741
4949
4186
9915
1514
8429
1540
3816
4050
4381
2167
1591
7791
8755
5421
746
5343
3398
10021
7336
3265
2508
8667
11502
2198
2296
5722
8891
8897
4286
10550
3849
8673
1932
5980
3818
11648
8570
560
6096
7955
9655
2621
5280
770
10664
10672
6463
9787
1537
751
4993
10899
10941
8089
10667
5893
2368
10249
4512
2005
3176
4960
2306
9300
706
9803
6569
404
9830
10786
9607
9531
9297
2088
2324
273
11791
5397
1352
807
7838
2842
3544
137
3358
858
1762
9023
1487
9634
3152
6178
7562
11890
10512
8404
5560
407
1153
5564
8964
6928
10844
280
5844
10840
738
103
10834
7826
3079
4999
1950
7160
8854
3740
9021
9922
5381
8825
5180
10280
7221
6012
1543
1311
10918
10119
8873
3942
10078
8743
10453
3067
7380
3467
7229
10534
8361
1850
6927
1688
7750
2712
3024
6639
10426
8589
545
8885
8629
4965
1747
8918
5800
1258
11667
563
11780
8528
8402
5350
9747
4192
10436
10706
3535
6823
7126
9257
3129
293
5978
380
2738
10297
8145
4689
5867
10086
4203
9644
6355
1776
1045
5957
3303
5927
3608
2889
10143
5729
8262
2744
619
5153
3380
7169
8551
8720
5400
1431
854
7710
5096
9990
4813
9736
4085
2476
10643
2570
9806
8857
7454
579
4931
3132
3959
4497
11879
2609
2954
2177
1292
6943
1834
8925
81
6852
6090
3899
10750
2129
6295
11525
4442
6323
5212
600
11921
10166
2622
7858
5425
3706
9121
5313
10346
795
9804
3592
4320
3858
11037
2606
7722
10535
4593
433
1582
10061
6291
8521
8709
8966
9336
98
4684
9474
1923
11519
824
1660
7917
11244
899
6361
9228
10240
1778
1329
6326
10728
126
9250
5216
9058
9363
10089
8017
8780
704
10373
7159
10968
9979
2402
8139
6907
7995
6071
7985
533
10367
3133
9923
5999
9694
5005
1680
830
4496
461
7568
2646
7000
4400
11748
9204
8848
2074
9799
11347
8191
1132
8771
7533
3135
4671
8214
1161
7386
1252
5208
8751
8859
11533
3501
8766
1742
8374
10005
4158
9777
10291
1718
3217
4013
6067
6854
8606
8773
4515
2042
6798
5142
7073
6902
7706
5803
6568
3298
7821
522
4037
3003
1338
5520
601
1937
3842
928
11041
558
9428
5934
5135
8821
2242
11462
9956
4395
515
5785
8973
11365
3387
1572
5179
5545
5879
10741
7353
9490
1238
4132
9850
2143
1221
10380
6810
9775
584
3113
5410
11682
5949
10527
2214
5130
2804
5210
5808
10721
8346
9833
2725
3703
3180
10068
1147
11277
11320
10220
8027
6494
11749
3635
6790
5267
3348
4475
2090
6877
5054
4479
4811
5861
8498
4625
1026
7812
7476
2751
2411
2165
805
7906
9631
8351
1429
11213
6363
1569
3163
10762
6628
9510
11729
7667
1903
6110
1341
11036
11261
1819
4096
10953
2687
1752
9301
4386
4076
10783
48
3791
5275
2537
3631
1014
4432
2349
6516
9254
10749
3114
10320
7952
4449
8517
9604
8540
7427
5490
11889
4817
11385
6165
4840
6215
9897
4747
1646
8070
6435
3505
2185
9838
1038
6362
6247
9704
2519
9423
9158
8911
9003
3944
6477
4328
9137
5330
4803
4379
252
3263
8997
9720
9096
861
5271
10605
2162
2798
10479
285
2657
3435
3994
6109
8369
9661
665
3373
10043
5513
11681
9616
6037
2960
8227
6346
11168
8628
4369
11378
8633
6010
2033
9064
132
7967
6965
9605
11068
11238
5871
2424
1219
4265
3029
3985
6871
736
9455
9013
3605
7532
2207
2568
7729
10582
304
1421
512
3573
788
2449
2885
3911
5838
2693
2699
6238
5309
925
1987
10645
7728
5092
1842
2870
4483
5780
7277
4675
10169
9378
9835
3121
3183
9136
6899
2755
11747
3677
5538
11232
9913
5262
11789
11153
30
4637
3257
6131
6637
9559
10758
299
10971
6316
936
6660
7693
3855
8705
7435
446
2858
11075
6627
10159
3078
10117
1067
10352
10767
9338
7767
874
3936
11263
1486
6104
11925
1566
5303
4056
6915
5359
6679
9776
2559
9304
8124
11854
1482
1458
8048
6478
8455
9167
6498
10545
3848
10449
3339
6752
9519
4103
8168
4619
1713
6866
2238
4241
10695
6466
4042
6655
10405
2256
11793
6733
10814
5263
492
8420
11489
10175
11521
1135
5973
11811
6895
1837
11719
2029
5333
9752
8451
9216
8936
10536
5294
188
2809
691
9813
745
3520
3254
2216
2108
1623
11759
5358
11857
3207
8242
4036
6328
183
8602
11395
5151
8073
1180
4354
4694
9055
10718
8812
4974
5874
3931
3068
4992
6702
3427
6868
11422
8277
3960
8763
10904
10596
6049
4548
6070
8149
1193
7864
286
7200
4910
10150
6149
7431
4130
4504
5921
3664
10067
1295
2970
4168
4529
9678
8756
192
1852
10334
119
8855
11327
8815
6549
2604
4722
2236
9744
6500
639
7245
7813
3226
4070
2001
5853
11779
4725
211
8440
10121
618
8330
5383
6732
9107
10241
1956
15
11048
1028
4507
9414
10396
6381
2670
3891
790
646
8154
2580
11828
205
837
5165
9183
866
4134
8682
11551
1670
7929
6641
10417
8972
3835
2995
9062
844
3462
10208
5291
8708
2071
3656
114
1806
10987
3425
7824
5353
7460
11783
11862
9888
3466
11083
997
1648
1548
11580
6665
9256
10080
5004
8566
3823
4615
3783
3626
3082
6767
11490
10433
5477
2456
8828
11853
1046
2430
934
7370
7539
3228
7914
1007
7376
5598
10857
5947
3981
11245
3980
1430
6981
7707
8681
8938
11138
5093
10858
9657
4606
1992
8738
3140
8444
7535
3517
634
8871
6592
2648
9412
6913
7136
5856
8882
99
102
8795
3582
8552
4454
4436
2232
4325
1062
3468
5777
2182
1955
6917
5198
6806
1643
9376
9184
11033
8719
10962
2094
5466
7259
829
519
2736
1967
218
11494
4055
504
7940
11574
11288
11582
4254
4357
1878
4184
4111
3786
6040
3607
8820
10158
573
5864
2682
9600
2125
2484
1384
5170
3080
1596
9398
9705
1650
8869
11512
378
8814
3137
6075
5299
2632
1802
9193
456
5339
11680
5590
10181
8167
4944
1794
10796
10441
9506
9842
11588
7401
5320
11641
6080
9302
4730
11275
2172
4562
3795
3553
5749
7249
3538
11768
4344
8969
6486
8223
10980
11549
8850
70
8853
46
7978
4178
4514
11379
11296
2802
5020
3089
9526
2626
7008
9877
3243
1879
5585
5209
2215
1815
6335
5873
3756
7354
5882
9061
3599
4463
6610
3824
3456
5840
3536
7410
6890
5342
10278
6538
507
1033
6269
930
6576
11307
6438
5122
9647
26
230
10724
9201
6745
7294
9240
10277
3421
7462
10943
5028
6499
5878
8207
401
1565
10289
3945
9693
5839
1371
1928
9446
5373
11111
2247
5734
8660
7632
8176
4986
6709
3805
10008
2481
10407
9852
7999
11013
9432
769
1393
9716
11252
4274
1917
9836
5455
7629
2105
4236
7218
4491
8585
11159
8255
5533
9623
1211
77
956
6850
11435
11632
3292
385
8171
5290
377
4774
4460
7280
4493
11691
4321
11371
2525
3014
10926
360
8283
301
11050
1552
2833
7195
2283
5348
10097
11792
6727
4988
10486
4522
4540
7215
1758
8765
1529
1055
9085
7936
4305
8240
10079
4069
449
1112
1475
2205
2667
76
8425
11830
4156
10342
1201
1478
1611
2977
3479
10234
10167
1783
7969
7436
9463
10265
4219
8195
2051
11170
7456
857
6971
243
4356
8539
8556
9196
4066
3154
9936
2351
9382
6994
7240
11267
5379
7754
6241
3738
9940
4623
4590
5172
1809
3833
8511
7998
10669
6412
1131
3744
3660
983
11007
7495
3375
1990
11217
10563
7701
6055
5682
6643
1559
3864
10817
10201
9350
8985
7199
4658
7172
3057
11113
5422
7279
10533
6420
7964
2953
9924
8388
11609
1139
8522
425
6501
4782
11823
7666
10882
6434
9251
10312
9931
9542
4673
1734
9677
1010
6911
658
7426
8942
236
529
9959
1406
8235
3051
1701
2939
6013
10401
5567
1233
2197
1671
9309
10058
9249
4027
1353
9569
1899
8064
1587
4234
11520
7251
1916
11727
1991
10421
9588
10659
5341
7375
9479
11264
3634
3726
3651
1066
1904
6541
4248
6997
2
2319
2156
2152
1617
3622
8680
8002
5774
11363
697
4531
3652
3366
3523
5931
9991
3335
577
3498
4180
9652
2825
7537
3718
4380
7651
11884
9902
7174
9020
11911
11361
4428
10734
9999
10393
920
3514
4820
2610
5586
9187
2353
8239
8359
3610
6526
2968
6728
5337
1970
11786
1887
6962
892
5764
9837
9271
1653
4854
1126
8979
2202
2227
8354
3262
9168
1412
7669
11269
6990
7880
5047
732
11283
4275
10400
8657
4674
4332
11806
6851
7815
10603
8463
720
6302
8783
4245
1088
10935
430
2179
11842
9266
10562
8591
8125
4872
10092
5365
4214
1784
9829
10460
5735
2760
7768
11417
9042
1535
7424
10702
5035
10748
8069
4183
10304
2278
8661
9465
5059
1085
6421
5776
4306
11070
3175
2886
4294
3829
4445
5349
10135
9070
2803
10251
5535
6433
167
6097
6445
2076
8107
11861
10496
5987
610
5246
11538
5669
4435
1881
2325
11136
11304
5283
8762
1021
3499
11487
7661
2625
10806
1694
6210
10861
3401
11061
4662
10384
6739
7627
9373
776
5908
11544
8992
11376
7423
2161
7058
7814
10860
4757
6371
3927
6475
315
8830
9342
9671
2980
3472
1831
11613
2565
5857
10914
1691
8740
11101
3972
3745
2206
1432
9899
3834
6759
637
6318
8909
11031
7841
2028
8433
7536
1958
6102
9782
10022
5752
3157
9264
6095
9617
11333
3255
10715
3482
8316
4828
2998
11301
8231
10554
4144
10916
4919
1216
5219
9908
4882
11715
4169
4012
2279
827
774
1661
2454
11268
3211
4406
7567
331
2280
3588
6336
138
3026
5828
7081
6277
4501
361
6518
10802
2019
11722
9905
9972
4003
1321
9772
3408
208
8470
969
3809
1094
9291
10408
2415
1299
1739
10239
7110
9370
11054
8327
6720
5340
10636
8326
161
822
199
4221
7179
11250
719
8288
1447
6914
170
11331
9578
5743
7455
4091
10197
11503
6879
7264
3402
10153
5132
51
10473
4663
10955
10029
3540
341
10925
2134
8083
2434
10337
3485
8343
8553
11723
4387
2149
9358
5561
1289
6802
1573
4282
2432
6312
5104
817
9816
5406
7361
10614
655
8386
1269
6006
5372
1781
5221
11846
8066
5701
11121
11905
6380
6782
9597
5810
9371
1359
2490
2872
9400
7950
777
11510
4311
3306
3558
1225
7734
7135
3918
10464
2612
2711
6332
4873
7933
816
9460
6320
1672
7972
158
3195
980
3900
5930
10322
6952
7794
725
2465
11402
3150
4946
8730
262
264
8011
11798
1716
2025
8774
6186
11726
11553
8029
6034
7960
1727
2566
11693
1437
967
10202
8978
8336
43
5880
11665
7117
5629
10499
3346
11928
10219
6432
3950
8670
1875
1853
6347
9930
11801
10170
4043
6426
9222
7138
5375
4713
5264
11454
3814
11005
1808
11003
10010
474
5589
8744
11382
3234
1607
5910
3915
9620
7068
7391
4367
10714
