418
1203
2856
1196
843
687
1348
1523
3612
2990
3576
268
470
68
307
3987
1364
1722
1531
3102
4168
2603
3437
3849
3155
2248
2372
74
4102
3463
1373
778
2358
1448
1770
2629
2373
257
396
4705
2957
3330
585
1101
3242
2561
2427
4538
832
115
4078
4649
171
576
2828
879
1495
3508
1865
4240
1873
2492
4165
3074
265
696
836
718
3552
2684
4604
3256
1561
2211
1404
463
371
4253
1909
4327
1602
4503
3672
3033
3039
4452
4039
1498
2234
4888
38
2762
1518
4586
2737
4650
3758
392
3344
773
3422
2600
2320
2709
3912
2896
537
2976
1443
4339
2658
1340
4636
654
2504
64
4218
42
2018
2437
2483
855
1097
2590
3032
198
1170
2478
3276
4099
500
2336
1603
1019
1164
3305
922
4408
740
3087
2591
321
1521
394
2314
1793
2761
4637
1081
84
3178
2046
3246
4161
2902
1664
3901
766
2509
2264
2203
4375
2303
731
2383
895
320
2355
972
4100
1336
3636
3085
1679
2948
3734
3601
2596
569
2377
3110
276
2549
1892
612
4114
2435
231
1997
3189
2499
1551
902
3227
2986
1857
943
130
2317
642
1288
815
1840
4582
2038
2620
1536
428
2883
3586
424
1745
565
1717
3668
4404
479
1803
981
2056
2615
3147
3708
313
826
4629
2515
4273
1973
2440
743
4208
4657
2701
792
4625
3703
4232
1354
3688
1305
2951
3818
2897
1011
1754
1935
1187
131
2345
3646
3760
910
4287
2052
2217
3862
323
152
3748
3535
3661
1605
4615
381
2219
2064
1331
4271
2002
4179
246
4810
2277
3317
3813
3363
4849
1293
2253
999
2178
2982
3400
4469
2908
1123
4750
2969
32
1422
150
448
3100
2114
4740
1281
3983
3860
761
1061
1300
4159
2363
4255
1073
464
3294
1804
462
4073
466
1316
1251
4583
168
659
229
4573
3986
3518
730
317
4182
349
1122
3680
5
3640
2210
4355
3598
2530
3009
919
3613
950
993
650
4499
2464
973
4733
982
2113
2601
749
1326
4476
3526
1589
1862
4565
2782
1740
845
1557
1344
1260
1720
338
4423
2394
3236
3301
875
3350
3722
846
1261
1898
4143
2030
4854
669
332
4652
2874
3476
1416
4735
2567
2141
3279
4197
2095
3608
3562
226
542
1833
3224
2262
2240
867
3645
3789
3230
877
1995
3355
363
4122
4495
4845
4752
3329
4535
4508
3999
3048
1095
1052
2469
1156
2416
2805
1889
3822
1435
808
3392
791
82
819
3238
3451
3869
4842
14
2310
4385
3637
1511
4486
3027
4266
1516
2562
1427
3798
3313
3810
2070
713
2780
1214
4895
3270
4389
3511
2950
4664
2716
3490
986
1558
3519
3662
4103
222
53
2337
4017
3853
1410
3333
4814
974
3619
1907
602
365
2807
813
987
3460
2022
3840
4853
775
4807
200
2096
2961
3047
191
4620
4453
1957
4796
1763
4837
1885
3815
1283
1931
1492
184
1402
1018
553
1355
913
1229
988
3233
2135
771
675
2891
3088
2361
3958
984
482
1553
3376
544
2270
2988
1378
2173
1508
3625
3549
4286
998
3909
4709
1385
249
2495
3643
4693
3297
1541
4760
4867
1023
3973
809
4280
1756
3484
1361
1270
2696
2653
3235
3495
1538
2190
4684
2587
97
447
3239
4724
187
2274
1921
3345
3777
583
4148
4628
87
4802
4517
2972
4891
647
2607
1520
734
155
4797
2366
2857
3052
1471
2845
2729
4838
4577
3390
680
4617
4092
3663
1706
2661
4243
1303
3844
4655
2816
3040
3942
3811
1980
898
4868
994
4097
2191
2305
3883
3595
4192
1368
4343
1383
716
4654
556
2311
2098
1403
1546
3675
1571
4493
1944
442
2514
2917
1445
2138
3459
4703
312
1647
4831
3340
2910
2800
3116
1246
4490
3916
4077
4492
1930
2529
3012
1597
2365
3766
245
3773
1419
333
279
1620
2598
4882
4721
4308
4272
942
4299
908
4443
4302
3324
3706
4561
4736
2794
2439
2973
890
3442
250
2007
431
611
3615
3461
597
2993
4162
2853
2189
4647
1665
1999
3423
334
4426
342
291
1409
350
2486
1724
1441
2026
3304
762
453
1242
27
3454
1814
3483
2867
3765
4466
2662
4278
686
2298
3525
2792
3509
2513
2624
1836
4738
1434
4141
4020
443
1751
3629
3229
3060
632
2093
1092
3873
3193
2731
2550
292
1002
367
1554
2582
1274
2900
451
215
1346
487
4109
4487
1618
4021
148
1457
4444
4233
266
2282
2423
113
1312
3372
4322
4032
1395
2502
118
3560
4753
1086
335
1593
1715
2300
4642
3951
2239
1284
2258
4672
4662
590
1550
2442
2406
613
2326
1137
2888
3453
918
1078
3383
4200
799
3439
287
3205
4040
3049
4697
4554
2754
2043
2261
3271
1136
2938
1244
2924
3667
2735
729
1910
2732
1769
3832
580
2555
4836
1392
2443
1372
3455
1848
1005
1649
1218
834
1915
4474
1183
3491
3561
2295
881
3710
3177
1096
24
3153
1227
1249
4787
1050
389
2327
860
666
735
678
4856
2391
630
865
4418
1874
2718
4614
3021
4288
592
900
1588
4151
1473
2169
1677
1025
2577
3429
939
1462
3547
1578
4442
4553
2223
4129
2322
270
4646
4757
4089
2692
344
3441
1446
1945
1891
3692
3713
4874
20
3731
1069
1226
1414
3213
3953
3191
1654
345
946
1265
157
2925
3976
106
3368
3426
213
4512
810
3241
4348
839
3018
2571
2676
3654
2184
1675
4585
4686
4023
2593
4149
2581
2859
802
3946
3885
1333
2677
964
2246
2849
1863
3245
2685
3665
2797
1746
3543
698
2810
2844
1399
1864
2376
180
3259
2994
1988
709
1041
4341
4238
3119
2436
4269
1912
1911
122
511
2036
101
328
3903
2695
739
3674
4437
2405
1197
3282
1130
567
4382
2392
1068
3143
3939
2123
3590
748
1176
1165
311
3285
566
1678
3774
1470
2084
2399
4640
4516
812
2054
1138
3644
4463
3924
2482
4310
3841
4530
4447
4362
275
143
476
4877
3108
2103
894
4800
758
1577
4835
4875
3438
4494
1215
1676
1075
4224
2079
3480
3203
938
4759
21
2003
1370
4795
2187
1789
1735
4695
2407
4083
2941
3428
3016
4024
405
1490
2943
4153
940
3244
44
4104
4746
1343
3106
3944
181
2075
4415
1248
391
4062
3364
1172
3771
4028
4598
3249
887
3704
459
891
3893
2323
2342
176
1719
1040
1037
438
2417
4823
256
2873
2628
4687
2971
884
4509
4220
752
3260
2879
2548
1192
4884
3431
1029
4186
1174
2928
1812
1575
2388
1177
206
455
965
4295
2395
111
4352
49
624
4584
1243
4827
3516
3816
1255
794
3957
2769
4685
4665
1695
2212
2321
2221
4230
2881
764
2688
2574
1349
4450
1436
1320
2037
3797
3657
4407
483
4409
4086
4403
1157
3913
4515
1768
4289
2616
1128
486
261
2706
129
1655
4624
3411
219
141
3886
2409
4455
1016
1562
3179
1504
2063
2111
4645
3031
2158
572
2905
985
1982
4283
3123
1337
3146
3443
4806
3959
765
4749
3071
3584
4158
4774
2834
1205
2498
671
555
712
3111
1632
635
2431
912
2655
17
2551
2793
3800
339
4578
2286
539
1576
2193
3126
3486
3512
2060
1369
3469
1567
1363
2359
2584
3199
757
3920
3020
4261
2460
2618
1527
3721
4126
3865
3948
1076
2827
1387
435
220
4370
4714
1080
3357
294
457
3019
3532
3964
471
4557
4815
1962
2171
2516
923
2057
2660
1786
1610
4465
2291
4497
166
4349
562
3017
530
4424
2313
1570
3358
3367
2720
4309
1056
1893
3843
1209
4365
2159
3600
4132
3620
4601
2586
110
2302
3399
1906
1199
3395
3286
1669
1077
4222
2779
3574
4790
684
3796
4414
627
1609
412
2899
2271
2697
2118
1450
1142
3172
4593
3764
4237
1173
403
327
4198
55
2334
4131
467
3013
1564
4783
4630
3038
2137
859
674
1107
477
3743
847
2539
594
673
1264
1477
3386
3192
1345
13
3982
3699
3785
2352
768
3954
1160
4317
3955
3212
525
4520
3267
1232
1976
2062
951
2500
1456
2023
4786
2136
3185
4550
413
578
1127
1788
2659
2746
2602
4457
23
4298
2774
4325
193
1682
242
1089
2501
3653
3418
1846
2552
3303
4036
4702
3933
3611
935
2835
2589
357
701
4575
1868
260
1594
390
1391
957
3275
1805
4150
65
2991
409
2218
1379
1162
1483
711
2164
1918
2674
747
3115
3830
789
3836
4775
3929
322
1586
3504
3754
2032
4342
1926
2396
4597
1598
3917
2918
2494
1382
4226
3322
3202
4147
4608
1389
1844
3043
2448
2235
1533
92
2273
4769
4500
3222
179
2777
2689
4398
2496
3299
3253
2153
1494
4734
689
2767
4413
3307
3591
2554
2403
1795
4480
2315
4174
3806
2106
889
3720
2080
3737
3513
18
2651
1347
3488
2759
398
2678
3160
1042
1631
1053
2425
1476
3515
1755
702
2898
3471
4304
3614
4351
1826
1143
109
4622
1423
728
2493
1104
4211
117
1946
2012
2308
3881
1613
2766
4846
586
1690
1149
2934
1985
2959
2196
1698
3772
4580
616
2447
2654
2004
2455
3251
3095
4627
105
3997
2157
3871
4381
2021
4747
3041
2644
4241
1901
3943
2357
3138
207
4146
3034
3921
2852
1500
3005
3701
2985
3628
3702
524
3739
948
2563
1330
1390
3092
4025
2479
4863
1843
4611
1656
4541
4587
3635
2144
1772
2061
1627
3659
255
2854
2913
2356
953
3417
3902
3585
2671
1832
4722
1275
4566
1259
3854
2588
1313
2585
1960
1942
840
931
11
4798
1600
57
185
4528
2611
617
1749
2846
80
439
2757
4419
3556
3284
2553
2721
4108
4082
235
917
1619
2608
3794
960
4543
302
4595
1630
2838
2958
1380
2360
2299
937
2017
3272
3723
3566
2963
3084
369
3353
1845
3568
3988
2350
2450
2338
1883
370
4121
2814
4256
4405
2999
741
2989
2312
4260
1703
2233
3264
2245
3289
1182
3984
4429
3689
1461
1517
2753
2446
4634
1
1998
2485
4
112
4600
2640
214
1310
4432
473
2101
825
4068
3969
722
1027
3433
3097
420
2378
2284
3863
2011
1601
3907
1964
2739
2707
2375
1102
201
3365
3489
1051
3093
4301
1674
3037
1491
3215
3237
3008
2964
4120
4448
3059
4799
727
3985
3359
2875
204
3412
59
4828
3542
3354
2952
4502
783
217
4312
4185
2983
1411
2892
1317
2791
3167
1948
2544
3206
4701
1774
1835
175
688
3131
641
4780
3277
3782
1267
1796
1194
2180
2301
2935
3134
3342
4033
2911
907
411
660
4818
1509
1981
849
1936
2107
2789
2346
605
2418
79
3360
3414
4504
767
4767
3124
86
1204
4858
1381
298
3567
3579
485
1556
1125
3770
742
4223
2627
4549
4441
4475
640
4262
4139
1351
153
2078
3877
1006
4081
4707
1668
239
2617
1563
2231
4217
4594
1253
1397
4123
197
4250
540
422
2115
3118
3580
2984
362
911
3174
1047
1493
2979
2719
2535
3258
3550
3897
95
4268
536
1579
244
2333
4485
3570
4037
1693
2083
1515
1922
1606
2829
784
3803
4316
2784
251
4335
2077
460
2679
3940
3904
3861
128
3410
1790
2058
4725
4841
2752
3098
547
324
755
2705
4229
1133
3529
760
3930
4002
1155
2506
4803
927
2933
614
549
2412
4167
1697
4521
4320
4482
782
4258
2930
714
4050
4379
1702
2463
520
3510
3209
506
146
356
493
1761
4791
4402
1867
2408
1996
4822
1106
3761
2092
1239
3577
289
1522
3678
1224
2823
4347
2817
848
3690
4473
2638
3452
1090
368
961
3554
3182
3569
2592
4117
2124
1659
4059
2783
4257
4346
444
531
454
4591
3779
4035
281
4421
4525
4481
1308
3388
1418
1049
3989
4651
3389
1821
2850
4754
316
543
225
508
4019
818
4368
754
2340
2524
2837
296
3819
3002
4446
694
978
3682
3938
1667
1250
3054
753
4606
1938
267
2100
234
1542
3302
3919
427
4729
3448
801
1154
1497
1855
3240
1185
2572
1100
4207
4668
4633
885
1568
458
4172
4792
3966
2730
4006
4209
2487
4290
2316
308
2914
4189
147
2945
502
314
2785
842
4576
3382
3070
3036
1230
2121
3691
2920
4045
4843
1986
73
668
2663
886
3247
921
933
3188
503
2163
1111
1965
1342
3165
3716
2131
1400
1496
1711
3730
4060
4761
883
3475
2576
2855
1129
3394
3548
88
1044
3500
2786
2715
3555
3914
3328
172
4326
3961
3557
54
3404
3081
1507
93
3464
1134
3194
3478
534
3223
3669
2433
3630
1959
4412
1098
2848
968
4130
2974
2882
1681
4279
4364
3449
3204
4869
2569
4296
1839
352
3198
4511
4391
2680
4885
4890
4460
1729
1673
1628
2410
472
1870
2776
1526
1615
445
1785
1581
4648
4514
4142
2534
4053
4128
607
4098
358
4372
1750
4196
1625
160
1519
4215
3099
4074
3858
10
3130
4518
4401
1241
2605
2956
785
2533
423
295
2068
2741
4337
3420
2771
4454
3639
3218
621
3338
2840
1003
1811
498
3196
1662
3385
2332
1140
608
3496
3474
4013
3575
4001
2109
2949
2936
1484
388
1499
4666
499
2748
4572
561
643
3522
3252
1792
535
2634
763
3686
4293
873
3083
3117
2055
947
2527
3323
990
4451
1401
4110
3676
3186
1335
3187
3936
2672
3539
3820
4812
6
2289
4478
949
2518
676
2445
384
4589
1017
3103
2243
3056
94
2044
3023
851
4488
3673
2468
1827
83
532
1871
3440
4824
4181
2630
1440
4400
2745
2466
557
2328
1549
2836
2364
3878
19
1506
108
932
4191
1115
4544
962
4616
4879
2700
1357
3728
4259
803
3493
2906
3753
3164
568
3670
1124
1972
1358
1032
3603
1924
2520
3827
2168
3325
4694
4252
164
3831
4096
221
1777
300
924
959
4363
2681
1459
1223
4076
4744
1919
3266
2194
682
4524
1616
3742
1151
3648
2380
670
2031
905
3168
3044
1604
4706
4699
3465
599
434
1093
1592
2863
2039
4115
1934
609
4626
1505
2955
1503
631
40
28
4171
4851
2489
3741
386
3889
2623
1323
3066
2354
123
4462
3694
941
415
1245
373
4477
971
1872
1235
3887
606
2877
1854
4523
3998
1896
4430
526
3268
2884
1823
4202
1652
2183
4570
3145
1398
2176
3000
2387
2747
3681
4313
1453
2708
3494
2309
2459
149
1635
4417
2015
4857
1663
4656
3769
1480
3369
3647
3594
1817
3319
3638
4014
3393
2140
1306
3502
1954
4644
3762
3968
2795
2843
3419
652
4022
3825
450
1145
979
2252
806
3214
1913
3062
2633
2987
4540
2965
1008
4552
3828
2166
3457
2419
3405
2065
2962
2393
2290
4728
1532
2497
3583
4675
2578
653
3751
282
3992
3156
2778
710
165
2379
1530
3283
3564
4152
1599
4431
4411
2887
3894
4046
2790
4592
4008
16
1525
3200
8
2865
186
9
3642
3685
3965
3790
1933
2573
4291
1307
856
366
2091
4427
2822
1629
2599
3341
3781
2228
3159
4133
4710
3347
595
4571
2034
4510
58
2691
1191
2764
116
4676
657
505
589
4631
4545
2292
2116
104
4047
133
1319
4599
550
645
853
90
1723
1514
838
4106
237
1540
3727
2167
1591
2931
4547
3231
1325
2647
4166
3683
1829
2927
2508
475
3890
2198
2296
3908
3467
699
705
190
481
1932
1884
2641
2275
4235
4135
560
2000
2703
1463
3176
2621
4195
3094
3735
4507
4840
770
2880
178
3949
2367
1595
1537
751
897
4816
3740
1683
2480
3592
3621
2368
3173
2505
3817
416
4762
3300
864
2306
1108
195
4876
706
1060
4392
1374
2473
404
1638
3910
1415
1339
1105
2088
2324
4438
4777
1301
1352
807
4000
2842
2397
121
2132
3752
1766
137
858
1762
173
831
3069
1487
3837
3152
2082
4018
3527
212
1464
4688
407
1153
1468
772
37
2260
4551
280
2126
4420
3979
738
103
3970
3446
3079
903
1950
916
1195
3064
4067
662
2942
1902
4201
3695
1285
633
1084
3232
3125
4491
1543
1311
4075
3757
681
2288
1886
551
3444
3067
4732
4813
3684
3775
1850
3923
2384
3666
1688
3746
2712
3024
2543
4041
1800
1759
2801
397
545
693
437
4789
1747
726
1704
4866
4671
4090
3374
4674
3650
210
4314
4329
1555
3220
4756
1291
3792
2727
2385
2470
3030
1065
3129
293
1882
203
380
2738
1860
4334
593
3978
1771
1894
107
1452
2259
1776
1045
426
1861
4660
2889
1951
1633
4263
2744
619
4483
3073
359
528
880
1466
4216
4416
1304
4340
854
3045
1000
4231
1798
4677
1544
2438
2148
429
3007
2476
3709
2570
1614
3736
3379
835
3132
4896
3776
2428
2609
2954
2177
708
1292
2847
1834
733
81
2756
1927
1994
3856
2129
1043
3351
2199
4808
4563
346
4564
4819
1116
600
4889
4031
3947
3377
929
1217
2154
1820
795
1612
224
3935
3882
1332
4015
247
3559
497
2244
4051
1582
1869
2195
3705
517
4834
4766
1144
3788
98
3391
2915
1282
2329
1923
4558
824
3291
4324
4870
2348
3122
899
2265
1036
4087
4124
1329
2230
3729
3086
126
841
4105
1120
2981
2400
868
4113
3578
1897
588
704
4639
2181
3812
4125
3962
3763
3922
4887
4396
2558
3356
1657
533
510
2175
3133
1731
3623
1502
909
3296
1680
4727
830
400
461
3874
4048
2646
4623
2904
3791
2458
901
4458
1012
656
2074
4893
3144
2866
1132
4145
1547
3248
3135
297
833
575
2269
22
1161
3290
4137
3148
1252
3911
559
667
2894
574
3802
182
3096
1813
62
284
1585
2099
4011
1718
3217
1971
2758
414
4251
3413
604
581
4716
2546
419
4527
3658
1687
2702
4267
3755
1020
4603
4154
3166
3750
4513
2806
4673
2472
3298
522
3003
3278
1338
4670
601
1937
375
3343
928
4529
558
1236
1838
1297
1039
4084
2242
4506
1764
3857
2102
518
515
2521
1689
495
781
3387
372
2474
3409
4771
1572
1083
2452
1449
2832
4397
3839
3847
1298
2907
1238
3061
2645
36
2414
3975
1658
2143
1221
2188
2547
2714
1583
3416
584
3113
4505
4682
2903
4872
2335
2214
1034
2804
1114
1712
2635
514
154
1641
2649
2725
3180
3801
1489
1147
4354
4393
4679
60
69
2398
4743
2694
1171
3348
379
2090
4788
2781
958
3011
383
715
1765
306
4467
156
1026
2808
4678
4386
3397
3380
4373
4579
2165
3715
1141
1439
159
1429
2946
2507
1782
142
3528
2267
4206
1569
3163
3875
4300
3197
1318
4793
3481
1797
3571
1903
3274
2014
1341
4176
4344
1819
1376
823
4254
2560
2851
0
4112
2687
1752
1109
2710
290
3563
3780
3991
4804
4897
2537
3631
1014
336
2349
2420
4782
4190
1714
4632
3458
4395
4768
3852
3842
3616
3114
2726
2922
2128
353
325
4568
348
4276
3127
1394
4861
4383
1686
721
3378
4026
4711
2069
4669
1247
2119
1705
651
2347
2860
3693
2339
3505
2185
1646
1038
1730
2266
4284
2151
1512
2519
1231
966
4755
811
329
3053
2381
232
945
1234
707
283
4859
3263
805
1528
904
3396
861
4350
1175
2413
2162
2798
4784
2287
285
2657
3435
1433
2013
3507
177
2170
1469
665
1366
3373
4667
1851
1417
2006
2041
1651
1424
2276
1941
3310
2960
35
402
2250
926
3821
436
273
3316
441
1914
2033
872
132
1787
3487
2698
4643
3506
1413
4118
1791
1775
4704
2424
1219
169
4307
3029
2775
736
3906
821
3605
3436
1309
2421
2207
2568
3633
491
2390
304
1421
4498
512
3063
3415
3573
788
2449
2885
1876
1742
2693
3470
2699
1087
4057
1213
925
1987
4065
3632
996
1842
2870
672
3617
387
1684
340
4277
3181
579
440
1977
1186
3010
4194
3121
3183
944
4619
2755
4741
3677
2536
1442
2613
1721
4785
4776
2895
4264
554
30
541
3257
2035
3808
1159
2824
2541
1726
2740
1367
3867
299
4127
2220
936
2564
4440
3597
4281
2117
1276
3855
1908
4088
955
3602
513
4653
446
4360
3879
3120
2531
4204
3078
1925
4177
4825
1067
1481
337
2160
2575
1146
4546
1058
4247
3671
874
382
4315
2008
3162
4892
3895
1566
3151
1207
4064
3604
1263
2583
1626
1584
4881
4378
3406
4187
3876
1258
1482
1458
2382
263
4641
975
2402
2831
4548
3848
2257
3339
2656
1327
7
523
4726
1438
4690
4199
2238
145
2045
2503
4590
2559
2213
2256
4779
274
2637
2622
1167
492
228
4072
4157
1983
4560
3287
1135
4764
4718
3868
1877
798
3265
2799
4004
4715
2713
2029
1237
1560
259
1024
744
2344
1198
3142
2975
188
2343
2809
691
2704
1621
745
3520
3254
4739
2108
1623
4751
1262
4374
4829
3207
50
4188
183
410
4449
4371
1210
3977
1180
258
4772
598
4038
863
2526
620
4618
1778
3931
3068
896
2606
3427
2772
4470
2545
75
1277
85
3960
2864
2749
571
4054
4071
1953
452
1974
1993
2916
1193
2728
3768
286
3104
814
4242
2053
4526
34
408
1825
3664
4880
1295
2970
72
433
1486
564
192
343
1852
2142
119
663
3477
4399
4691
623
2819
2453
3851
4246
626
2236
4361
2404
4536
639
3896
3149
3717
3226
3503
4318
2001
1757
4765
1426
629
2861
211
2048
248
1929
563
618
4717
4496
2636
915
2049
1956
4610
4213
1028
1222
2204
2670
4345
3891
790
646
2580
205
4830
837
991
866
2890
490
1670
2225
780
3312
3835
2995
870
844
3462
2016
516
2071
3656
114
1806
4140
3425
2947
1696
3466
4210
3928
997
1648
1548
4605
1064
1888
374
3823
3783
3626
3082
4537
2241
2456
636
4826
1046
2430
3269
934
3228
1007
4029
2665
3981
3980
1430
489
746
3993
4085
2666
1465
3905
1992
546
3140
252
3517
634
679
2648
1220
690
99
102
603
3582
4357
3565
2232
3679
1062
3468
2182
1955
1643
1184
992
2841
527
2770
2094
829
519
2736
1967
218
4425
4055
504
3445
4607
1878
2940
4184
4111
3786
3607
628
1966
4832
2682
1408
2125
2484
1384
3627
3080
1596
4193
1206
4519
1513
4249
677
4817
378
622
3137
2632
1802
1001
456
4681
1989
3838
1794
2604
2249
1314
1650
4134
1110
4228
2172
3795
3553
3538
4758
4809
31
2788
4464
4034
70
661
46
4178
4439
2802
3201
3089
1334
2626
3221
1685
3243
3331
1879
4323
3042
1815
3756
869
3599
3824
3456
3747
3161
3870
3536
2086
507
1033
3028
930
3046
4377
1455
26
230
2532
1009
1048
2085
4661
2751
15
401
1565
2097
4770
1501
1371
1928
1254
4052
2919
2247
4070
468
3805
1816
2481
2215
1660
3807
2821
1240
769
1393
1524
4274
1917
1644
2105
4236
393
2967
63
3250
1431
1211
4079
77
956
4484
3292
385
3321
377
3884
4689
4321
4434
2525
3014
2734
360
91
301
2858
1552
2833
2283
1905
4778
3447
2294
1758
573
1529
1055
893
4305
48
4556
4069
449
1112
1475
3208
2205
2667
76
4532
233
4805
4156
2150
3826
1201
1478
1611
2977
3479
2042
1975
1783
4596
1271
2073
4219
3
2051
2978
857
243
4356
347
364
1004
4225
4066
3154
1744
2351
1190
3996
3075
3738
1748
4574
1809
3833
319
2477
1131
3744
3660
983
3524
2815
3375
1990
3025
2371
1559
3995
3864
4638
2009
1158
793
3057
2921
2341
2953
3362
1732
196
1139
330
425
4801
2690
1059
3381
2120
4742
1350
1734
1485
1010
3732
658
750
236
529
1767
1406
4862
3051
1701
2939
2209
1233
3793
2197
1671
3719
4479
1117
1866
1057
4027
1353
1377
1899
1587
4234
4559
1916
1991
2229
1396
2467
1287
4009
3072
3634
3726
4095
3651
1066
1904
4248
2
3749
2319
2156
2152
1617
3707
3622
488
3990
3336
3898
3546
3171
697
4456
3652
3366
3523
1799
3335
577
3498
4180
1460
2825
3698
3308
3718
4380
4692
1710
828
3169
4428
2542
1807
2201
920
3514
4723
995
2353
47
4621
3610
4265
2968
1970
4773
1887
892
1645
1079
1653
1126
787
2202
2227
162
4883
976
1412
4016
3077
4044
732
3091
4275
2208
465
4332
3541
2411
271
720
591
3581
4245
1088
2743
430
2179
1074
2370
399
1900
4855
1784
1637
4203
2268
2760
3225
850
1535
2510
2556
4183
2112
2278
469
1273
1085
4306
2878
3175
2886
4294
3829
4445
1943
878
2803
2059
167
4319
2076
2304
3492
610
4865
4435
1881
2325
2944
4720
3112
570
1021
3499
3295
2625
2614
1694
2669
3401
2869
2192
1181
3784
776
3352
800
3184
2161
2668
3927
315
638
1150
1479
2980
3472
1831
3421
2565
3945
2722
1691
548
2909
4471
3972
3745
2206
1432
1707
3834
637
3963
717
2839
2028
241
1958
1590
1830
3157
1072
1425
3141
3255
2523
3482
4101
124
2998
3109
39
2362
4063
4144
2724
4160
1216
4844
4712
4169
4012
2279
827
774
1661
2454
3076
3211
4406
331
2280
3588
138
3026
3974
4501
4781
4609
2610
2019
3530
1713
1780
3799
4003
1321
1580
3408
208
278
969
3809
1094
1099
2216
2415
1299
1739
2047
4658
1178
2862
135
2444
134
161
822
199
4221
3058
719
96
1447
170
3139
1386
4091
2005
3311
3402
1961
4708
51
2281
3649
4663
2763
1837
3540
341
2733
2134
2434
2145
3485
151
361
3531
4387
2149
1166
1289
4164
1573
4282
2432
817
1624
2422
655
194
1269
1781
4820
3641
4588
2929
4873
1405
1179
1359
2490
2872
1208
777
3318
4311
3306
3558
4763
1225
4049
4850
2272
2612
2711
4390
3850
816
1268
3859
1672
158
3195
980
3900
2130
4369
725
2465
4330
3210
3150
538
262
264
4635
4612
3606
1716
2025
582
3934
3534
3361
3918
1727
2566
3501
1437
4214
4683
967
2010
4175
786
144
43
3473
2307
3346
4894
3846
2027
3950
478
1875
1853
1738
3609
1978
4043
3725
1030
4581
4871
3941
4713
3262
3814
2813
1808
2811
1818
474
552
3190
3234
1607
3915
1428
4367
2522
