845
3104
1247
7
57
2291
3946
4196
3010
3163
3308
3441
3761
191
1898
342
183
4493
2255
4826
884
1531
3549
489
2873
1512
688
4767
292
3478
4100
2504
2259
1391
4255
3101
824
451
1986
4381
4126
1279
113
2004
4802
4435
1651
2049
1773
422
494
4839
3097
1357
2922
548
3018
1899
2935
2499
2524
1904
204
2461
1766
2954
1317
1019
454
417
2938
2809
1520
3348
3014
1156
4233
2198
1374
1854
4144
3036
3382
607
776
3611
4021
2698
4367
156
4457
2431
1239
2394
2905
635
24
4713
4406
2668
4695
4797
38
4836
2645
2441
2316
2222
827
3443
3353
3763
917
1907
3367
2685
1601
3310
3106
1952
3832
1797
3229
3908
654
55
1720
2129
3448
1449
1126
4428
3967
2560
1564
3044
4010
4140
1232
728
2666
2450
2265
681
2107
2180
1343
4054
2459
2209
698
2831
3838
4293
578
855
4491
3674
1718
2687
4495
1171
4794
3397
1038
1112
1459
3767
1393
2110
2077
309
3179
1574
4893
3536
4768
4171
4306
3294
4039
1261
4377
4097
1624
2064
3520
2233
919
971
1046
774
4308
2702
373
3483
4888
256
3788
662
2223
987
4583
4509
2754
932
4867
677
3388
4279
2360
4638
2763
559
4136
1383
1224
4249
2719
4284
1524
1121
4175
4596
308
2853
3737
891
1016
2420
1618
70
3360
1838
1181
1470
3756
4622
4494
4139
3432
2630
3050
2585
1885
4258
4349
2574
4833
2948
860
3837
2339
2348
4762
836
303
3578
964
620
3234
3091
3932
4775
3798
138
1668
1947
3463
1647
3472
1630
1365
1738
1946
2828
3377
2099
2692
666
4080
3172
3141
4172
1083
4696
3115
3557
4722
4631
117
2945
4114
888
2531
3118
4354
3690
2390
631
3207
3420
1285
3848
3479
2964
4719
148
4
4035
3750
2138
2216
3460
1053
3223
1933
230
1581
3202
1699
1578
1855
1921
4178
905
2925
305
2502
4850
2562
109
1145
694
2412
4189
965
533
4072
2728
2477
43
2510
1812
840
4232
4121
4844
3461
4500
2589
1521
1235
718
2559
2931
2972
4800
1025
3194
3751
4184
2662
3306
2058
555
1463
500
3157
4331
232
1327
2781
2396
4608
4886
758
522
3533
2811
4280
1926
3658
158
4221
1421
2174
3970
4002
4250
1211
137
4780
3715
1481
4099
2555
1201
4678
182
1628
4015
4106
3391
1031
2244
3356
3177
246
34
844
1494
2368
2103
396
4471
2730
1011
3754
2027
2816
4721
1676
2359
2286
3772
3398
2715
4876
190
866
4300
833
4690
3734
567
4806
2946
4480
3068
4161
2877
2012
64
4656
1088
2558
4268
1860
751
3907
3766
2183
2274
834
2251
922
1191
1216
329
829
404
1828
1490
2570
519
3410
916
3376
3105
3350
2068
1890
3977
2181
1790
4383
3934
761
2263
4817
2909
4664
2071
3311
4013
1776
1100
1249
2658
2167
4142
4441
1404
455
4229
3850
3583
1409
28
357
1309
108
4791
1332
3298
647
1965
1170
577
2898
4111
3969
4729
1339
1576
638
3891
765
3627
207
3030
2888
4382
3613
1164
1377
199
418
3847
2605
2567
3334
3357
75
4725
4085
2410
623
4401
2330
1635
2958
2547
675
486
4305
2191
1998
3522
2040
112
2814
2539
3729
330
4651
461
2162
2104
3414
4481
1330
3828
4895
3609
4451
1428
669
3688
301
4057
4050
4569
4022
3639
1990
4520
2026
153
4028
2298
810
2639
1682
2288
4363
210
466
570
2638
2037
4755
2542
3829
3527
3643
3860
4798
193
3673
2490
2753
405
169
3473
198
4113
3418
1639
4112
3889
3349
2721
1450
4706
172
1337
3869
2893
954
83
3219
2067
2405
1745
400
1666
2230
980
879
235
696
2511
1584
358
3013
1159
3191
3979
1747
2595
4195
1669
1897
3253
4629
1832
653
482
1
33
2836
4043
2803
1754
2127
3661
14
3840
2145
1139
4263
4487
1199
3134
3799
3749
1848
3247
914
1865
2306
163
407
1187
4404
3063
4309
4000
150
3333
3076
2312
4176
2784
3825
4402
1066
4095
2336
23
1510
3505
4007
3757
4023
1466
2723
119
4807
1757
1348
1193
1917
1119
3074
214
2380
909
13
2777
3012
3127
4562
4635
4821
1627
3808
1721
141
3343
4157
98
2515
2760
2317
898
4660
1851
2657
341
2476
4518
1974
255
2124
1043
3797
2564
1996
557
4590
1877
3317
1303
2762
4027
4319
1842
3374
4630
4615
831
1870
1985
1656
4016
4047
2872
4574
4355
3267
1307
1786
3610
1845
536
772
4231
220
1902
4720
4841
1399
3419
3002
1069
550
3662
3923
1012
4440
3716
3233
2182
3086
515
3275
2061
4449
1480
915
3404
3069
2677
4571
2780
4365
2700
392
3222
3624
3512
2708
2543
3961
2465
1418
3526
4269
1254
1442
3704
4162
473
485
3108
2276
1029
1740
1022
1707
1789
1945
2787
1579
4135
4565
702
2377
1561
656
3320
3800
588
4750
4118
1977
4515
1301
2917
3792
3327
1429
3064
2165
2860
1262
4235
4011
4548
887
2983
3745
1936
3117
3595
139
1632
2326
1010
4642
676
983
2984
3699
380
4728
2659
1080
4576
678
1889
564
2959
136
3760
322
1736
2981
1804
1445
2494
763
4359
3594
1321
3894
4614
2731
3803
3169
384
3006
3208
1770
3593
2356
1727
2957
4277
2629
2438
1655
2846
668
2649
4691
1911
2663
1761
2207
3496
2756
996
101
4024
4190
671
4199
2210
590
925
3324
886
225
2100
558
3859
1111
2214
2919
25
3821
3025
4291
2561
2856
1840
187
1915
3362
1351
2798
3470
1227
1750
443
3467
1346
4881
2894
467
2013
2942
3635
2802
2805
1920
2401
4533
3996
1634
1950
3762
3162
1575
2618
120
2335
4108
2844
1267
4107
535
3175
642
4503
790
12
615
3985
3471
3111
2622
1052
1700
1165
1350
127
1516
507
1595
4873
3626
1829
2970
699
2779
4259
2048
1439
2707
3596
1830
1565
319
2163
777
4326
4643
194
2743
1538
4675
603
1796
2632
4384
3811
1386
2994
3029
4752
2979
822
3535
4216
4244
3550
986
1879
766
3678
3301
2607
2579
324
1788
4105
2042
3823
1633
1594
2523
4101
4434
1778
4132
3770
956
3278
206
2344
4137
2235
1057
4530
2249
81
3067
2142
1054
2051
381
3055
2171
59
3431
4704
3819
3911
4271
4663
1621
2229
1487
2808
484
348
1568
2829
2449
568
3683
511
4081
130
3653
2081
4887
663
3871
4466
4527
3429
2611
3386
1373
889
3042
4418
3112
1314
2464
2534
3697
876
1410
3607
3647
1116
621
4715
3958
1115
2332
2088
237
3510
1643
1619
1709
1762
3727
4853
4340
4885
608
1922
3321
4145
2192
4288
944
173
1065
4290
3491
4225
921
2444
3815
251
476
3886
2308
4207
3123
3672
3998
3863
1396
1000
304
4475
2224
2757
2003
368
240
1978
2834
2115
2489
1133
3322
3561
313
4687
2105
1588
4370
3852
3236
1831
4463
1954
4110
657
1491
674
4153
3485
650
3192
3997
3912
3708
4205
4736
1134
4769
2592
2651
1896
261
2491
1448
1132
803
1858
1146
3119
2776
30
2375
3500
4777
1486
133
323
4055
1188
2881
2830
4364
1791
720
1324
166
3888
2883
514
1137
2021
3405
203
3652
4473
2279
1292
2778
4488
3843
1044
1929
463
2939
2172
2571
1677
2714
3381
711
4537
1277
897
4467
302
2197
3434
31
2323
982
1497
2470
1539
2943
4784
685
2578
1971
1352
2761
3721
1017
1697
1555
4246
4496
652
1780
4711
20
345
2807
4372
794
546
1244
2170
4210
1101
3881
566
465
1623
3791
2294
2608
1092
2473
3553
2467
1751
1765
4759
4327
2741
1037
1967
2817
1136
4168
1095
3243
32
2532
3916
346
1318
863
4058
912
3738
1585
297
2825
796
3752
4051
4416
1438
3966
3394
3858
2295
584
3992
2302
4855
355
4438
1749
3380
3834
2773
122
3972
3337
2474
318
2902
945
1266
1251
1355
3580
4588
706
1806
2513
3447
504
2572
1975
3406
701
2703
1414
1679
4278
1003
2435
1645
1467
4818
2243
4727
1218
4674
3341
1096
2587
2252
2765
3291
2349
3077
3296
1987
686
3084
1333
3058
4049
2439
2297
2991
673
2023
3176
1868
3154
1650
1813
2278
2643
2367
3295
1771
2432
1698
3664
3807
864
2352
360
2801
1693
4123
710
1302
637
1113
4745
2815
2737
2505
4712
4872
4227
1940
1473
2516
2415
984
4732
1729
1226
2471
2727
1341
435
4563
3605
155
4074
3061
1190
1443
2960
586
872
2627
340
3451
757
4071
105
1559
2678
1673
3289
1451
873
4639
4585
3156
1613
3232
2998
2944
3872
2161
3710
3638
92
2472
2342
288
581
3051
314
4125
1763
3529
2059
2434
4446
3918
4549
1605
4360
1153
85
4287
3160
3440
4659
4373
2522
3245
852
4413
789
180
4724
3893
3263
552
157
4624
3490
3034
2074
4138
1558
627
2969
219
2119
3830
4063
4274
1827
1616
1454
1316
3713
1661
4464
1412
3408
1856
437
161
1901
2871
4603
2382
1402
4374
4650
4568
1059
882
3988
2682
4388
4200
2590
1479
893
3983
337
2978
2733
3276
4848
1465
4737
1204
2097
2597
4092
3956
1072
4369
243
244
1849
4167
2623
3489
1939
2870
1197
4350
1482
3924
4617
2549
3569
1712
1900
1626
4605
1148
2667
1364
2493
4744
3206
48
660
118
1881
1814
1023
3650
1336
508
1528
1434
4185
4820
4514
569
252
770
3501
2669
826
2257
4301
601
1499
445
2469
2454
517
3953
732
4634
37
1518
4215
2526
4681
1248
2653
3903
4516
923
2953
1196
1552
459
933
347
3732
3435
4644
3450
1743
1424
4148
2261
1436
978
865
857
1458
2670
4442
3898
994
3606
2899
3717
3170
410
4637
1925
2204
2533
3789
3982
913
239
39
4322
1296
2455
4845
2141
125
1799
3926
3484
4345
2123
804
3173
1614
3769
76
3309
1599
780
4810
750
670
2906
448
1537
174
2341
4067
4761
1472
3566
2085
3586
842
3927
2612
2912
3963
4595
1540
3579
839
692
4702
4880
1853
990
430
4068
3634
4330
2421
2884
2193
2075
3883
3480
375
2924
2672
241
3001
2697
4796
583
3523
1021
2258
1779
2818
2313
3411
775
1020
2937
4847
154
3836
88
4484
295
2247
4417
3000
4033
572
4733
3785
2319
1569
4877
4556
3358
2674
979
2035
2028
1281
1544
1401
541
4541
4891
2852
4045
4445
4858
2346
1422
3244
664
1821
2205
4504
1895
3866
493
4018
334
1105
1903
2090
890
415
792
40
2153
1794
3975
3884
4524
2826
3849
880
717
307
3158
4193
3628
3422
3995
4779
1437
4133
3165
3465
4581
3537
2867
3588
2681
22
3733
269
1287
2358
1403
797
2102
3135
4143
4041
4042
4393
731
598
1252
4889
95
3326
800
1807
1935
4787
4511
4534
4183
999
421
2452
3403
2468
487
4348
4202
3371
2000
2862
1817
4710
3212
1375
1678
4294
4743
1417
2148
3057
4390
4060
3286
719
1122
2057
4811
2033
679
475
4698
599
2225
4870
2977
2307
2126
4683
3973
1529
3121
1687
562
2742
3181
4819
1087
769
2655
3103
3968
2403
1496
4082
4835
1273
1258
426
4131
617
4456
747
364
3444
3649
3959
529
469
2303
4273
3248
1200
2745
1103
4311
4173
1246
1353
3089
874
3671
4510
1991
4008
2086
1144
1155
2755
2036
949
2861
3771
4405
1138
2277
1142
1349
2310
2195
3446
4358
2827
2234
4411
446
2927
152
52
4763
4825
4636
4026
4804
3109
4508
1573
4009
3659
4048
1846
4619
1328
2285
428
525
2273
456
1415
3680
1774
3519
1004
1371
1104
3765
1230
2154
2841
447
3066
3252
4661
1834
4214
2713
2910
3999
1689
2866
3676
4439
609
2458
1603
870
3503
1322
3346
3846
4192
690
755
2586
883
4236
2646
3113
3685
1878
1008
2143
4746
1077
3654
56
1566
1081
2573
3454
784
3989
1876
238
19
2350
2904
705
2400
1905
4740
595
100
878
926
8
3544
1260
2114
1338
1114
1662
3571
3736
3197
2854
3277
4177
1469
1042
2999
2693
3615
2749
869
1014
1245
4307
2498
2619
3039
4816
468
3264
1099
539
2456
2168
3612
11
2982
188
1073
540
858
36
3887
276
231
4093
4748
3901
3521
3599
4785
4625
3265
4843
3080
2217
27
4672
2869
1755
4181
1214
4814
1962
1276
1347
1102
3203
4612
3582
2966
1505
3457
787
2968
4813
1824
3547
281
4879
1125
3793
4852
658
3395
2604
3700
293
4329
412
3890
2705
4545
3920
3216
1344
3720
1079
2022
1283
4032
2683
2362
667
3546
2385
1212
2443
4351
1039
4718
2015
111
3047
1026
264
579
3827
382
179
3781
3389
779
1131
4431
2839
1178
2967
339
90
478
3369
2748
2601
126
3857
1644
2322
1147
947
2492
361
2178
3359
4339
372
177
2130
846
952
3892
2451
4483
1219
4218
624
4670
4789
1368
966
1298
854
2538
4077
411
1752
3741
1657
3022
2550
2253
871
613
3870
2287
144
4890
4415
3562
2002
45
4830
745
1431
223
4198
4700
3038
2098
3679
2885
3146
1179
1646
490
2563
2842
18
2479
4368
1141
614
328
4731
3801
3506
3714
2446
53
3037
1787
3122
3558
432
3352
3189
4403
248
1444
1362
2594
762
1124
1290
1587
4356
1844
3433
1427
1680
733
2066
4788
4582
4652
927
3940
1149
2704
1795
4164
4362
4012
1047
2650
3166
181
995
4119
3428
3495
4165
3026
1777
1457
2918
80
1690
2374
1205
2227
3991
1504
1606
3625
263
1835
3644
4586
249
2640
1508
3015
458
2218
788
3608
3004
2463
1074
2333
1464
3477
2845
2188
2101
3851
4230
4452
3695
4292
1912
3758
1013
2384
4462
349
2624
1995
3573
4822
2062
4774
4156
2038
4828
4234
929
3993
3965
1563
3712
1233
2311
3387
3795
254
3413
1223
2462
1686
192
1335
924
2231
1916
3794
2699
612
1259
1513
1756
2506
320
2381
672
1759
818
224
1033
708
2113
2427
4238
3098
2206
1719
332
741
1783
481
4213
2422
2386
727
2019
3338
985
1852
3528
4815
4296
3614
2111
942
1534
2176
3696
4347
4783
149
2082
2822
2039
4490
1176
1553
2929
4282
1519
3384
3707
2810
3525
2158
953
3114
1453
3938
593
1608
4579
4869
2644
1405
44
3532
3020
3129
17
1869
4448
299
3201
2554
1062
96
1172
2758
3259
258
3282
3597
3459
4254
2283
2908
4219
2961
310
4482
959
697
2442
2166
782
2018
737
3133
3862
2070
560
142
3504
1091
4760
1705
2859
4539
273
3152
4426
1923
2557
460
2318
2076
423
1525
2620
3287
4222
4076
1207
4453
1596
2053
4152
280
4389
2093
3102
298
2724
4517
795
1908
1704
2325
1906
4874
4251
2125
1638
4662
3981
3249
3511
3073
4667
1110
2149
2987
1982
1560
645
4361
1140
3518
3305
4689
3300
1257
2963
4801
1667
3261
3855
128
1394
3239
604
3198
3085
4179
4658
1067
4223
503
2600
4079
4883
4286
2548
1400
352
4604
1800
2020
1291
2965
3023
1589
2747
3241
4476
3694
216
4212
2680
114
3513
4253
2654
4599
1663
1649
2768
1483
1976
1543
2495
2546
2
2196
143
3541
2544
2219
2738
4657
369
4276
3804
868
4871
2215
3875
2926
60
703
338
1928
2483
286
1372
2139
1532
934
2388
123
554
4866
2576
3272
1107
722
2241
3280
4864
970
1471
3820
2955
4591
649
3217
1032
1864
3787
1007
16
4875
739
2486
2626
976
3464
3366
3784
4560
1174
2337
3896
3724
2850
1604
3325
335
110
1548
1002
2897
3677
3144
4450
394
3952
4019
3577
2950
3143
497
4459
4065
587
1182
4325
3718
4163
3424
205
3302
2240
367
398
1725
2795
4611
1300
3269
4699
3293
3430
3987
1684
2106
3880
2690
3445
3698
962
1210
103
4103
4295
736
2364
1703
1456
815
2512
4174
3618
597
4437
4396
2536
376
2930
4130
4677
1768
3211
3548
3592
1048
3040
1769
2256
409
746
4717
3856
4447
2355
4256
4312
2466
3088
4868
46
2648
379
738
4272
1526
4096
1015
2331
4344
2334
3344
2345
3368
4324
3225
289
2008
730
2426
2128
1286
3882
4824
851
1941
2179
1005
3600
2387
3363
4594
197
350
3041
4693
2328
744
1078
4795
499
2242
4666
748
951
545
2752
4709
2428
1295
4555
1064
2734
1861
1462
3331
3274
2849
1664
2404
1075
4387
233
1274
527
3235
3364
3725
3345
2879
3065
4320
3575
3262
4865
3873
530
4542
2146
2480
3917
3551
2250
1222
3748
4809
958
1590
1150
102
767
439
1297
2517
67
1805
4607
4443
4414
3131
4757
972
4299
4531
3620
2296
1681
2173
2956
1097
1009
388
3604
3555
2577
823
4857
1098
4668
3174
589
4474
1151
4357
1265
3502
3914
3190
2819
3936
1376
3905
3453
4505
4838
2212
1850
49
3178
2175
3524
1919
3442
2447
4507
510
1672
2799
2262
967
4075
3779
3184
4025
3332
2913
42
4444
714
3587
4034
4379
315
4240
799
3335
1390
3486
4366
2289
2112
2275
2720
1135
3941
1863
3876
1488
3285
4793
3854
326
479
4410
1999
1030
2095
2010
957
1570
2136
1744
4557
4122
2722
743
2485
79
2408
4472
4478
3116
961
1862
327
3944
2304
2213
1184
2509
1734
691
3
816
1542
3656
4001
2824
850
1177
3284
1360
1909
97
1441
434
847
2440
1598
2864
353
2437
1268
3053
462
3929
3574
3581
591
2820
3093
2272
1217
2366
859
2392
3978
4158
2091
2228
1758
2301
1611
1108
1847
3842
1545
2284
2043
785
749
4313
2029
513
284
2575
4646
1359
1154
2951
1387
1180
911
3427
10
4632
311
2812
576
2164
1514
1887
3339
636
1742
1173
496
218
3839
1189
4600
4598
1162
3818
4765
3499
3196
4523
1837
440
4538
3227
4371
2689
4546
3556
2976
4149
2157
3126
3318
3994
4544
2992
4004
4408
2631
3964
3100
4030
3469
2065
3759
1567
2363
4391
1969
903
4628
4303
4679
371
234
1972
3075
2993
861
3822
3560
2200
3719
1674
4754
1366
3937
920
4707
2634
3900
3826
4751
2199
3297
4764
4578
82
3915
271
3897
3125
2152
3730
992
1158
4506
4088
2891
716
250
2190
2054
1361
4859
2056
3288
3375
4187
2117
885
977
73
414
4708
506
1577
58
2980
742
4655
4458
1006
2582
3742
4621
3399
3383
939
1498
3273
1955
2890
2393
960
4461
3032
4239
3226
4519
1237
2857
77
3142
4477
4392
1432
4141
1385
4376
700
4673
491
2031
1820
2069
3492
1714
2767
2565
1082
1063
1160
981
146
1775
3960
1269
516
582
3530
2636
2686
4297
2327
3379
2688
3214
3059
1308
3021
1913
1185
549
4620
1408
4260
1582
1836
4786
71
3899
875
1325
2156
543
4455
488
61
1556
2541
906
1398
2030
849
1500
1041
4283
3731
2376
3083
753
2661
4226
3949
2863
2014
1202
253
973
1591
1331
1475
2868
1874
1960
4267
4264
4781
1120
918
3906
4601
4649
3630
427
306
2237
4040
1320
2916
1342
420
2997
4421
4561
3570
3790
2092
2320
895
809
2941
1236
4424
3193
4265
524
1460
1381
185
900
4778
821
4543
4180
1685
4117
498
2078
2660
1315
4535
1306
1507
3947
1040
1880
2875
3948
242
2338
1143
801
725
386
3621
1495
950
2508
164
2750
406
3195
3256
4302
1106
4454
4217
4427
1695
4336
2047
2833
4289
2482
3675
2417
3488
752
3292
2691
1883
3396
2706
1220
526
4194
4665
4423
4098
4773
1660
4564
300
1562
4840
4741
3220
802
1772
1818
2671
4029
830
1637
3670
2016
3314
4346
3008
389
1293
528
4436
3266
4738
759
3455
936
452
1549
3270
4266
3764
930
1430
3931
377
1892
2907
1127
1873
4758
145
825
1625
449
3210
1240
1924
2914
2580
1250
2305
2503
2974
160
4863
2593
1501
687
1522
2185
1875
378
4129
2221
1060
1071
993
3645
343
2046
365
1984
2552
3728
4860
3304
278
502
4749
1070
2264
1792
4554
1760
633
4115
3005
4790
3539
391
3824
4567
3925
1839
89
2079
2120
2625
4395
1659
3619
2399
222
202
2911
3438
988
2800
4046
4037
215
2507
1930
3668
2647
3775
3602
2609
3723
537
3669
2637
1329
1610
4070
4128
573
3776
1989
1511
4083
4647
1363
3094
1183
436
4550
4703
4831
1617
3415
162
1272
2786
3407
1282
3845
2406
1288
4884
1841
4147
2915
4776
2246
3814
1882
3515
1379
260
1423
1294
2457
1629
2701
2232
3711
2696
4433
3542
1554
408
2044
2132
1152
3087
2900
1592
74
201
3902
571
2418
4671
1397
969
2109
2797
4771
4532
3540
3740
3128
659
4468
3514
819
2135
4633
2096
331
3552
4062
3572
3942
464
354
4465
2613
3458
848
4120
209
3400
2160
3092
4688
2007
1090
2614
1433
1886
4492
2766
547
1586
35
363
2055
4257
1195
2089
1654
1914
1238
3099
2453
2436
3056
296
3796
4827
4094
3631
1730
948
416
4380
4017
641
4573
4553
3701
3290
3689
2155
1168
3687
1782
896
2208
2402
1944
175
257
1843
3651
544
4150
3945
1419
2947
227
3563
1988
387
2414
4739
2694
1872
1061
754
2880
3565
1380
4834
4064
2226
1118
4812
344
3436
107
4224
1731
1859
3913
3137
471
4525
619
3312
2419
4756
167
3466
1622
4204
274
1228
3449
3705
1264
3841
1169
4003
2159
2220
1340
4485
26
610
4705
4714
2535
2975
4398
4317
1536
2025
3844
2514
2940
3319
1826
3833
3258
4270
135
333
3935
4597
2147
997
1938
820
3895
1948
3655
3230
1708
3171
1527
116
1356
483
3238
208
2736
4697
2616
2084
450
2293
4316
4038
812
3251
1793
1167
2602
3980
3016
3204
1426
3159
2500
940
3130
3161
1446
3136
928
1981
1572
4091
3951
1050
4321
596
3657
3665
4792
2087
3417
2484
3663
715
2973
3416
551
3633
2116
4735
282
4154
626
1764
4298
740
3354
6
943
3509
4314
140
4386
518
3187
2017
477
3033
1803
1395
3224
4654
1958
2788
877
2370
383
2187
2354
2460
132
2525
556
1713
4066
2988
2034
2194
2478
395
29
3028
3003
781
1036
3482
2882
4419
290
3456
1739
1055
4275
4318
2673
1492
1192
3904
4197
1093
2603
4686
1891
3543
2245
1523
644
2892
2840
1997
4073
4262
1640
1893
1692
403
3622
835
534
563
4342
3508
3402
721
2556
1726
1615
4335
1702
317
4618
580
4862
1476
4407
4552
2848
1213
3747
811
4626
1452
4610
1918
1973
665
4529
1717
2610
808
401
1242
682
3062
628
4572
3867
899
2122
1597
4551
3049
3048
1992
1809
4682
4186
129
1447
768
2487
2425
1688
1084
4469
4613
4486
1609
4086
1275
21
385
881
3868
520
1163
3802
3686
1384
1953
632
270
2398
3107
1089
684
771
2599
1612
2712
91
3052
3955
2005
4089
178
1724
2771
1468
1970
2895
2545
3777
3372
1455
4559
4685
200
3271
712
1284
3390
2551
2177
3468
2383
4606
4394
2299
2169
2236
4102
1620
2372
3340
2314
3188
228
3355
1871
186
4328
2823
1461
399
968
2732
472
47
2361
2528
2921
2497
419
2735
2475
2740
4341
2050
1867
2351
4375
1866
4854
894
3564
832
3928
2413
4829
3568
1392
2932
3616
2060
3031
3316
4592
370
3930
2886
2971
480
4412
3351
54
3623
2281
1068
3426
1161
3709
3641
4333
2989
3242
3885
1833
3954
4489
2928
2709
585
2488
4782
3774
634
1517
1931
817
2433
2052
72
1028
1229
4188
1810
643
1910
2397
4031
2445
1580
3476
2282
2821
3957
1641
4170
2923
3636
3221
3590
259
2371
1927
1741
3240
3336
2032
2423
1675
4310
616
294
2063
268
786
1980
262
2395
3401
523
325
4378
3323
4248
4285
1130
189
212
3812
1816
3043
4109
3254
1117
4747
1166
4684
1607
1701
4078
707
4245
4742
1535
1056
867
2343
2369
1949
3138
1435
2373
4315
2806
3095
2785
2656
2793
1420
3746
4575
704
3421
4772
2598
606
3497
4470
521
1208
121
3554
2134
2133
2617
4694
1966
2569
1642
3315
904
4337
1781
793
991
4208
2496
1370
2695
2270
3617
2729
1746
165
4648
3378
50
3151
3682
3186
630
2347
4409
1128
2080
4547
2642
4353
1956
1225
3072
147
4084
592
1345
4570
4512
3347
828
3646
4851
4766
15
4399
2596
2340
1957
2794
3452
3877
1255
4803
1716
4420
3185
1550
2769
84
131
2537
4856
1671
2529
565
69
3909
735
4334
4849
2710
4497
4460
4146
424
1304
4160
640
1206
1934
1323
4753
3046
51
4332
1051
1822
1737
1280
3744
1477
442
843
3835
2843
2684
4669
1696
3027
532
3342
1319
4627
622
1722
4593
4053
495
648
4116
2903
1241
3231
3507
366
4645
1942
561
4799
4842
176
1509
3213
78
3950
99
4059
3330
359
1425
2501
3081
2268
457
1631
4823
853
3361
3865
2865
1653
1086
2635
4052
1253
1474
3584
1801
713
1310
726
151
2855
4151
3439
680
393
1979
316
3373
1506
907
1711
1767
1194
1407
2530
1723
3861
2429
805
4422
3691
2271
3660
1231
2664
3110
4104
4134
2832
4201
3299
4261
4006
4237
2774
1305
3078
1533
1354
3943
2847
3024
2553
501
938
492
1024
2201
1963
1382
4882
3329
63
4680
1600
3722
3082
2652
3702
3313
3603
3879
2838
4166
9
3494
291
3726
1547
2430
2751
2772
93
3684
695
4343
1094
3370
2790
2725
3878
277
1313
1416
1728
2628
453
1493
1557
184
760
1748
4385
1735
4159
2144
729
2962
2001
2481
2238
3385
838
3589
618
3475
3976
3517
3601
4558
600
4252
4540
3919
390
963
1234
3168
1636
2675
1411
3412
4716
661
321
4892
955
3632
3132
1785
2874
3155
2775
431
1665
2813
1583
2407
1652
3019
1076
397
1502
651
279
3079
3035
2835
2770
4770
1157
2985
935
1018
3629
764
989
2527
2952
4587
356
2933
