3738
4447
1510
3362
3090
3235
4418
460
3467
4325
3515
1777
283
3653
105
116
3508
3088
777
1074
1707
1218
1346
2736
1960
2208
2320
447
4225
201
1527
3
2637
29
2045
4759
4326
1075
647
4601
2443
2461
3027
3236
630
767
4517
2453
1335
4722
2027
847
798
7
4048
1043
4077
3900
874
3783
1497
2711
4049
3155
1230
269
2308
1988
2160
2732
4221
764
3692
4747
4773
388
3855
3998
4345
4019
1994
794
3914
2138
2953
2978
1896
3208
187
4751
1558
3328
1859
61
3726
2409
186
4743
498
1665
3646
3497
1744
3444
4539
1640
2676
2989
1472
4437
4059
1687
1465
3962
2739
175
1368
4334
774
3286
3908
465
4053
1882
3190
4408
2452
4287
376
1876
4464
3247
2503
1567
4226
1650
3936
519
3105
3133
4004
828
2829
503
2117
2756
2515
4698
3785
4396
1429
3590
907
3273
1809
2859
1227
4468
2085
3924
2381
942
336
2034
2982
3338
3094
1899
2901
2511
1200
133
2226
1685
3232
658
245
4811
4852
721
4584
914
4201
2539
4067
2788
660
4204
2264
2297
2083
2276
1885
715
251
2267
1082
1071
3180
3167
1614
2842
1613
879
3891
2883
3917
3299
4349
4173
1739
4450
4236
3969
3484
1724
1119
128
2610
226
1256
232
3706
1092
3294
1289
549
2516
1690
4432
4125
2218
4678
2939
4687
1761
4897
3704
3601
2002
706
751
189
35
3605
2205
3179
3506
1781
2219
1646
3125
2960
3405
1616
2993
2791
1730
2633
2983
360
2494
86
1767
236
2134
2967
1869
3637
4585
1851
1651
322
1683
394
2490
377
3887
2699
1479
4223
4119
1754
2897
3578
2764
3138
2683
832
3938
4313
2755
3243
2759
23
2876
3219
1095
2072
2772
3547
3649
2025
200
1115
2268
4354
1333
1425
4338
2996
3668
1116
487
3184
2246
2303
3888
695
1585
2557
107
838
973
563
684
3221
4837
282
1835
733
1165
2301
3388
4754
1828
2831
334
3036
2201
2595
4158
408
3803
4372
4157
680
1907
1080
1138
4425
1408
1512
1421
3413
1083
1945
2298
805
1546
81
4276
1284
451
3215
2358
2606
783
4286
1351
846
550
1311
1469
2135
4896
3352
3982
4511
2470
449
3594
1684
1168
4297
2401
2811
3019
1374
4175
3718
4572
3494
2441
1392
82
3958
3966
3448
3638
2408
225
4263
4568
2030
871
3360
2234
3860
3893
3178
106
2001
4571
4795
1629
3531
2444
4813
3568
2762
729
2028
2742
3191
295
271
1782
2612
2864
4429
4280
4791
3228
3954
4448
2176
3693
4205
1519
2873
2521
1861
3392
731
4771
2700
3335
4609
3643
4845
347
1142
1858
4525
130
3003
833
4476
3794
1355
2709
3496
1674
1576
2334
4496
2481
1516
4657
676
3134
3170
4880
3870
341
3126
2577
2036
1447
1441
2924
1879
1130
4521
3365
1887
1666
2673
4358
2550
2131
254
2778
3274
1734
3096
3782
3790
1016
540
4300
216
2672
4890
4582
819
1568
4071
3702
3341
4479
4311
1490
3479
3110
1264
2910
2035
2833
2786
4787
1603
533
2348
52
4530
1305
2314
4000
3087
2088
3373
768
1805
1904
3282
2801
2399
904
867
1617
3374
2429
1718
2418
1584
2091
445
2422
2240
145
3567
2823
628
2525
2361
1475
1784
1578
3510
2585
938
726
738
4856
3707
1937
77
582
4498
4122
1274
1167
4580
4094
3526
3666
1131
3464
1948
3318
4105
87
565
1843
3801
3189
3772
4761
1811
1424
3016
1314
541
4131
4626
3301
404
2602
506
2211
121
1849
4374
1679
4082
4207
2628
689
4195
564
2112
2363
2869
3292
4283
4573
2280
1023
1419
4483
707
1052
3210
1137
4008
912
961
1658
3430
696
2104
574
720
261
4114
3827
3995
1098
3063
2346
3970
2781
393
4391
950
893
1974
900
284
2206
1301
3975
457
669
822
4065
3989
4117
3431
2311
1201
523
584
3343
4658
2412
2388
2457
4788
3130
2345
129
2520
2228
935
3574
2052
1135
1523
1069
1980
3465
2063
3742
172
3054
2875
2991
235
110
292
713
2942
312
4824
2486
3120
488
772
3002
1803
1220
3976
2902
4718
3198
4057
2591
4748
4488
1763
2339
3918
501
587
1878
1989
863
691
1034
2304
2421
4444
4440
4559
113
3268
444
4394
4699
786
3830
1122
2330
1194
20
1081
1418
4151
4612
3920
2416
1491
260
2562
4140
1281
2113
4343
2976
2235
781
1911
2946
2674
535
3234
4116
4542
3209
3021
3199
2650
258
2106
2971
636
2540
3312
2262
293
656
4566
4056
4630
101
38
1950
791
1783
2462
4713
2213
2193
446
1002
547
3728
3048
3714
2669
433
683
2380
3070
4581
191
758
1710
1450
4172
3386
3115
1825
495
1590
2887
372
1307
90
559
3663
2797
2111
532
91
2936
790
3539
4887
4449
75
1964
3608
2785
3678
2207
1316
4662
1026
3910
1813
4335
2312
2419
4370
3387
3280
370
479
4054
4174
361
2575
931
2019
2180
1657
3216
3616
1339
872
1097
888
3627
572
4389
4735
1342
2839
1694
4514
4064
4523
1347
1209
2335
70
4844
4352
4598
3723
3389
1867
4365
602
2477
3451
4515
199
3749
4489
337
2670
3744
1205
2977
1799
966
3061
2697
3868
4319
597
3671
399
1493
892
737
955
1661
4102
2086
2636
4446
1430
4163
1029
3351
4853
3981
2534
3836
2770
3194
4010
2570
3593
3309
1390
135
4738
3632
2005
4470
985
1012
1391
880
4291
869
1459
2293
3159
959
992
3325
3670
2281
2190
4380
2236
2542
4859
1792
1838
922
2224
2149
4895
4040
1468
3984
752
609
944
2161
1401
2284
1476
2806
3086
267
2935
375
3041
1007
1853
2652
3017
4046
307
2282
2718
1128
66
3941
4671
96
2292
1054
3687
596
3780
1816
230
1027
3965
3733
735
413
2396
3483
2677
354
2220
149
854
2326
3502
1732
3432
4411
642
2820
2446
1645
1818
3576
1729
1070
2998
4591
2289
146
898
3979
3935
2092
1105
3171
4272
3224
3489
3067
3779
400
211
1482
2133
4433
3197
2197
3611
4644
3821
2389
4617
1872
4405
2870
2579
4078
1279
4765
734
2938
1398
1340
2896
3399
1410
122
2792
3011
4310
3315
2895
3308
4733
4458
4322
414
3720
203
611
1133
3251
3901
3278
474
1986
1565
324
4729
4536
876
3225
1455
3939
4406
803
2999
1320
3743
3913
421
534
4694
3220
2933
4314
3032
2644
4727
1808
4510
2681
2364
998
477
1866
1983
3441
4312
409
881
3861
2518
1466
3636
4484
1655
1348
939
525
4357
3609
1573
2302
4342
3452
1595
1620
4393
2639
1564
4278
1085
2981
1663
4038
2110
2635
3514
1926
4670
4528
1814
2714
1793
3752
4532
3796
2615
1652
398
1397
3008
1084
4866
1817
4509
739
2451
2021
3289
3898
570
4235
3023
3161
3307
473
2551
2487
4014
575
176
2411
4763
1676
3513
957
2614
3462
2937
432
3972
4431
3544
1874
1577
3458
2807
4305
2093
1836
508
3845
917
2827
59
412
4017
2227
1033
1795
1042
516
3266
2620
2463
1178
4434
4820
3396
4679
2414
4084
3213
490
4558
1006
1031
1539
627
476
4098
76
990
1868
2143
301
4091
3349
3099
2819
2480
1571
3659
2172
3453
3259
181
4441
1985
4180
1566
2266
2745
1327
4798
2994
430
3226
4750
4720
1057
3665
3229
3481
1538
4355
4118
3530
3433
3890
2202
1587
3275
4148
2767
1736
4505
1485
2693
4216
655
4346
4159
3824
1593
1542
3172
1288
2099
1958
4855
2642
114
877
3680
1046
2594
3298
4683
1877
1488
4762
4638
860
2350
4847
1913
2655
723
2566
2349
3770
688
36
1358
1010
1727
4410
2184
3840
4519
742
2009
40
979
439
4808
2128
2079
2271
3401
4707
2592
4244
925
1797
1611
3850
3677
2802
3276
169
2766
3062
859
2082
3442
342
2691
1123
2309
740
1924
4160
2482
861
2882
1155
3046
1893
2504
1076
2366
2351
1702
2909
2428
677
2757
4666
1195
4423
591
4093
908
2753
2203
2783
4171
4213
104
4373
3203
3429
1692
392
956
1513
1698
2417
1308
933
1691
2604
3420
2855
1463
3081
160
1532
2186
3736
1019
2630
310
1775
1444
2775
3675
3139
3695
3662
27
4063
2890
2261
2239
906
1003
4576
2846
1318
4026
1435
3255
4032
2055
3355
3207
3239
3717
2189
47
255
247
3769
4873
993
1664
4390
1411
4083
3808
2608
2390
1376
151
3835
1570
2880
2808
3804
2020
4486
2825
1210
1709
4892
1719
601
3204
634
555
1217
621
1394
3816
4360
4399
2501
2182
2049
2598
943
491
2990
2139
2857
1393
841
3287
2150
2923
4090
1559
355
1668
4460
2265
1660
3504
1005
441
1297
2765
845
692
24
1246
1086
4659
1174
4068
264
1562
4415
147
1949
2076
3854
139
2921
594
536
4127
3461
4557
1185
1848
746
3712
697
386
4400
3068
3853
3945
3427
2187
951
3582
2053
1004
954
3591
2426
2918
4133
1202
631
4101
639
1757
4485
4009
3393
3124
3589
2095
3450
1216
4563
2098
542
2472
968
4007
1953
141
2087
2716
163
2210
3265
4018
4700
1880
3231
4876
4499
3719
1630
1204
2597
1712
2860
3136
4651
3791
2217
4684
2547
4870
831
3320
263
2737
865
1413
2865
4605
2259
3028
1873
3980
810
4194
595
1015
2274
2874
4198
569
2712
1304
1438
698
2822
3669
1807
1456
2357
3326
369
34
3353
2734
750
1605
2622
1189
1619
4417
4088
1193
2377
1437
2272
1380
1067
1448
2847
4614
4643
3881
4560
459
3832
1158
4324
909
3897
2129
207
2668
2031
351
970
4849
41
4615
2986
335
1844
1361
2805
773
2780
4202
3015
2867
156
1298
1569
4741
2040
3985
3843
2832
3521
3612
2544
4755
4108
3271
3366
3384
4356
663
3595
4877
4850
2336
3434
4106
62
2013
405
2455
306
3348
280
4879
4011
3412
3775
153
4637
826
4261
2611
3543
2109
33
4292
2987
3267
3317
1722
718
2156
3471
1787
185
1511
694
1929
4256
422
3463
3761
2004
3319
3911
2237
3456
1967
2254
3089
3546
526
223
2146
1259
17
2752
1525
4461
3542
896
4398
4152
4843
1494
3683
4332
1717
964
2743
1740
3174
4435
4592
3085
2649
3342
3615
2195
1024
273
3731
4857
2167
1260
3018
3776
1995
437
598
2277
1918
2789
1134
2537
1823
4817
4279
2705
154
4882
2645
4863
4188
2866
3792
3709
967
2373
3415
2851
649
2927
3256
2175
1267
4035
3800
4456
1875
4024
3934
2225
710
2447
2434
1700
646
4104
1522
3370
2684
4832
1118
2958
3681
4353
4704
3532
2192
577
1338
2375
3012
1117
886
3550
2634
2659
3735
461
2571
3186
4031
3715
3701
2658
3946
3620
1114
1018
2523
795
4802
1831
2257
1171
4565
4348
2894
4096
918
2710
3112
3755
4774
3047
4137
4301
3157
3545
2943
3380
1300
1229
4603
3066
728
1721
3398
152
670
1582
1107
2906
921
2048
462
661
4050
2746
901
4674
2450
1163
79
1147
1591
2433
3884
2152
589
2688
4667
2696
4230
971
3647
2489
1104
3799
868
426
4135
836
2984
3253
3499
3114
2926
3610
4836
4686
109
1312
2530
899
308
4647
1632
3372
1106
2560
1745
1021
1528
2744
3240
3058
3660
192
4840
1247
650
1822
2386
1720
666
2701
3553
1172
4622
824
3108
4036
2763
67
2440
3584
2852
1445
4149
1675
4293
3511
1912
3867
512
620
1671
3440
4186
3878
303
722
675
3948
2721
3140
3634
2456
1132
2212
4551
2661
4681
3149
3622
3154
3971
1555
1530
2554
1321
161
2912
3558
3710
366
3302
3725
1890
3839
545
3314
31
1796
1078
2796
2464
3784
4732
3654
1315
2974
300
3337
4495
299
2830
1714
3685
3658
215
3778
1852
4784
2747
1827
1159
1667
1649
4001
2159
4491
450
4420
2884
1350
2432
111
3968
3852
2507
1269
2871
4336
716
418
1153
1087
4086
2738
1534
1420
1236
2338
1462
3132
274
4871
820
1324
2957
357
2795
1013
2081
3818
4783
1183
2814
2596
2315
3814
4328
428
1935
2238
1824
3618
2646
2374
2044
2333
510
162
681
171
1405
3841
2316
1854
2384
4250
3555
382
3426
4482
427
858
2177
2750
3327
4471
4781
1036
3570
941
389
2318
4792
2605
1644
4245
1704
442
1580
1870
3592
4768
3004
3912
367
58
3350
3626
4504
2617
4469
2911
4443
212
125
521
2740
221
3407
4459
3536
2194
672
3880
10
4124
3303
2735
291
262
3947
237
2532
4848
3097
648
2249
1503
870
1379
2387
4586
1166
807
54
117
4702
1388
1334
2283
3402
1846
2054
3956
1520
51
2799
3050
2307
3474
4037
1231
3470
2410
3495
3757
2324
2103
1856
3926
4889
3241
4249
1145
883
4227
4217
2094
1639
3501
2689
776
635
1323
4039
358
2815
4189
4606
3500
346
3013
3025
1299
4830
705
2244
2397
1407
829
2726
2042
3051
2379
2198
3739
1219
99
3516
617
390
1065
1509
3876
4888
2725
3862
3581
1607
2216
1681
995
3257
3596
1244
338
2491
2275
315
3187
3408
4232
4034
1261
1594
3625
779
3691
286
857
3300
2286
482
2127
4321
578
4299
219
4706
210
2353
3509
2824
2056
3158
2722
769
923
1696
3644
3007
3304
329
4885
3480
4383
3664
3371
4508
3964
4267
4144
1473
3580
3894
4359
1800
4724
2151
1886
1881
1810
507
1973
3411
2787
4799
1529
4710
2427
2483
3788
2527
1556
2341
1733
585
1496
4865
2749
343
2631
4829
2038
2624
3357
4308
4814
3686
1894
1139
472
3195
2046
1102
969
345
1517
368
732
84
2985
2541
4164
1044
1930
2694
3822
3656
4769
2496
3722
1295
1181
1113
1944
4770
1103
1474
3953
3628
4693
3885
401
429
198
1962
736
4095
1901
4376
144
2929
4428
3777
402
3358
1625
4027
1864
158
997
173
2510
1330
1905
2332
2362
1574
464
443
4150
3560
1101
4794
1615
3394
1249
4650
142
797
4628
416
1245
407
3486
1241
94
2664
910
1354
3922
4193
1987
78
463
1060
3264
712
4156
2294
1499
626
1951
1292
809
4645
3423
949
800
3698
330
2941
218
3997
823
1129
3005
224
4028
3829
3403
21
2077
55
3390
3245
1957
4522
2966
4271
1839
4200
3222
3957
2843
3040
947
4371
1909
1341
2032
2651
3248
4548
3145
1622
1481
4493
1443
518
3498
3895
2010
3833
4825
1752
3810
3745
1156
275
1963
3449
4867
1618
252
2468
4058
3493
1400
2928
3055
741
3875
3737
1842
1061
4497
217
546
1537
4100
2170
1225
137
314
4234
2868
2841
3165
3503
4246
4477
2061
2913
2950
2168
6
2067
976
1888
4737
1058
3084
2793
1705
996
3523
3977
2057
1251
1928
2643
4076
4070
494
4233
1440
2493
332
417
3748
4177
3045
1124
1903
2171
4838
4682
2657
4608
4251
4620
206
4350
1925
3864
2123
3006
2169
4427
2174
4629
3069
3469
42
2101
4731
4329
4153
2126
4655
3183
3533
4111
4810
856
579
4839
4701
4503
220
2107
1841
2124
2922
1743
4110
1062
1588
1250
1285
1755
4534
4422
3741
3166
425
4331
380
1001
2810
4268
629
3708
1222
3856
1840
3192
2003
1406
4474
4020
2435
3819
190
3421
2505
1066
419
916
770
3817
885
326
1357
890
4822
816
378
799
1127
3828
2050
4187
1090
1223
3564
1628
2488
530
2024
592
1993
3684
148
2497
1956
2467
4772
2420
3987
1931
2834
4540
1631
3445
1572
2619
2949
1715
690
2979
1190
3967
1943
4884
1068
1110
701
4155
3927
2618
1109
2370
1737
150
4045
4414
2400
2069
3773
556
4634
3075
3689
1328
730
520
2158
4161
3802
3079
2323
2084
4294
1214
1349
4893
2844
4719
853
3196
2317
1725
1460
1100
3960
813
25
4697
3993
3667
4228
119
197
2589
2065
1432
1402
2760
590
3168
1966
1830
3732
3177
3650
2233
3281
2251
3419
2647
509
4426
4561
492
2654
4797
3700
1535
202
2586
1916
557
1161
2163
3153
4214
4147
4607
2037
2360
3950
2359
3904
2378
4675
1794
497
4809
937
2413
583
566
2627
1136
2821
1506
3857
4218
2119
2784
2476
2695
3524
3272
4097
423
657
3122
685
2702
1769
383
4834
1772
3098
3473
2051
4819
4760
4518
953
3410
2853
4723
2393
3690
1049
3459
1672
1812
2600
373
331
253
4728
2162
3930
2548
1515
3206
755
2295
4219
775
1226
593
3455
2394
3270
1313
2905
63
1237
719
4570
687
1079
1514
1884
4520
3443
989
362
4306
2962
1834
1780
3176
1915
4085
3865
1381
2475
4146
1536
3813
4861
1037
1545
1211
4112
4107
2369
1240
1627
2402
4613
524
1765
1770
363
946
1268
1415
2903
1143
1597
4619
3329
4016
537
4253
3218
3697
668
298
1457
126
1093
136
4222
3230
4270
4309
4575
3991
1862
554
4654
2961
1961
3295
1773
1996
4262
68
1383
3311
3368
2632
3648
2904
1056
4881
3674
2100
2662
4545
960
3181
4593
3713
4746
1932
3491
2144
353
4344
2692
434
1711
3020
3807
240
484
3847
2405
2469
1409
3279
1716
4715
665
3994
2964
3152
3101
1968
3141
320
1089
3135
1009
1549
4060
3106
2680
3356
725
3554
4587
2252
4556
3478
3528
73
2122
4672
4696
4196
328
913
1170
2840
3721
714
3688
3781
1789
1746
4656
4392
4099
352
204
4527
1686
2720
645
2803
3344
1726
2425
2804
3606
277
4364
270
4524
2543
1048
1656
4492
123
4320
2368
3490
505
4673
3750
1263
4033
2556
4211
4199
2248
3631
4590
1508
2648
812
4546
4401
2181
3107
4190
3288
2898
3599
1064
480
3339
4891
4714
3863
3834
2125
2153
903
1382
817
4749
381
2173
2105
4307
4258
2727
834
3624
3641
1922
60
178
3952
2629
2200
3310
4021
2856
499
2449
1428
1606
977
1373
287
1371
4382
4636
4595
228
3010
3261
618
167
134
1275
1920
2956
1921
2465
2255
4567
4472
4388
2015
3382
3789
3535
2733
4616
3879
4421
348
3540
1821
3131
2382
623
4501
2861
2006
517
3925
1526
1451
4562
963
1434
124
3759
1146
761
4369
4639
4092
3915
2514
4756
1404
1586
2768
374
1187
4029
3990
1633
2147
2074
1253
3640
112
2096
481
227
1291
1547
4878
4327
321
796
724
120
1149
1981
982
638
2899
1427
1971
3340
1758
3424
4237
4295
180
1453
926
654
4467
46
2214
371
183
1452
1458
4362
1550
4827
2638
403
436
1360
5
711
2321
302
349
1815
469
3716
1544
4247
2018
511
3871
3238
1017
83
965
1579
3363
3645
640
2965
3211
3767
1883
249
214
2893
991
785
3597
2546
2391
64
3919
2270
4142
2574
4162
4277
3753
3907
4807
4726
2553
93
3944
1670
3038
3774
3806
30
1829
2256
316
4113
815
4833
4191
1832
2818
849
4812
1760
3583
4386
527
2930
3754
1669
1272
514
4337
1635
4453
3534
4775
2142
1786
1910
974
4439
522
2970
850
4721
1540
787
952
4138
1221
4465
1626
1609
693
32
4170
762
4073
568
2707
2583
599
1501
250
4074
2305
743
4533
3117
840
2538
4208
4442
978
1273
3768
4013
3826
1982
4648
2253
4500
1863
2729
3416
4475
4252
2565
1140
4689
3940
1213
3598
2512
3727
2337
2973
2300
1927
704
395
2070
2230
241
1088
50
168
3746
2404
313
1326
4874
727
3383
4541
1728
1224
1317
2204
1242
3376
2014
1518
4803
4288
1998
2564
3617
448
3899
4462
855
614
3537
2687
2
2474
3377
3364
771
3148
1713
333
1290
2385
1266
15
4653
3705
138
3851
4269
259
1940
1417
2445
4736
4395
410
279
1673
1277
4739
3629
3929
3143
2296
164
1196
3263
3529
1309
297
2492
4452
3454
3905
864
929
4599
359
3425
1412
1032
562
1461
1693
2576
4757
2073
3837
4688
1680
1889
3202
1599
2242
2730
4744
1228
753
1762
3937
2790
239
607
3400
56
140
837
4303
4753
703
3092
1871
2580
2706
3111
2558
2108
4507
748
3538
1895
244
3369
3118
3201
1749
4121
4780
2285
4535
1748
387
2517
2731
4141
305
821
3404
3866
2221
2115
4238
2900
2154
4786
994
4611
3607
1169
1756
2313
4087
1387
2837
2287
4676
2862
1638
2925
1642
2183
1731
3886
2590
1641
4597
4618
288
2075
2116
4043
3655
2914
3254
4167
2371
1492
4725
4203
4717
827
2931
1939
3306
2260
3527
2656
1343
3569
2026
4685
3793
4625
3031
2685
19
2322
1976
3346
1235
1257
3766
1583
9
3577
2291
4543
2872
1850
4298
323
1689
16
1975
934
4782
379
4790
2430
1495
3417
2915
3740
1258
3059
1575
424
4330
1900
71
924
3332
3551
174
26
1175
3024
765
385
4531
586
1039
3694
208
88
4030
1612
1955
28
3391
4776
4766
103
1902
2118
3252
3214
2438
782
2934
4513
4660
2948
4404
3033
344
143
4055
3541
4209
2969
1423
2454
4323
1336
4663
4649
4875
2130
1077
3049
456
1203
4789
3729
3436
2179
2849
3621
2245
2471
2479
3285
4632
3600
1647
2858
1688
4828
3988
2771
3951
1364
2500
1038
3475
3672
3787
702
528
1589
2885
2863
958
4664
1008
2250
2552
1278
3246
2678
2058
4569
3142
2988
2665
4242
98
2817
4243
2367
1610
2531
396
1969
1798
1898
3488
4384
4764
4494
4841
222
2290
3760
2209
4273
340
839
290
3091
2269
3797
3943
4240
3519
3571
2047
1212
3518
4553
3703
3354
4463
2229
415
2513
4711
3385
4641
2365
3482
980
2584
4430
2354
920
165
3764
884
4883
4109
3175
1498
2758
272
2423
4361
1359
515
3928
2572
2325
4635
4831
1276
1157
2415
2728
3422
747
3468
1804
89
4490
3029
2850
4103
4022
1040
3942
1747
3336
4012
1154
4130
4669
2916
1399
1557
3039
4220
3438
1059
4229
4767
467
1946
1296
4132
92
1790
502
1791
4823
3064
3575
2263
2660
531
3711
3102
53
814
3164
700
11
1504
4894
285
3418
2881
2641
3042
493
4381
2828
3585
2809
1759
3237
1601
4730
231
4317
4438
1126
4602
1592
1416
1533
1648
1303
3809
319
1806
170
673
2342
2458
3330
4652
2891
317
4290
1446
1385
1826
2508
80
3820
4
4690
3730
2613
2299
4285
2888
2568
157
3805
2436
3074
4538
3877
4339
1184
2761
529
1369
3212
4061
4579
4281
242
1025
4785
4633
4123
4624
1604
159
4705
1112
4502
3127
3071
1703
1182
4801
3765
1653
2231
1521
1914
4454
2972
4457
3381
1954
975
1271
4340
3123
4115
1483
478
789
3065
294
2017
891
2703
2498
4631
43
4862
1344
561
194
1310
852
1581
4480
1431
3848
4555
3961
2848
3492
4596
1480
1771
4740
778
4621
678
4554
1099
3277
3512
1262
397
1643
209
3869
2940
196
887
2064
662
2278
3439
2114
1414
1855
3077
2773
802
3022
3361
633
2845
489
3507
605
2640
551
1180
1426
1372
1030
3696
3633
1923
4854
3906
3193
2717
674
3823
2241
2141
3447
440
2340
709
2581
1252
4368
2569
4006
3520
637
3771
4176
3146
1952
811
932
3437
4544
1294
3786
471
3147
131
2980
1999
1553
851
2319
1366
2679
97
1362
3030
2392
256
1162
1356
2724
3205
1403
1596
2376
2533
842
4081
12
4407
500
3619
3217
2164
2403
543
915
2555
356
195
2033
3983
1979
4627
1554
4409
2478
4816
889
3556
4583
1047
1197
1779
3811
2713
2329
1389
1598
3931
3347
4872
3676
3137
4145
4589
49
1486
2601
576
894
4758
1742
4192
1802
3812
2347
804
2288
4120
1173
3557
2121
571
2686
945
1959
987
3466
1934
911
1125
3378
1243
4526
3056
1063
4821
659
2157
4066
3169
1941
504
3121
1053
4375
3657
862
3083
4419
1282
2704
2352
2011
3037
4588
3587
1947
3428
127
3323
4126
613
1788
3001
1322
4385
4451
2068
2836
3076
3395
792
102
2932
3297
558
4089
1293
1467
1375
927
1695
2140
2774
4745
1332
95
1552
1677
2466
3758
420
1801
2407
452
2944
2448
1892
1541
3699
4178
4377
625
2000
3060
2889
3561
930
3978
573
3144
1543
475
3269
1148
4646
3992
962
2588
1436
1735
2609
2719
1678
3293
4416
1919
3973
2563
1502
3525
4777
1636
1280
4182
653
4318
2892
3734
2459
4640
1239
2878
182
2460
3874
3548
2485
615
825
4197
1206
2835
3762
2306
2536
2919
1977
85
1287
4341
4481
4052
266
3009
4661
999
118
268
2621
2439
234
835
3359
2442
1108
2582
3043
3559
1906
3052
3026
3334
3290
3258
2185
1152
1022
3756
2777
3446
1477
455
3109
3909
2524
1551
1865
801
1433
100
3996
4424
1014
3227
453
4752
2854
2343
3188
3406
1179
74
905
3630
616
2607
1
3095
3014
1837
304
3889
3160
4304
4224
708
3072
3200
3921
2779
538
2708
2603
4864
1439
4402
1011
3724
4215
4259
4846
1306
1819
1198
2016
2653
2372
1188
1897
1377
757
3859
610
3661
2549
1331
1560
1464
1785
2223
3844
1659
948
3566
1384
3955
3916
1741
22
4445
3250
882
2578
4695
3586
2545
3477
4734
1353
4179
1255
3129
1091
4366
2599
544
4487
2908
2959
3321
608
3883
4604
1254
4552
3974
3602
3162
1942
4550
309
1045
3552
257
1144
466
3053
873
3435
745
281
2383
486
2626
984
4282
3316
1478
3562
1847
1422
4185
1699
2327
4302
1978
760
1602
246
1764
2666
2356
3313
2754
4136
3460
3296
895
4274
2232
3986
2243
3902
4139
1454
1857
3873
1891
4413
3673
3284
875
793
4241
1548
3093
4712
3923
3763
4003
539
3549
2522
4367
788
1484
4800
1608
3249
2008
1329
4610
1738
622
4025
3163
1050
2007
3963
2331
435
3080
4473
4668
818
2794
4379
2616
3116
166
2022
2437
2877
2080
4529
229
4333
3345
2078
4793
1833
4578
2826
3113
1774
2945
4564
3623
1055
278
2800
1337
406
2191
2671
