4282
188
4001
2828
2550
2806
1911
2237
4840
26
2463
4511
366
2312
3487
136
2899
1566
3774
3200
449
3953
235
1969
867
633
2713
247
2630
3726
2496
4678
4369
1746
201
2355
1222
1596
4758
1078
2352
4491
1910
2287
4545
592
1768
4740
1443
4222
346
980
2566
1921
2781
3028
583
2497
3480
2026
3826
4083
5
4239
415
4683
3388
3
1119
332
4853
350
2211
821
2705
3763
17
4732
1750
2364
1362
2101
864
1014
1385
1665
1731
2938
3889
87
4091
1481
3016
1203
806
851
2529
2272
2628
166
3604
456
2232
4098
1379
3633
3445
2602
3299
4671
561
249
799
4696
4100
4153
1021
972
881
2281
3286
4779
1926
2382
4785
4532
2741
1346
403
1043
1550
1919
669
1322
242
2414
4486
162
1501
3263
1051
4674
2690
3622
3002
168
2081
4400
4089
3937
3140
1494
4407
4354
2710
3408
3488
748
2544
4181
3825
2521
1381
4015
3599
2360
4800
4493
4567
2585
3087
1992
4041
2010
361
3045
3220
276
2858
4398
4073
3637
1037
3047
629
4164
1255
921
3547
3950
1077
3026
3768
4864
1498
3374
3902
2935
2960
1685
735
718
3460
2860
3368
193
2621
2927
3643
1915
4229
194
3901
2750
3430
1408
3245
2553
2515
2861
550
4610
3173
3957
4118
3863
3255
714
615
3405
1839
1444
3479
3034
289
3343
2756
572
8
3476
1715
1457
2498
1454
3869
3153
199
270
1085
1335
557
4744
1706
2400
3038
200
4346
3731
4571
1502
3036
4167
4788
4249
3230
1859
4844
3753
1643
3348
1679
3530
891
2125
4885
1812
4382
3524
2441
1562
3611
274
1488
1939
3572
1252
808
545
464
4434
1405
3327
4509
3311
924
2135
4358
809
2228
879
2952
3128
1916
523
4650
2810
2035
977
4254
2660
2050
4078
1495
659
1920
4221
4350
1225
4825
2258
2438
1012
2454
606
3331
3540
4765
1729
1610
409
4436
2942
2014
2374
4071
1307
4455
2259
520
634
3184
2383
160
4315
4828
3293
3061
4769
2123
4189
752
3213
1209
357
4685
4020
3314
999
4300
1192
524
3328
4826
4258
1521
1877
436
4617
364
170
401
3215
4641
453
2183
666
337
2746
2584
4272
847
2789
2879
3559
3177
1332
3525
1725
1398
3913
2121
4286
2892
3233
2155
776
1407
304
3532
935
1305
3717
4516
4044
282
4794
3978
4408
976
1794
2695
725
3247
1073
192
3053
512
3961
788
1869
1747
688
800
2925
3365
3963
1026
3586
325
1933
4543
571
3174
2663
1654
586
2130
3462
146
758
3833
2056
822
3033
2985
2193
3980
3254
1751
3143
3977
169
2958
1804
2843
3185
60
2071
2489
1066
2564
531
3419
2202
1519
474
1052
3275
3677
1675
1129
3236
635
1792
2835
4579
2483
4255
269
2218
4334
4866
3981
3565
1618
543
4575
4804
2814
1001
4607
2358
1025
3165
3396
4321
2562
2164
2939
11
1402
1116
3366
784
3136
4365
707
4395
4292
2674
2105
1112
4583
2111
4637
4863
4833
4361
757
937
1363
2148
3017
4356
684
1843
4035
1784
743
4854
1508
2203
1880
2955
4416
2284
3346
604
620
432
3203
706
70
353
4099
3355
1108
1574
2804
3802
2408
3614
4475
2088
3701
243
4638
3570
1334
68
3719
1111
953
1733
4353
4710
2429
1925
2465
4631
3089
3575
2178
195
2345
4214
2970
3075
2151
630
2304
2994
578
3949
3903
3966
290
2646
1754
4150
2689
4896
3067
4375
2730
1828
1848
2061
3439
3796
3428
3995
1092
4253
74
3041
368
3302
1120
2481
3782
3393
4497
1912
4363
3714
1154
2343
989
1249
216
3076
3096
3700
134
2468
2020
2962
2869
3322
4003
4426
3551
4776
1169
969
2840
1585
3783
1072
4323
912
513
222
695
4836
3707
4002
3234
3594
2092
1262
1131
641
3682
2184
3948
3856
1994
3297
3288
3362
3678
831
3562
4584
3890
4215
4038
3332
773
3372
2165
4700
911
2993
4526
2887
3484
260
2631
1018
3638
3804
1837
265
4814
1886
197
1639
4642
639
3635
610
1105
4191
1416
931
3651
4305
4096
2250
1826
1040
3845
2425
1484
3909
4322
3749
2278
462
1913
4556
1440
319
2671
4012
3313
1174
390
2798
1571
1976
3621
4208
3997
3729
1806
2216
4841
3194
9
1711
293
2651
4379
1165
472
2831
2867
575
2260
3734
1461
45
2874
1901
1447
3435
1542
3024
3180
3032
1493
4693
4030
4320
4146
1104
3870
3924
2626
3624
1400
1998
4216
4492
500
1341
3471
2221
2356
4172
4298
1995
763
1273
3418
1793
3708
4856
4620
3095
3660
3078
2964
2712
2538
3465
1313
4843
1216
79
1868
4114
3794
3878
75
2594
3023
4713
3046
850
794
929
4339
3501
223
164
312
643
3333
4233
3489
3429
4872
2780
3798
4505
2490
3618
3100
1816
3972
2793
2486
31
1187
2207
1035
1608
3040
4440
4132
2851
10
241
1281
4425
4257
1997
1016
539
2399
1900
2637
1259
205
4142
441
2365
857
420
518
230
203
272
3277
4200
1196
2242
614
3081
4349
4703
2233
1518
1512
3413
4213
2011
4552
762
2526
3746
603
94
1219
4822
3014
983
4737
3627
490
874
3272
283
2749
2527
1662
292
1964
4186
4127
498
2882
3697
412
4312
1314
2568
3401
144
2817
1102
4587
3915
4474
628
4594
1930
3123
3291
880
2946
3883
4890
529
4318
313
1075
4144
2467
4399
311
834
3893
3125
4541
4386
320
1031
3610
470
1589
2983
217
1
1736
1830
1506
1640
24
3639
3739
3703
1905
3791
2936
3502
1603
1254
892
372
1149
4330
1720
2062
103
4647
238
3481
4574
69
3553
4084
824
3898
489
2836
954
126
1887
2002
1982
1721
1902
827
3088
2989
1424
1074
2736
469
2731
3597
1360
4627
4053
730
2578
3082
2394
1391
1590
1963
559
264
1795
3019
2019
4665
2336
1607
2001
4170
2293
4176
4578
501
2145
2811
1823
2044
3468
1539
1783
3695
3603
3475
1093
2744
3840
3161
3535
568
3385
50
679
3983
1466
4284
3310
2845
4306
1417
4784
608
2598
1065
3738
0
4663
2535
29
1206
779
4795
4119
226
3321
1229
2930
4337
4551
1628
4435
4857
4240
3715
1845
3181
2445
2051
2945
3152
120
2995
2642
413
51
1882
3765
876
569
4823
3709
4228
938
2852
2030
239
4498
4463
4007
2428
1471
2361
1857
4018
3269
4868
1231
4849
183
995
251
3712
3733
4304
1827
2169
110
4276
3278
4410
253
1489
3155
963
2464
2252
1990
2926
3664
4262
1185
3111
2386
58
1236
4581
2604
3338
309
4094
3605
1410
324
2323
3242
343
797
2038
3375
3928
2229
1535
3785
2949
4563
2488
987
3289
3224
4274
2687
3433
2890
3631
1237
4501
2453
4791
961
3934
4757
3776
2324
3470
2920
3191
2605
1567
1368
4838
611
801
1999
2094
2659
425
4605
1658
3323
2279
766
4562
3772
644
4603
3270
1533
4347
907
3896
932
4218
4721
1580
395
379
923
381
2520
1062
1173
1807
4614
2597
2928
1161
2354
3262
2200
4881
3587
3105
4006
2220
1588
2458
2723
3009
2797
2223
4679
4691
2580
3742
3657
1606
367
3736
382
2017
966
1127
4236
2307
1799
2561
3758
3209
396
722
2073
3249
1193
3039
1158
4314
2691
3801
4072
1503
4210
4317
4764
4805
3056
2253
2398
785
1575
816
1208
1625
3823
173
1896
3386
2240
3448
2376
810
4591
3013
835
2403
4695
2442
1927
2859
3906
2600
2703
3969
2885
2346
297
495
4537
3750
632
4285
4677
4530
1122
3911
3517
3539
106
4542
4401
2214
2834
3171
2664
455
1528
4535
1186
2546
2557
3167
3868
1705
42
3926
4405
3121
244
1126
4727
4051
1917
4394
1959
3318
692
3244
4817
3144
2696
2479
3755
2614
1409
4125
2047
3229
4029
1808
2353
4568
2680
1496
2337
1399
3145
414
4664
4123
1584
1897
2785
1576
2500
2139
2988
82
16
2894
1300
2251
1549
1630
910
804
612
1082
4733
2475
599
1619
3907
3759
2439
744
212
153
4159
514
4756
2295
406
4175
1336
1611
1601
1844
1358
4088
47
1938
3451
295
378
4598
3257
582
4419
167
428
4547
2322
3097
1321
4235
3576
904
2974
3369
1769
1666
4629
823
6
2863
1517
2657
4143
181
510
1394
3554
1191
3503
4705
3409
2137
1067
3420
3578
2423
740
4690
139
1895
2848
3464
890
1436
1294
2969
442
4345
4479
1967
3563
1159
1504
1114
1042
1326
2910
3029
1419
3114
2506
1462
2755
3051
4277
1891
2174
1732
2129
3344
2606
913
3264
4649
2085
4851
2104
2300
41
3137
1015
2772
3086
3569
3412
2503
1851
1473
3908
3138
1818
2241
4519
1605
1020
3723
2140
2714
3740
64
3968
4032
934
900
1748
896
261
2477
3835
2099
3166
389
3922
3940
585
1157
49
4601
530
2348
4104
4224
2878
3319
1160
4606
2933
1849
275
4351
316
383
360
231
1856
3188
2222
3992
3116
117
100
2953
4154
1487
4875
2152
1138
3756
3982
4681
2168
2289
4291
4806
331
3941
185
424
443
854
1573
2884
4450
3544
3781
2954
778
3261
4465
460
3259
1664
865
4261
2320
2325
3237
1613
844
2060
4468
4368
4187
3449
1815
2842
1673
3324
1758
4466
3918
2451
2901
1863
4009
4329
4413
4414
670
1878
873
4634
271
777
4697
3077
3819
1251
1744
2024
2716
4180
1397
3917
4124
846
2552
525
4428
526
1425
1054
4252
916
1780
3760
2040
506
1672
1390
2891
853
2505
1952
925
2627
1148
2629
2342
1781
1947
1537
1953
1757
699
3654
3885
1670
597
1006
3602
3853
2880
2796
2961
3031
1220
4668
4203
2049
3874
3806
2102
3653
4859
4488
3482
2350
3432
4613
3879
2268
2773
1217
3789
4500
843
3811
4275
1594
4086
756
1885
1636
2491
3894
3160
2973
770
459
1563
3054
971
4010
4079
4260
627
701
252
4040
2239
159
1118
2668
4619
1353
4076
4129
1130
1752
3192
3986
1968
590
693
1121
3834
1813
4711
4052
3942
3007
2996
1840
3970
747
3394
4049
868
1686
1671
1310
3463
1853
4569
228
3459
1250
3905
1298
3656
3175
4220
936
933
2751
2422
1646
2196
4768
2349
1167
2316
4338
85
4093
1763
3520
1331
2694
683
1870
438
3070
4640
4031
2652
2256
1723
1677
2565
1099
2941
2615
4437
4528
486
836
4019
2167
783
1144
2127
3099
882
2363
1415
2473
3584
4377
2462
4328
2853
1660
4340
21
1152
3267
2542
2208
3455
4316
1162
1696
1340
3630
2625
4050
1634
363
4080
3636
4897
3866
829
234
767
4716
3861
25
1651
4527
1327
638
485
4523
650
2579
4
3424
4494
4707
4706
1106
2339
3613
2670
1739
1635
1934
796
3390
1256
1095
3320
3892
355
2932
4043
1011
554
157
3306
3648
636
1039
1790
53
2194
2726
3809
1266
3561
3035
2245
862
370
2367
4609
23
3195
2368
3149
1046
1299
4384
774
1089
1800
901
4432
2972
2815
3528
2248
1717
1846
2195
1772
840
3670
2138
3675
4247
3027
1866
492
4824
4839
2717
532
915
2286
715
920
1233
3761
1286
1420
1320
2514
3955
1884
4005
186
1692
4156
741
565
133
579
712
4529
3472
3515
1822
3518
789
43
872
1624
399
1434
1552
1477
477
4600
2950
4730
2554
4279
2738
3779
3704
4554
266
2084
2150
4746
2740
3421
3210
3962
206
1876
4026
4648
354
1429
1485
3764
4136
4666
3189
148
225
2124
2058
3724
621
1669
3632
3243
2100
4165
2485
397
1316
637
3848
760
708
2351
1789
2370
2525
958
4669
1734
2771
2299
3752
2667
107
1324
869
344
2276
333
2802
2225
2083
2074
4834
4430
4820
962
4687
303
4348
2632
2813
1682
2757
845
4296
1490
3800
4217
2270
3353
2913
4728
3596
2551
1883
1879
28
1354
1893
4878
4689
149
3817
3163
4469
1123
2638
3886
1375
245
4102
689
1890
125
4470
307
137
348
2875
4313
947
503
135
4054
4303
302
4596
3887
3208
3147
3079
1342
104
3831
2966
2275
1556
3276
1303
1604
519
3122
484
3398
939
335
2701
4446
209
1008
1802
820
2959
4179
1703
4580
2862
1304
273
4454
4672
3745
1100
1261
102
2266
2720
285
600
1139
4476
1007
4645
296
3266
2576
14
4445
3410
46
4193
2499
2246
1989
1745
1540
1019
1653
570
3585
4037
3952
2075
618
1642
1268
3965
3301
3102
3474
1277
3139
2801
3702
2234
652
4017
402
2107
3967
2273
287
2912
4378
2328
2132
3458
3865
893
1811
3065
772
1741
1151
423
1656
1841
3541
4525
40
1667
1230
3044
2175
2444
4157
2037
704
2990
1330
2770
2147
179
341
2677
678
3240
3154
4185
4289
4821
3607
4174
2582
2540
4406
2108
1235
4371
3477
4352
3422
4232
4464
4570
4639
3810
4725
4762
657
1906
4066
1308
3329
1470
2372
596
61
2103
580
3625
2079
2433
2161
3519
388
4582
2572
1068
3196
3757
4103
2870
2033
3176
2940
3650
1351
2873
2472
1928
4652
2388
4846
4803
2397
2447
2825
3295
4046
4752
109
1264
3668
465
4861
277
4085
3235
974
4448
4389
2413
875
3238
1464
4797
371
4355
1097
888
616
3568
4534
3609
723
2881
1614
4893
791
4644
2596
3466
2513
4309
4512
734
4520
591
4793
3486
3305
700
803
3959
2748
3406
1704
825
4812
2665
1986
4555
4188
2000
4847
1980
4775
727
877
631
4388
4392
2332
2698
1847
2089
1940
4341
1245
982
3542
4780
257
1698
3193
1392
2510
2144
709
4201
2571
3888
2727
1451
2560
4748
422
832
2917
380
3073
3303
1972
719
427
3665
2420
318
1357
1380
1553
1076
994
4895
3788
3716
3274
1979
553
182
2639
4120
1306
3732
558
154
3179
3158
3713
4199
3382
856
4576
3467
4202
1423
1497
1344
1013
400
2432
4195
899
3315
4230
3290
4244
2039
1559
3495
655
1364
2170
2643
2764
2559
1168
2777
2484
1134
1875
3807
1612
2048
4667
2469
4656
3350
2459
2850
3735
3821
314
4891
4735
4829
3101
1568
2018
4714
787
2043
119
2656
4845
2180
3875
555
2036
229
861
1627
2532
4147
4412
4287
2029
3620
184
3098
4536
858
3030
4311
3557
2908
3080
268
1645
2290
84
1684
3680
1570
4385
3797
451
3706
3876
3672
89
1914
4472
3183
384
3747
1323
2841
351
3092
4510
1101
1132
668
3667
4657
2305
4892
642
67
1427
3916
2387
1694
1243
3988
1124
1302
158
3815
165
1246
4621
3052
3339
1907
2226
2452
2142
1431
1538
906
3260
1370
3790
909
3187
3991
2110
208
3973
4336
1260
2134
3493
2480
1690
1718
3025
1491
3357
440
1545
2864
4256
4370
2821
1797
3351
95
3946
1361
2389
4238
1583
3687
2296
1270
3190
1214
1476
267
1693
2013
4869
2897
4324
2903
4301
2611
1602
647
3404
2112
3227
1526
3307
1098
488
3059
3469
411
898
4293
359
3536
1683
4402
1459
2975
1688
1004
4565
2708
2381
4415
3352
463
522
1730
2022
2943
362
4850
930
161
1258
2482
3699
751
4699
1475
1557
458
97
1238
3628
155
4599
2448
4789
4014
3593
36
3216
1177
450
945
4278
4513
3721
4237
493
4205
2816
4865
542
2318
3688
4867
1337
1311
2886
2822
4862
4283
3545
4549
3727
1480
4326
651
883
237
988
4767
1057
3442
256
2830
4266
3217
1514
1053
4451
1198
1227
1438
3899
1991
4889
1180
3361
214
3608
1318
2046
1479
1547
1728
3799
3769
4135
2188
1183
4295
2654
150
1597
3601
4611
3710
2725
2340
2471
4798
3011
944
2609
4811
3367
445
1146
1581
3780
1909
1456
4720
2291
3252
1406
3895
171
1513
2762
4801
3784
2854
2090
1993
1727
4021
1441
2402
1985
328
2106
819
3864
1632
2015
4223
4593
3206
2508
2173
841
417
3843
2893
781
392
1189
2592
4013
4704
1350
2045
813
4770
4676
38
4701
1135
4507
3606
2395
1449
4632
4548
1312
1070
1292
584
625
1629
2426
2563
3580
1282
4888
4673
1290
694
1115
1061
2833
191
54
336
1805
4871
1687
4490
2612
3334
1962
2064
3443
3718
4028
4343
4544
2803
2067
3600
373
3860
838
2684
2235
3300
90
2501
1541
3132
2362
3689
4302
2377
2162
1865
4577
3256
1860
1931
2947
918
2023
4522
20
3741
3436
291
959
3103
4048
739
1524
2391
1079
4585
4616
1922
65
505
3006
1240
433
1199
3566
4087
3248
1469
4248
2610
128
826
4101
1234
687
1904
4495
3679
3661
1577
1010
218
3142
3854
1534
842
2847
1376
3617
4777
658
3371
4106
435
4660
528
3110
4110
3795
3461
1663
537
2534
3000
2922
93
1287
577
3529
1724
2820
2404
4162
4832
4404
4109
4059
863
1460
1773
2321
768
15
1659
3862
3904
1045
672
574
502
1201
1775
3400
1242
2072
4184
2306
4483
1561
2681
2262
376
1760
1867
3793
728
4376
4471
1117
83
2333
98
3457
4635
189
482
1544
407
4231
3250
3438
3927
946
349
2876
3683
1726
1873
607
3842
1944
3265
4246
3186
3516
2752
86
547
4462
3156
2865
3204
4190
356
3552
2028
814
665
710
1422
3113
1028
391
3548
1742
4504
2329
3345
4625
871
1918
1396
2595
3454
626
3615
2215
2415
3423
22
3387
4417
3777
4373
3407
1554
661
4818
4694
1301
3441
3340
2916
1974
1210
2492
3816
2315
556
540
1474
1442
4171
2724
4715
187
300
3090
4831
3523
2206
3356
408
4183
4194
99
3827
2274
663
1958
2359
4741
2311
4442
4452
1655
131
2918
4008
3055
1637
4482
2678
3379
1647
2297
4870
3592
2027
3993
240
1371
516
1858
3850
132
1218
3931
452
4111
3647
2987
617
2302
2549
4227
3814
1965
2341
3504
4538
3164
1377
3944
3298
1691
731
2412
3112
1215
4269
1288
3214
2456
262
3049
1699
4810
2054
1228
3151
3538
4618
151
4760
3612
3015
3246
1787
2153
4747
2692
552
2706
4531
1814
2783
1445
3383
2634
4390
624
4743
4651
4134
3571
686
4331
964
1030
1172
2603
3935
4310
1247
1531
4658
798
4196
2641
4852
4411
3135
4092
175
81
3119
4148
92
4589
782
3150
3775
2827
3071
3623
3573
3591
3925
1439
1764
114
696
2314
3550
3326
3786
142
1374
3446
2889
764
2288
2898
3159
204
771
598
702
1136
2217
3582
3838
726
1178
4397
3533
1036
4439
2675
919
2430
2005
1143
2655
3858
507
2149
3996
2745
345
1049
3690
664
77
998
1349
3292
4698
3226
2436
1722
3730
3010
4192
1179
613
3021
1200
1977
2533
1565
145
3673
1689
3364
2686
1620
1202
3399
2754
4060
4268
4539
1205
4457
646
2758
4842
1661
3500
3849
4772
1145
4443
1908
2662
656
1125
156
1984
174
4686
517
2041
3228
1817
3881
4004
2080
2788
2192
1389
1153
2502
3512
952
3223
210
3020
1084
1864
886
3380
3126
4062
1505
2963
1150
2077
1774
4783
3283
2569
113
1463
3509
2378
3490
3241
3574
3104
3395
3767
1743
116
4670
2907
654
3440
2768
1943
1777
4280
385
4141
434
3330
2209
3641
461
2818
4243
3050
2795
2285
4023
3197
2792
1599
1971
1382
2760
2522
1329
1950
4778
236
3391
793
4602
3282
1633
942
833
3005
2967
3762
288
3042
2507
1996
866
4433
2269
448
2052
2872
3634
4506
3805
3072
2166
2742
2057
418
3497
4633
2096
2231
419
4518
3698
3705
2794
59
4074
3417
4604
444
91
4873
3744
2327
4894
745
2126
2450
2728
4771
2593
653
2965
1182
2581
1426
4158
4441
660
1452
1762
1529
1226
2004
566
55
4682
3567
1366
4163
3910
3837
1586
4719
1532
393
258
504
2243
4615
720
746
1710
115
4219
4357
527
1107
1832
1824
1676
2823
2700
3979
3933
4271
817
1421
4750
3308
3499
1024
3748
3043
1027
4736
3522
1765
4333
3649
2616
1175
3526
1707
52
2330
3287
1190
3975
4422
3492
2931
3485
2517
2254
3770
4458
4424
1029
4508
4608
1345
454
76
301
3317
2977
457
4447
1184
667
3560
3376
2199
1587
4546
2734
4241
4745
122
2800
3921
2016
3616
3891
105
2495
3157
334
4766
3579
2201
984
1932
2980
3434
4431
2855
1894
3131
3168
1271
1924
3510
1265
321
1548
1239
649
1833
903
4688
1755
4056
1657
917
690
4133
1171
2008
78
4792
4503
4409
4335
3990
4121
4152
4128
2583
3920
2344
3914
2575
3130
3108
35
88
3743
3506
4661
479
3662
697
4113
894
111
986
2335
2347
254
1091
326
3473
2900
928
1810
387
2868
732
1854
2418
4751
4068
2824
1388
3508
622
1874
2179
1468
3296
2116
3392
2255
3124
914
3923
496
979
483
1970
4077
1946
1113
4383
2042
563
4360
4212
2735
948
4808
2181
439
2683
2109
1033
3884
1834
2371
2283
1955
57
369
3389
4057
3836
2737
1197
4270
2799
1708
3822
1064
2545
4646
1785
2805
4802
2406
698
2849
4622
828
2267
705
2115
2007
4489
3450
1609
3106
323
3808
1850
3556
2711
2120
1578
4880
2416
1163
1966
315
476
3093
3720
1413
4564
3722
4211
1055
4884
1975
3431
178
1050
2648
1412
1482
1430
1110
2623
1889
3932
4540
2511
63
2379
3212
681
3998
1339
3057
1081
1842
3513
2765
4858
533
1348
1569
1771
2301
975
4016
4444
3693
4387
4837
112
4290
1166
4755
1207
284
2857
3397
2518
2937
2247
2446
4319
421
3984
338
4391
4855
677
1090
4560
4137
897
902
3118
3751
2263
1058
3824
2031
347
3494
769
4065
970
4550
4623
1414
4459
3253
922
3169
2909
1937
1278
213
4485
1086
246
2326
1355
2392
1525
1347
1510
515
3063
675
3354
2747
4754
4131
2156
1069
2732
3416
2682
2298
2968
1593
2998
1128
398
2419
404
1338
2666
2421
737
3507
885
129
1898
2709
1871
13
3514
1564
4561
2068
716
742
2309
3384
2159
1453
2763
711
3415
4359
2264
1446
3900
2189
4717
713
1546
4597
546
736
3341
1600
1511
1002
299
322
792
2636
4887
949
365
3686
2982
2672
2607
993
3595
1213
1803
4155
729
1411
602
1248
1328
437
4692
676
2633
3958
1212
2317
3841
1680
1428
2182
18
2282
4251
1738
1343
2025
4461
3083
1455
118
3427
4381
4297
2158
1941
4586
4636
1293
2410
1224
3091
4342
2059
1572
4299
1387
1272
2866
895
3359
2776
4813
2236
4877
447
2774
358
2608
2249
1044
4628
2599
2461
1080
1467
887
124
1094
4169
3859
3211
1522
3828
3880
1903
1059
71
2541
2759
3146
4496
848
219
3129
3971
564
172
1176
2313
4064
3766
2644
3589
4403
4502
2087
1333
551
4590
3737
4259
3068
4882
3929
3803
7
682
2375
3280
1560
2888
2396
4122
2586
4712
878
1296
4149
352
2230
1315
951
2119
609
232
2658
2653
4815
4151
4807
1649
544
3691
339
2767
1709
3074
1395
4722
1983
3792
3882
2722
1558
2688
2778
4112
3222
4654
3658
4515
1478
3938
3558
96
34
2163
1083
955
3258
2956
4835
2914
340
2619
3133
1791
4182
2319
3974
4848
978
1257
2951
1317
4115
3725
121
3985
4418
4011
1616
1369
1872
1881
2122
2219
1801
1433
997
375
2635
4126
567
4662
807
1598
1309
943
2401
3588
3546
3999
4484
3989
4653
2197
2929
3117
1641
2570
4105
3336
2624
601
2034
1352
279
2078
3496
535
1356
4731
12
2902
2294
330
4816
2186
2978
4207
130
2224
968
4830
4234
859
220
2053
2829
4559
190
1929
1285
1740
4588
480
786
3936
4675
2589
3018
1378
2113
4206
3373
33
4117
761
3645
494
795
548
1223
4438
3060
2661
2617
2143
2539
4429
2070
4684
2405
3201
4264
1951
4047
386
4197
605
3107
1450
2719
623
1786
1096
4263
2981
4761
3202
1194
1133
491
4566
1155
1060
1527
4025
4773
4573
1737
1761
662
3347
3178
3037
1170
619
3947
674
1244
3066
2808
3358
1712
4344
1838
2548
2697
2117
487
294
3773
2431
4796
1520
2543
1241
3218
1232
202
927
2097
1935
1957
2427
581
4367
2676
2924
2979
950
4558
738
1211
1386
2790
2443
2177
2303
2991
3437
2292
2411
3644
1700
3919
342
1109
3325
3754
3855
1674
2524
4659
2640
1507
1701
2280
377
1137
973
4108
499
127
3877
468
985
2838
1221
1280
3543
308
981
3830
2055
3663
2487
4749
2591
2198
1283
138
754
3871
2753
39
2385
860
3426
3659
4250
1713
1592
1714
941
3316
2261
2516
2093
3225
509
1523
511
1681
4879
1543
286
967
855
3684
2846
4027
818
2210
478
1188
2555
2769
4034
4327
3370
839
2556
3685
1253
593
587
3251
1373
4499
2118
1319
1978
2647
3531
3872
2547
1141
1401
3304
3069
1500
4799
4308
1809
1899
1515
410
2171
176
2213
3832
2704
3456
1831
3960
4058
2739
3549
2509
1056
278
1393
685
2613
2265
2721
2440
4036
1164
4226
1862
4467
2784
3012
3646
538
4827
3058
3285
2905
2911
3511
198
1034
4533
1852
2577
2114
1988
802
1579
4130
394
4420
2474
3363
2904
48
2812
1297
2531
3309
1403
671
2271
4680
2331
4075
1819
37
3652
3945
560
180
1648
259
1017
3205
4456
1767
2673
2779
830
724
3956
3577
3284
1961
4477
27
1987
3148
3669
3279
108
317
1195
3787
1770
1383
648
2558
215
3873
2082
1003
123
2512
1644
3813
2729
466
1626
2012
2791
4178
1038
1702
1582
852
3696
329
960
4022
2588
3491
2844
1796
2976
2650
4557
4624
3930
2786
4759
4886
4177
1267
4332
1825
4478
2136
2380
1384
3505
956
1509
280
1779
4487
4325
2986
66
3335
1948
4630
2466
2601
3381
3521
3378
4427
3994
2645
4097
3954
4198
1359
1181
3004
717
19
1829
1063
196
143
2826
2366
416
1047
749
2065
221
4726
3271
2715
2204
2693
3829
