2812
2621
2109
2122
3038
4119
3264
3495
1726
3036
2618
1480
2477
3902
2139
4425
2368
2736
1900
3697
258
1826
2645
2798
1706
4488
4606
1375
1076
1932
1675
2394
1097
3830
2150
2973
4802
2366
1882
168
3279
1909
4125
4043
2473
193
4750
3914
4252
4719
251
738
1833
4470
2033
2675
1946
3267
2861
101
4460
576
4517
1027
1201
1610
2684
3179
3098
2879
3275
3991
4444
4386
3416
176
2302
511
4480
2168
4645
2456
2272
955
252
4020
3489
484
4225
862
243
3252
1237
3821
3834
1311
820
3816
1574
3035
3897
4175
2072
4790
4246
2115
167
4525
3341
2961
4396
1173
2342
2287
1806
3349
3630
331
2105
3467
1715
80
3457
1298
973
2954
3496
4664
3000
3899
3686
2094
4757
88
195
806
871
2295
611
1431
4512
1205
2245
4453
3508
3043
1697
555
1865
1184
3309
1766
962
413
4299
1936
1950
700
2143
4142
909
3800
1996
1426
4052
844
4083
3240
4385
2079
2619
836
747
1585
3967
69
1278
17
2063
3674
4158
1862
1618
716
4748
3913
1808
1390
3405
3923
4826
2926
2482
1650
223
1100
2197
1303
3938
70
988
695
1384
1902
1479
3417
3622
584
3524
4260
1511
2604
640
2945
1478
3347
447
4351
2648
2892
3344
1204
4117
5
4566
3990
3833
2248
3242
1151
2818
4845
1334
2212
3519
4350
940
736
46
904
381
4547
3671
4393
2266
2784
3187
2893
2773
1261
3894
3832
628
1822
1169
2039
646
4650
737
2149
3458
4389
1421
2995
3785
600
1719
4120
597
2460
334
1874
4495
2533
1533
1581
4008
2863
1515
4253
83
4727
4618
2446
2564
4273
4074
4216
304
423
863
3387
2587
3937
390
4088
4279
12
1456
1330
4420
2269
3219
3337
1474
1256
4039
1619
4561
764
3521
1223
3079
4718
4806
4411
355
4041
750
3120
2602
3863
2858
35
4237
15
3446
2895
3280
2013
3483
524
2188
997
4380
2795
657
18
2170
11
3056
1632
3572
4529
1722
3220
3578
4588
28
2267
1530
4261
2884
1379
2867
1850
1692
896
2787
1493
2447
4671
1387
3701
1870
1325
1974
1294
4298
1750
768
2688
2850
4326
2440
1238
3700
2653
1605
21
200
3215
3473
4740
4196
1125
163
2055
4627
1962
3437
2377
4231
2092
2530
3019
3928
3981
3754
4807
125
4569
4013
1757
1796
60
2599
4036
3856
2527
4725
2171
1198
4065
4447
2247
945
3162
3363
1317
3865
4432
1039
370
960
3828
4464
1746
4859
1104
1989
3992
4780
3144
151
4145
2186
3552
356
4596
2985
4811
3713
4004
144
2808
3477
4568
3652
3762
477
873
4193
26
3316
4387
4620
4499
1987
556
63
1855
3313
136
3318
3141
3012
2069
2636
713
4441
3502
1109
261
2436
127
3271
4316
432
2750
2743
394
3146
2650
3259
656
1103
514
1490
1997
1744
1570
3862
1998
2624
3372
3474
240
1834
4533
721
4503
1985
667
1266
1254
4875
3934
2097
177
509
3114
2164
1728
3080
3223
3586
2365
216
1535
3327
100
1863
4372
651
1017
3310
2340
1519
2877
2453
1270
4241
4182
3055
2872
4787
3859
3846
1747
58
1341
2497
3848
2586
3993
1541
4230
4689
2433
48
1687
4660
4073
2459
2314
1564
1213
3430
249
4737
3803
3873
1226
3442
4337
2336
3137
4623
1136
944
3075
2848
2293
2232
3199
2182
1670
1450
1114
4171
2690
3249
2249
1742
3823
2255
1524
4100
3804
4366
3744
2204
4312
1876
1648
4356
930
1926
455
2657
2620
1371
3261
4359
964
845
1553
3308
829
3638
4522
128
246
4317
1381
2771
2131
1848
4657
2222
1067
1949
2108
3606
453
2215
2174
2573
4270
3119
2484
564
3399
989
4265
823
325
745
3041
1084
670
2949
482
3343
4286
3883
601
3386
2475
913
1297
1700
1595
3468
3690
3963
680
779
1459
4823
1814
4813
404
4600
3209
2387
4484
3805
3470
4540
3968
365
1377
4788
3003
2381
3960
4895
3620
2849
1958
1357
3420
813
309
1494
3829
1458
4776
479
162
3658
1389
3074
2425
1188
2277
3609
2028
4019
1549
3876
4133
4559
537
442
2240
3018
1522
1419
452
255
2089
2031
757
4752
3205
726
4760
4892
1425
1472
4105
4153
2386
4805
4872
164
321
2525
4709
4209
4267
1365
1730
3924
4072
2614
1043
2717
4549
2196
1440
4580
659
3753
3751
3602
3133
2702
1111
1042
2695
2968
4106
475
617
4147
4228
4602
1790
4481
3451
376
2179
420
3702
3538
3186
3748
1162
4713
1658
623
3324
1551
2503
3889
4852
3419
1672
4251
2260
2411
3435
3013
501
3925
1250
215
3401
2761
2785
2585
470
796
610
1471
220
4054
4207
786
2719
72
4829
1935
3953
3127
2189
329
3149
64
4173
2920
1228
2532
4290
2828
981
2979
4030
4243
3809
1448
2317
1000
905
4457
4206
3221
4349
3135
4249
4011
1302
692
3434
2020
560
270
921
2073
4140
2894
349
300
4213
1627
3792
4440
4478
186
36
1233
4156
1816
782
602
773
1443
3269
2529
4693
2290
2561
1392
3183
613
3281
3635
2461
4172
846
544
361
2725
445
47
2393
1007
4434
2649
914
4373
4507
2327
183
1406
3461
2588
3009
2715
3051
4839
259
2288
1347
43
3729
4402
568
2665
2757
4268
4217
2026
4634
655
3345
728
2600
3530
3315
3592
3838
542
3542
4863
694
2126
2984
777
900
4162
1075
3626
1988
1190
3872
812
92
4416
279
2315
3929
673
1085
1046
2781
2510
3225
3969
1643
1787
3608
3886
4742
2279
530
170
1752
2144
2576
1565
4804
860
2116
1274
375
3265
4894
1626
4837
2110
3533
660
3014
4205
1415
3840
4688
1737
533
3836
4159
123
2810
4608
1817
4194
4379
975
2187
3698
1577
575
185
1305
3101
2202
2972
3526
2537
843
1397
1782
2466
3513
1600
4080
3499
3125
1831
344
804
3155
2806
3421
4691
3027
4604
2183
3069
1948
1779
3122
2112
22
3965
4871
42
1361
1025
3286
1148
2448
3769
2897
2516
2141
2284
3332
3282
4592
4108
4722
1003
3193
366
1510
1734
1653
374
972
4883
2011
434
4204
2880
55
1336
4430
1291
2666
87
4611
247
4077
2786
2006
671
3987
2899
2068
3086
2380
4031
2681
2003
622
983
3475
4735
3090
534
4696
1572
3789
1649
4836
1548
308
1172
3875
2419
1738
3165
2998
4309
2727
4022
137
2500
1517
3113
1428
2837
2762
3366
1077
969
269
4266
4413
2029
4637
84
3392
1058
4594
4679
204
2862
3557
1861
4450
1258
1762
3782
731
1623
2512
4141
4616
901
4051
198
73
3584
2606
2271
39
1212
336
826
188
3484
982
2062
2220
1995
3604
1676
4084
3564
3236
89
2980
2048
2132
898
3425
274
4473
3558
320
3123
1591
1859
1253
2800
4151
4684
2163
2679
1943
3111
3189
2689
2309
457
3996
208
770
1769
4489
2948
4612
801
3596
4177
4485
866
1662
3806
4858
1159
1088
665
319
879
4786
4643
1005
2591
283
1446
2868
1244
32
735
2319
4465
3966
4029
3874
2001
2873
4442
369
4166
4590
1508
1856
172
2777
3325
3073
4198
427
222
1393
4009
1518
1930
2760
4878
4345
2716
1225
1008
719
1899
1764
1150
4668
952
4269
4057
317
1957
767
1539
881
2887
1091
2228
4199
1625
1562
4667
2796
4554
1829
2958
4308
461
4808
1696
3591
4288
3639
4226
2454
2670
3222
4881
639
1158
166
1781
2076
3139
2047
3517
872
4289
3668
3822
2742
4391
3255
3504
669
2811
3955
4597
82
2251
1694
2199
3659
3481
2704
2435
870
4331
1575
2605
2478
4232
1615
3299
1144
1939
2016
4466
2557
803
2282
1664
4598
2526
1300
4293
341
916
2640
2774
2697
4167
2928
2030
817
977
751
925
1383
3094
3253
3683
2060
3941
2219
3972
2759
4292
1470
3689
3779
1897
4435
3565
4864
1823
4796
4000
3427
3860
282
1851
91
3462
2578
4893
2990
161
4777
2208
4028
2321
607
3594
3568
1343
4018
2481
4819
3651
2351
2505
1978
3943
4324
3853
1346
3628
3787
105
2160
2316
762
3190
548
3058
4759
3893
191
4224
2646
1527
3780
4124
1464
2686
653
980
2975
428
3413
3081
3911
1012
3256
4451
2086
1821
1477
1281
1491
4062
1843
4763
4304
4342
135
2004
2017
2778
4025
4632
1349
3770
3447
1976
439
3192
4183
242
2388
1245
1101
3207
1506
933
3718
90
4297
3092
835
3453
1206
1807
605
2474
3304
2479
3087
33
2836
1973
963
431
449
1481
132
3984
543
3739
4408
650
4238
687
3412
1167
4438
4382
948
1466
4891
2535
1905
2929
1106
1081
4545
1139
396
4091
3794
3294
2559
2592
592
4277
1107
3520
2418
3194
4690
838
2330
858
810
725
3870
4462
3881
3746
2002
4137
1872
1200
3656
4301
2469
4822
2813
3976
1161
1732
1195
2560
4295
454
3362
4016
2480
1112
1616
228
3661
1418
1290
3699
661
298
1024
3390
2596
4202
3811
1386
3305
985
2145
3402
2146
1994
552
2570
2050
2035
4591
984
4535
489
3677
3158
1542
2379
3970
1227
3433
159
2824
648
1310
2042
635
464
1839
8
3909
3145
3346
2265
379
383
2843
1301
3855
4738
4415
3154
1892
4282
2524
1108
324
2831
3121
2830
1566
523
1372
2135
2087
2802
4417
3603
4060
778
4443
2925
1563
1277
2059
986
24
2312
676
887
4641
173
3472
4571
3861
4102
2152
2656
1711
3172
976
3292
683
1698
4656
2235
2492
2244
4706
2517
2768
4615
2191
2612
1602
1113
3642
2054
4505
3479
2763
4626
1402
2691
93
3593
1138
551
2472
1304
557
2853
1972
1040
3906
938
4294
4210
2155
2943
4814
4192
2323
2783
3370
4291
3735
4027
4732
2900
2558
4258
4572
2455
664
1968
2878
388
38
3360
30
2832
3641
2273
1867
1740
2040
3445
3814
3459
4242
2628
2661
2280
2442
3916
465
1964
618
2464
1166
722
2540
2630
3374
1835
2285
3212
540
4422
4685
3949
1809
4012
1498
4486
2747
525
3947
2617
1329
2409
4781
2206
1860
460
1457
2792
416
4179
1573
3262
3573
1813
3696
4418
2090
94
4339
4426
1385
4219
3082
2655
1753
2548
1211
1795
949
3174
267
4520
4222
113
4879
2556
864
2944
807
3867
4436
513
2166
3452
4820
1638
2846
3707
841
1412
1894
2518
2242
4477
1433
606
1520
4585
4112
2417
1656
3097
3891
4452
1010
1671
2799
4092
4490
2551
2
1391
3979
297
2408
4510
974
559
1659
515
3355
3234
3338
3232
1215
250
2390
1681
295
4743
4884
3509
923
707
3444
4638
2633
1569
1149
4168
2915
3364
2121
937
1239
832
2140
231
1720
1879
3030
384
3177
2882
2791
1380
3616
3057
3010
2175
2422
959
3563
1705
2401
1601
459
1617
2462
4824
3328
3251
4278
3819
2508
3112
3522
2997
917
2608
3323
1286
3152
4218
3917
1220
2571
4010
239
554
1944
3376
1332
2025
4832
2726
3169
3148
2545
2993
2701
44
3660
1485
4015
1331
4771
2528
4818
118
4410
993
2167
1537
918
435
1269
2721
4335
1903
3329
2104
96
4768
2866
160
3629
3124
4873
3973
2070
1462
1844
2647
2793
3118
2296
4394
4272
2905
781
2765
2180
1793
4118
271
1194
4730
1800
3505
3898
834
3044
590
4423
4263
3396
59
608
1811
3039
504
4221
3273
1026
2305
2662
2678
265
4675
953
4491
2541
2207
678
2814
4384
2677
2322
2744
1735
3807
232
1885
4042
4889
4516
1815
3478
287
1984
3580
1545
2553
3866
880
3559
3663
1609
727
3537
1590
2084
3072
822
1992
3096
2767
201
2078
1560
903
1475
2794
4476
1612
3326
2917
3185
4169
1599
3569
2751
1388
1886
3948
3590
682
4728
4229
1324
4306
819
612
3931
1799
3485
3066
4362
4132
2712
3880
373
2536
4800
2023
226
4498
4707
2246
1011
3293
1248
4745
1337
1028
4347
3999
3599
184
4658
229
2214
689
1271
2626
1780
3307
1969
1838
4034
4284
2037
3490
4474
4793
2236
403
1652
2193
1503
2550
3248
152
815
3858
892
2008
1093
3099
734
3547
3570
926
1557
842
2414
1532
3535
2118
4383
3988
1032
2064
4532
3295
2579
4149
706
720
1374
4407
4876
1534
3673
2041
2441
3002
3239
2335
825
221
3106
1437
3238
1153
3588
2939
2120
4856
2362
2403
4551
4610
3896
1622
3487
1739
1134
2957
4501
3730
902
490
1382
3321
66
1509
391
2731
1727
1363
3525
1852
3879
4773
2823
3841
1639
4047
2216
616
2352
1038
29
4037
1688
4642
3905
4448
203
4784
4220
3567
1689
2130
4296
1495
2520
115
2994
2278
2927
3971
3497
2964
3601
1645
2885
4647
3283
1423
2099
1059
1536
3815
4882
500
4509
2597
2839
2363
4497
13
4109
2014
4500
4582
1521
3631
1721
3847
25
3026
2341
1342
3719
936
1647
2081
928
2450
4370
998
2367
2963
1683
190
451
3516
4300
1558
2748
2674
4851
76
2470
4887
3575
1669
1030
797
1724
50
1586
4223
2834
3302
1665
3361
3198
897
1132
774
1436
2382
2489
1176
296
2347
2032
1598
3763
41
3813
2565
2902
631
340
2549
146
3202
3011
3678
2601
2797
4076
2869
4581
206
1229
899
1370
1152
1395
1487
1837
4625
911
4670
2138
1131
3054
2177
3243
4069
1611
4672
4461
1827
378
272
1667
1319
3023
3348
2165
4866
4821
1105
1096
785
3469
4528
4259
1820
1309
4139
4579
539
2860
3529
3607
494
1828
4666
2669
2583
4239
433
2660
1941
294
398
1934
2820
2127
3352
157
2708
2486
645
1210
3303
1731
4840
924
2827
2053
2567
1920
3589
2502
3218
3926
877
741
1006
1135
397
4365
2625
1068
3032
4831
4414
2221
363
3583
1354
244
3634
1320
3756
1578
965
4445
1078
254
3389
550
3561
532
333
2554
2955
3951
1352
1264
4200
922
2881
402
1805
3915
3940
2983
4079
4280
407
1296
4562
2910
1259
2364
1102
1907
1016
1733
615
3877
2301
2959
1117
535
3839
4633
859
1344
3378
2077
3528
4599
3020
1592
4665
1171
2423
1368
3071
1163
1066
141
596
4201
3843
3227
3007
1497
4371
531
401
1308
2320
3503
4564
2819
2683
3983
1847
636
2664
2729
1858
3986
1410
1400
4513
2083
3774
4676
124
1362
1054
1313
3257
2400
1241
2821
1071
6
4471
56
2061
3426
3331
3031
1635
3464
3016
2262
4697
3471
589
3665
966
1185
1127
4318
1284
4285
358
4712
4870
672
679
4817
3837
3170
2184
292
85
4189
958
943
130
290
155
2842
1523
2815
3
2871
217
4577
2383
2966
3431
4482
2874
405
260
3025
4311
4867
4721
4271
1931
2223
1154
1118
512
467
577
476
1538
1710
499
1174
498
1275
86
4215
1283
4353
2971
1221
3600
2373
3110
2694
4636
1454
1743
1785
1175
179
213
466
1554
3975
2989
1546
3900
4059
1218
2622
4135
1502
1408
262
526
847
1015
316
4794
1035
566
1891
604
620
291
1797
2057
2375
2790
3637
4404
3274
795
2096
3550
4521
3950
4680
411
288
2434
4454
853
3157
2229
800
3276
3676
3784
4321
4754
3021
2737
4575
1345
1712
502
3285
1231
1451
1910
3247
3132
621
34
2353
4056
4024
3289
3078
2703
1373
4212
1086
3200
3065
4734
1701
4026
4398
578
4553
2181
2268
1080
3745
3884
207
2766
696
1526
1420
3195
3403
814
2136
450
3213
1501
473
1840
702
2809
3544
1864
2349
3527
2673
2100
3812
2415
505
1060
1673
2562
4692
794
3334
4746
3611
3228
3104
2547
3647
1775
1279
4007
4617
1954
382
3395
4764
4355
4651
947
3531
4663
874
2840
4154
2937
1484
1982
619
3985
281
784
2720
1929
4747
2021
3089
2642
2226
3060
2015
2913
3737
2941
2976
1637
1791
4127
2308
2465
4621
4122
313
1422
4583
4729
2348
3555
345
4644
792
1219
992
1921
1203
571
4774
4116
1074
654
1434
3049
4629
169
869
1141
352
2445
4115
4305
156
1559
2651
599
3514
4515
1684
2709
1977
2574
4455
1589
569
3842
20
876
2192
4576
4544
4244
4313
3546
4264
2106
2544
3359
1880
1142
3028
3319
4281
99
644
2852
1280
2780
1314
1965
1748
3724
2663
811
3254
1819
2337
4085
430
4400
848
1145
3675
2044
2169
2934
4390
3128
3664
4854
4614
1798
3743
3764
2098
158
3235
561
2770
890
932
1768
1070
3752
724
573
3173
1316
2359
3270
2344
4682
2399
4673
3160
3684
348
2523
2563
1414
67
4369
4749
2584
3534
2161
4405
31
1050
3740
4006
2883
4157
3831
3046
567
2696
234
2052
3166
908
3959
609
4063
1257
3246
3654
1924
4368
3178
536
3407
2404
3077
4770
780
4518
310
1642
1407
2886
107
2638
3703
116
1937
2101
1756
4695
547
1276
4419
3428
4584
595
758
1674
3381
2504
4315
4397
4325
2071
1718
3672
4150
3691
3500
4702
1606
4066
4890
106
2734
2022
1942
4181
2933
3379
1064
3826
1708
339
3091
2639
2046
999
3930
1403
3414
4835
2427
1927
3650
1979
4861
1165
2699
3312
4810
2609
4067
1634
1092
1678
1217
2967
3147
3717
1922
854
236
368
3623
633
4334
104
970
756
1476
3181
4354
3203
3230
2356
906
1760
907
57
4762
488
2303
1147
882
4573
4446
3625
701
3176
2173
1492
574
1911
3062
3693
3728
3424
3922
1608
194
2658
893
3868
3643
4388
3927
2211
3068
3536
3053
225
3772
802
1651
1810
61
2276
1447
2430
4769
1193
1887
131
4635
1335
3463
4855
492
3116
4843
2066
1449
2835
1126
712
3619
3167
1951
4358
1702
1143
1607
1348
2568
1367
709
3734
3597
3191
1041
1322
2575
480
4240
2974
3956
2114
2074
1087
4044
1489
3548
3245
3466
456
3610
1018
861
2067
2254
759
1236
3910
2904
2119
2310
798
3131
4046
685
2416
1339
3511
1488
2522
3175
2805
2080
4110
2357
1914
3037
4731
4378
1327
2610
3410
145
3136
3939
4257
2755
4021
2856
4070
2718
1416
2275
120
1713
3450
3070
3736
4496
4556
538
516
1033
4659
942
103
2507
2250
4090
3912
2723
1312
3201
2468
95
3024
4107
1680
1405
867
3554
4756
3216
3820
2358
4344
4492
3682
1009
3742
1063
3115
730
4552
4557
289
2965
1146
528
2291
593
2286
410
1468
4619
4717
586
3907
971
2410
625
446
307
351
704
1912
2607
1411
1465
2102
3300
585
2711
752
1338
711
3226
831
2953
2680
148
4570
956
1654
3268
1628
3932
1928
360
3196
2429
2876
4538
2498
2487
143
546
3857
1170
2947
4458
2239
4322
2225
591
3727
154
2746
1306
371
3935
3418
3849
1023
1794
1883
2176
739
3685
1960
2764
2147
2402
1355
3266
1704
4097
2134
1417
2519
3890
4469
2111
3850
2710
2776
4176
1128
4869
1435
2779
4862
1593
3342
1947
3375
4058
2467
4801
1469
775
2496
563
109
4375
4483
1567
2749
2509
2036
1580
1940
202
2263
424
4472
192
1197
1889
3138
519
4227
2991
3974
1846
4163
2432
558
708
2476
3480
37
425
2483
2213
1196
2643
3506
2289
3277
108
3411
497
1588
3117
2306
2210
3798
1812
1603
2775
2999
1049
1981
2740
4853
1604
3022
245
733
763
280
1208
253
549
3998
1249
1461
2896
1758
1222
1641
3904
393
4550
3460
386
3052
771
828
181
3143
4705
4850
4537
3164
4033
1439
419
668
1770
2632
1002
4247
1916
3356
1318
1547
3033
3404
572
4045
1786
740
3507
277
4014
2598
1686
1531
3653
2637
3063
2339
3977
4739
1888
3901
377
4456
1183
634
3103
3330
666
3244
1576
3679
2629
1884
1621
658
1890
79
2952
75
1029
3892
2346
915
1967
4506
3015
1398
3488
2270
3008
1901
4197
2940
4427
4514
3646
1168
2543
4250
3368
1179
3827
1993
1745
4655
4089
4032
2705
1552
3621
3206
4653
4424
2343
322
783
1953
743
327
766
4767
45
4357
3486
1051
2292
1544
4687
4622
788
2203
4082
1429
1990
2911
3543
1243
3129
4825
121
2932
2659
4885
3384
723
1898
3560
2921
1288
1251
2875
1871
3706
2870
851
1640
1246
2946
1282
1321
2258
3670
3810
2692
772
626
1896
3852
699
3793
4126
1430
1514
4628
3613
16
1155
894
4523
147
517
4563
422
4165
4678
4245
3353
1925
1133
315
4716
437
4098
2413
3786
2424
2332
142
663
3449
3067
2969
2420
110
2981
2412
705
1583
3749
2107
4068
4403
714
4874
4698
2912
1230
2616
4648
426
4361
4704
2935
1473
4758
1399
1079
2172
2451
224
2088
3687
2851
1499
2129
2960
1970
1540
2043
212
71
1177
1044
850
3263
1707
4761
744
1660
4511
2457
3982
3465
4081
2531
3510
4262
3747
4095
4287
4131
4053
2888
2218
1047
2231
3576
1121
126
1326
2841
312
4401
4055
3339
102
1999
1818
790
2713
1099
1272
429
1661
1455
3705
3845
1404
2124
2257
1556
2283
4363
3835
149
2493
3211
2730
1178
4148
3047
3796
3306
3298
2224
1620
4578
3163
3726
1693
2007
2259
614
4449
2722
4723
2499
4880
2672
718
2889
2829
2577
2580
4310
1214
2370
3585
2485
562
2706
954
1052
2444
2803
888
3059
139
629
49
1906
3371
469
891
2807
652
3640
1202
4283
187
3722
2153
742
1913
3448
2855
793
4857
910
54
2595
753
4178
4755
3825
1299
3882
765
40
4087
1292
328
4248
487
3423
1729
2501
3512
3042
1057
4367
2728
4429
4783
3354
302
2000
3581
4437
2103
3197
968
3617
4700
436
875
4686
4374
2311
2641
824
4233
4519
2847
23
2919
2281
2024
3272
4333
3757
4677
4603
2405
2354
4720
4346
4833
2996
3291
1073
1061
3258
1783
3720
2438
4703
4395
2857
2693
1191
1137
2816
3231
1432
4180
2951
1792
1873
2142
2389
1014
2987
816
1983
2977
1644
486
4185
2045
4
62
4341
837
2355
4392
4332
2918
301
3454
2555
2845
4527
323
4086
1453
4816
1095
1424
3768
2049
3333
3574
1189
3040
303
582
2745
4877
134
951
4775
3632
1140
3233
2034
387
2865
1186
2822
2864
421
3301
1360
1467
919
3168
1741
3657
4772
1356
2156
3084
3680
4075
4275
2085
1369
1122
2027
1181
3406
1098
1289
878
4093
3733
4711
3540
4797
3636
2378
935
2962
703
305
4574
380
1192
3358
1918
638
809
3102
3491
3260
2700
1703
233
2051
4834
884
3778
2635
3436
4661
7
3854
3801
2844
4609
3064
1868
1216
4467
4646
3369
4751
299
681
3582
2093
3612
2185
2593
3107
3605
4631
205
1832
2923
3314
1908
510
2471
3482
3712
3614
3818
4128
4799
2569
1358
2538
1004
3287
4094
1571
1260
4708
350
939
545
3549
4595
1037
1917
153
122
2511
1262
4412
1841
3824
4048
1543
1904
1273
946
1082
3429
197
3278
150
2738
180
4639
1804
4381
2698
257
392
3093
3005
1505
474
4214
4274
3409
686
1633
2345
2572
1789
761
1966
4815
2157
1663
4798
2590
3791
3377
649
4459
3715
4744
1034
732
684
3844
4235
4319
2123
1881
3624
2930
1824
4164
643
3380
3109
3919
3579
1550
1597
3357
3921
1717
2756
3667
4715
4542
2443
839
1613
3869
10
165
4827
4587
4211
4406
4828
3385
4314
211
2682
1666
3978
4543
3126
1555
1594
3759
3394
1353
1915
1516
1933
4766
2195
3001
2154
565
4593
4865
230
3788
2194
4144
1019
1528
52
598
1755
2095
3758
3373
399
2906
468
1013
3669
4096
347
2328
990
4624
1483
715
9
2788
1668
3566
3942
285
2589
2789
444
2391
1875
830
2151
4195
3964
2903
2261
495
2190
827
3655
2209
3714
4886
3208
3088
4103
3297
2494
3878
4809
2914
2627
3545
868
3954
2252
580
4789
3184
485
3048
3888
4844
2010
2907
3783
2714
1486
4099
3980
2406
2324
266
749
491
1893
4541
4001
2421
3130
3188
4888
1224
1677
4652
1655
4733
4002
1525
2439
2931
799
2082
1268
4104
3598
4327
3391
440
624
4190
3946
415
209
1199
1504
4005
4377
1130
3851
2437
2299
1157
2938
4741
520
1351
1036
4113
2924
3061
2769
3288
957
3494
1445
2133
912
2514
1963
417
412
196
284
3920
1568
2732
3571
4640
1803
359
693
2752
3773
112
414
338
2534
3100
1089
2922
3393
2891
927
1895
4255
4785
2234
4340
3439
2205
4071
3795
4846
1083
2825
4812
2230
2901
4038
1252
1773
273
182
4534
4558
3523
2137
3296
4778
4146
3771
2724
3438
4630
1854
4330
1513
581
2449
698
1761
438
527
3440
717
1463
2687
238
1359
2371
1878
3817
227
2256
1020
4475
1582
3587
3952
1975
1771
3738
2398
3320
3627
51
507
3108
3681
3150
3085
1699
2623
4329
1285
478
3989
1801
2241
3456
2452
1614
3741
3704
1825
4352
2942
1584
4234
2539
3903
4674
2754
3761
4302
3711
1287
0
3317
2009
1784
2297
3541
889
3180
3498
2753
979
2331
2361
2644
1763
4155
4061
4143
367
2162
3034
3017
2982
4848
978
4348
3750
4187
1265
2782
2859
1749
4555
4726
3532
849
4479
2065
1209
114
4589
4607
2978
4681
818
787
2603
3224
1056
4111
4531
2546
2667
3577
4050
1427
3731
4546
3918
3029
241
529
4439
1180
1442
1772
4830
3618
506
4236
1579
3957
4160
2058
1751
2005
3709
3250
2300
1629
4699
805
4040
1124
3649
314
1777
3944
2566
2513
931
1685
4078
2890
3716
3518
4463
362
3732
630
4186
1788
2369
2233
3204
2916
2804
3871
3958
119
1959
1062
840
493
443
1842
3156
4320
19
418
3945
991
385
929
264
1452
4256
2158
4399
3210
4605
934
4897
275
3400
1723
4323
133
1759
1307
496
335
3335
3214
441
3161
3995
3095
3151
3776
4338
1394
4779
1350
4753
2552
408
1115
3153
1255
1866
140
2685
3885
688
3864
583
332
1293
4023
3775
1945
