1310
3078
751
1887
1857
548
2217
451
4394
1720
1218
4548
581
2391
1003
424
866
305
2939
586
847
4644
4145
3871
903
4174
557
369
1865
228
1964
3777
1573
569
2087
4583
2057
4729
2927
644
1787
4458
4049
72
1727
3499
4163
233
2979
55
4323
3588
2072
1489
4377
3130
2428
3581
727
1940
227
4664
3860
166
2264
945
2728
3811
1681
188
4054
3644
4780
938
1893
3134
860
1768
2883
1441
19
4735
385
2342
247
563
1832
620
1027
4110
4395
3350
4895
3576
1101
4693
812
897
2710
4658
2402
1151
950
430
2836
2114
4425
4248
2852
96
495
1146
1764
1608
1830
3199
3168
2242
4570
927
128
1225
4677
852
2029
4492
3948
135
1254
2922
3346
3900
2512
2208
197
3671
83
2774
1019
2328
1918
1005
2002
2490
2129
3783
1460
4225
1864
3532
4076
1526
4318
1448
3809
1570
1020
1362
2991
2293
3953
505
2135
33
1921
2031
3726
3399
255
1198
2800
182
1802
153
993
3677
3379
4665
2679
991
39
1776
1785
1909
271
2106
4151
4182
3577
1528
4782
3772
4141
2745
725
3097
223
949
920
2407
1292
1375
2287
24
410
1747
1780
1946
1724
4252
2841
4047
1068
2009
2719
481
2493
3815
2933
1760
3127
2657
3140
4105
2914
4127
2337
4869
3257
3907
251
3763
4563
4829
1206
2520
168
600
3312
966
1702
1978
2580
1792
3653
3634
3434
2314
2433
283
170
3289
99
1094
30
713
3271
1265
1321
3392
1757
4171
2869
3550
3922
328
1402
3039
376
3930
4370
4554
1903
1284
2817
1858
4444
2892
277
3518
3264
187
3481
4330
4625
4276
2032
1953
2081
3400
1979
3793
1104
3994
335
1234
3282
2860
3564
278
377
1575
186
2105
865
1572
668
4031
507
1607
1869
1546
1108
3348
4372
4416
1926
1368
2537
313
1585
2600
3800
1467
1610
4327
252
981
2636
4532
3975
248
3393
3590
3339
364
3882
3538
121
4692
1917
2354
827
180
2273
3527
1935
2163
692
778
731
4705
4186
4723
3246
748
2654
823
2438
3688
1044
4825
125
2567
2625
2387
2499
621
4455
1838
2790
503
4035
4017
2528
4118
102
92
3842
3627
3535
737
4534
850
1468
3365
1658
4419
4891
2760
2110
3276
4828
4247
4618
1173
1600
2470
3372
1233
3733
2492
3442
123
2764
2461
4338
3678
643
3503
1116
4073
1291
4484
2631
4435
1636
2942
940
2832
1344
3541
4259
2018
422
2568
2831
1700
3750
1602
1455
610
3105
3614
1986
411
4500
456
4767
3794
535
627
4453
1603
3770
2351
1675
1118
3089
4063
4206
4471
3895
1686
349
1694
4295
2370
2102
1583
1512
571
4265
3753
1965
960
2609
4804
4019
1761
2284
467
2134
122
4730
1688
439
4585
4703
2514
2074
3110
2052
4835
2246
3492
946
2408
4080
524
312
2426
1083
4487
1396
1479
3835
3619
4268
1041
4757
1611
2400
3437
325
3917
3898
1791
2618
1449
4108
22
4670
2190
4384
3478
3569
1818
1960
3272
4241
10
1736
4756
3266
1650
1164
4361
4143
3960
934
3176
4169
4117
3157
798
4636
4764
3539
3536
4232
3844
3261
2751
3112
1272
2083
1586
956
4301
1006
113
297
707
272
3215
2414
4718
2204
174
2570
2089
829
3195
2056
1142
2240
1123
4066
4250
540
4631
2286
3558
4525
1304
1358
3744
464
4614
858
2291
544
3641
879
2560
603
4537
4489
281
243
1755
3436
1991
2613
1900
3343
3687
2297
3549
527
2605
686
3874
3221
2524
238
2397
3203
498
683
417
2462
3066
2554
111
1597
353
3544
1418
3347
1582
2123
2595
2757
1466
551
129
4604
784
3349
115
4851
4632
1213
4331
3666
1740
4400
3970
1250
38
2895
2206
3984
3307
2418
3833
2796
3274
2706
3489
1062
2261
4315
3277
2363
2429
4482
3183
3087
2315
463
1319
1282
597
126
4739
3557
939
1669
401
2946
4137
653
675
1486
1274
3595
4006
4114
2119
232
2598
4261
3779
2452
1923
3662
1609
1614
4133
4029
3038
666
4079
3670
2395
3018
4434
1713
577
3000
974
1851
4892
1296
4356
3712
1860
1568
4078
3
1588
2367
289
2118
2335
1738
3331
2046
3735
1052
3052
3410
2602
3965
4853
4120
4053
1158
1703
4852
3409
196
2243
4560
3836
941
4005
3888
1299
2544
1335
1192
4572
4194
2390
1159
3333
1533
636
1241
4814
2482
1136
3081
2224
1520
3936
183
3188
4386
2562
3064
1752
324
3757
4249
154
2510
1705
684
383
2158
2521
3406
4668
2308
4550
3306
1999
948
2109
3374
1333
163
3330
965
2344
2500
1889
4889
2781
3496
3427
1323
3304
3727
2236
1637
2887
304
2068
2952
1515
4106
3978
4112
2111
1821
4799
2716
4320
3401
4412
3006
217
2439
3642
2808
477
3460
4863
159
814
1477
1308
1555
4281
2186
2313
1207
465
164
119
299
871
3464
3843
4556
1696
1693
4440
1584
3113
434
1519
3020
719
1049
3344
4231
3609
3570
1825
3607
279
4633
4069
3921
1354
2193
585
998
2663
1102
783
3133
500
4367
1807
2843
2694
4526
2198
1683
681
1096
3450
1798
2985
4449
445
2689
4015
3859
4028
4224
1511
4874
4256
4289
3631
2239
4746
1461
709
1237
3617
4675
3253
311
863
4871
4544
4013
4538
3376
2504
97
3334
4121
4779
402
4044
2015
2803
3495
1954
1444
1482
3017
3449
1685
2061
2824
4481
1343
2584
1175
1888
4358
2233
1877
2267
3855
3632
1193
4051
4255
2722
772
2805
1450
1872
3023
3967
21
2558
3465
1092
3819
4866
4582
3136
1120
1990
4202
2192
3353
86
1300
4546
3135
1725
1789
3171
1365
4200
1224
4725
4796
1315
4308
1269
1554
3608
4130
2302
4893
3985
3916
3383
3169
703
2276
3862
4060
4803
1484
2614
1109
2385
1245
230
1899
1550
4382
4771
1324
1030
4502
367
3408
3706
1809
124
2166
2359
3132
3072
1232
3586
4815
212
1992
483
3147
732
2259
3901
4198
1997
2806
1817
1863
4397
661
558
3618
4768
4257
678
831
3080
1855
2700
1652
1421
2250
352
2494
4263
4724
1364
616
356
1847
3649
1415
4441
2082
3749
2611
3573
2530
2795
1590
1712
1983
3598
4716
1072
1133
2798
4758
3567
2659
968
1247
3986
4181
1330
2586
3658
3433
3781
2747
4238
1267
3879
3056
4666
3084
4887
2576
2596
341
2270
3083
4164
2113
2100
1
1420
1312
615
4809
3219
4183
2813
4884
3928
4270
1066
1894
2349
747
2107
3756
4010
4472
1132
4774
3737
933
3791
743
2372
3311
4775
873
1446
4731
1956
4039
745
4627
1171
4821
3754
4580
3303
1347
3259
4862
2460
264
178
3144
4832
1260
2425
1532
3526
674
4854
2394
1026
2840
3254
310
2566
1160
2932
4115
4072
4738
3497
1280
3207
4433
3814
4344
3430
3255
2768
225
2413
3122
4588
4462
617
4689
3337
3853
69
447
830
1314
1996
3717
1177
4190
4254
3007
2905
2181
1352
1130
3117
4784
2771
2041
4086
2215
2432
1793
418
1001
2550
4847
2888
4081
1753
3173
2718
1538
1351
2497
371
137
539
3667
2244
3887
309
900
3832
2060
3741
2549
2022
1959
1551
4138
910
134
3295
4216
2741
4581
4651
4742
4405
4036
1252
926
4253
3787
4178
3047
1490
559
2434
3689
2822
3322
3218
3865
1476
1360
93
3239
4535
526
1091
1557
2140
4881
3621
2025
677
4158
2132
1815
3067
2368
3718
1654
307
458
3769
2828
4093
3417
1491
2137
3126
4363
4207
257
4626
3729
3509
2001
1589
3973
1578
423
715
308
2627
2696
3184
286
497
1561
4418
3228
607
4309
4417
1338
2815
1221
1018
1695
2340
177
3389
4274
2055
4830
855
287
2019
1483
3354
4074
2594
2501
1288
3693
726
3784
1972
985
2767
65
438
133
1966
2182
2146
3951
2091
876
4004
2588
2260
105
3918
3041
2772
3829
3404
2974
1677
996
3245
953
4883
1663
3250
3626
758
275
1088
3090
2529
2704
1251
1781
3241
3359
1651
2547
764
2364
2527
4714
3637
3520
1348
1462
673
4424
1527
1882
1303
2940
34
1827
3947
1392
546
2606
26
4818
316
4275
3656
2306
3858
3675
1741
2322
2013
3418
194
2045
1317
4160
79
1513
3229
4872
1751
4304
454
870
769
4299
1437
4726
3738
3190
4452
1824
4008
2784
2712
1008
3085
94
1767
1229
1665
4333
91
3477
1035
4228
877
1962
2690
1969
785
1465
3459
1837
1249
4615
2476
3998
103
3424
3421
1507
2317
3385
3594
3159
2782
2838
2809
3355
4347
2947
4734
1121
4215
637
1268
3891
1022
4306
3683
818
296
2202
4513
2648
3470
1794
3027
2227
1556
1945
4640
808
2941
239
2792
52
4743
2225
3997
400
479
976
1346
1634
1295
4089
2485
4740
1419
3713
4567
1140
2456
2641
4562
590
906
2980
3435
399
2453
4209
775
3849
4762
4769
2311
1664
181
3502
360
4046
2936
810
1876
354
3003
1459
1002
3636
4282
1285
2149
4132
2997
3008
436
867
1278
1404
979
3507
1007
3143
533
256
2440
1831
2703
2486
4507
2984
3170
2975
4702
1363
1813
2252
1549
4391
4512
3212
2219
2223
963
4478
4646
74
4300
3604
584
770
1469
3885
2196
3025
3165
7
4376
4842
954
792
4128
4586
3441
3575
1257
4122
2481
2167
4858
235
3280
676
892
2316
2863
2437
2475
967
1307
3512
2126
246
4720
530
2203
3036
1754
1311
1543
2664
1239
3778
1147
3824
2294
2989
4605
4479
4529
2180
1987
2214
1835
3805
3639
2994
1294
1563
4806
4864
2292
3471
11
2124
162
2571
2574
1535
1137
2184
819
2517
1045
2956
2008
4155
50
4601
4016
160
4168
4129
565
32
1179
2660
2709
3933
3514
2024
888
634
2699
2183
2059
4801
2619
3788
3310
1691
1955
396
3560
4593
2701
3522
4242
2668
2356
2463
849
4875
237
4286
3216
4107
1642
4816
4213
4594
2827
3258
3724
2649
2525
2959
4205
4541
3010
568
4342
3235
4885
4557
338
3955
4032
2847
66
4159
1215
4608
363
4680
492
1037
3028
3426
1626
4244
2842
619
3451
3423
18
1153
2607
268
1758
1509
136
1620
13
2620
2873
1258
2957
4493
1709
3236
511
3758
1605
2421
1290
2201
6
3227
3411
4841
3452
2321
652
3846
771
3363
2582
740
4131
3225
3033
3613
2801
1340
3386
2275
4454
189
1305
2010
3057
3872
221
623
881
3058
3148
3323
486
1337
2601
522
575
78
3531
988
1395
1141
1248
3448
2748
4383
1200
3593
90
499
4461
3243
4460
2178
3681
1349
4329
2347
2779
582
741
2535
647
2269
1289
4501
431
4486
1612
3939
762
4781
319
3342
786
541
1633
1641
817
2006
2756
2971
407
1552
1220
853
646
3980
3015
1093
4432
2401
3971
2101
2170
2849
0
1384
2175
4229
4431
2676
4426
2711
1730
3139
470
763
138
147
531
3466
4616
4048
3990
1748
496
260
2632
3454
1391
404
294
51
3237
3366
1678
2623
3863
4297
1485
4196
2732
660
3813
4682
380
4179
734
2228
3115
1649
2693
4139
2575
4802
3845
756
1989
3338
2540
1930
3932
2758
3764
1417
4401
2871
110
3256
986
3638
4733
1370
3043
4634
2920
172
4798
2680
1878
2797
2411
1666
907
2477
2014
4793
67
3628
2379
3232
3320
3672
2249
3150
4698
1057
4843
85
3069
1968
3314
936
3428
1032
1262
1500
3429
1542
4569
1922
4350
3313
1377
2829
1495
4415
332
1684
4797
4870
4598
1601
2644
3740
3209
1885
4052
3474
4335
1975
1937
1263
1410
3695
1974
4531
1199
2042
2496
1276
3061
1606
190
37
1456
3513
599
2016
4328
3665
1506
2384
4711
1939
3032
4533
1084
3191
244
2446
929
2988
321
4508
3205
1152
191
3804
4173
1447
1765
543
61
2468
4859
1060
4003
4629
2906
4536
1367
1621
1653
1510
4237
3943
218
145
4188
3075
2133
4488
1481
3624
978
3710
2398
4468
1581
3673
2557
3129
2117
2027
2374
4749
2245
583
4438
2730
2007
1661
398
2241
2403
838
2931
2436
2626
691
3302
3875
4126
4499
2417
3210
773
3610
3954
4660
4823
195
2
2153
4834
3797
3720
4443
1883
2424
2978
2597
2063
381
2152
901
1967
2734
2785
80
1783
89
4354
4388
131
3543
4612
2064
4639
171
3870
1902
1143
1387
904
4442
1407
148
1907
3771
1069
446
471
2361
4071
2503
3660
1547
606
87
2714
3559
2880
1099
336
2200
3623
2173
1522
3991
1058
343
3533
1184
3458
1679
2820
1336
1613
482
3273
3806
4671
1957
459
3655
874
2671
2702
959
3290
1826
759
1874
4696
512
2157
2444
3431
1828
4684
1270
589
4094
63
717
4243
2589
4707
1435
4100
2341
2855
2972
3316
3950
4012
570
3674
3200
2454
4000
4736
4236
3851
4447
274
1016
101
1150
1623
4402
2967
3318
1334
391
1699
1947
157
983
4514
176
4496
518
3378
2323
1378
1423
1517
2794
3104
3698
851
4805
4559
4041
1040
664
1714
3220
3889
2875
4528
4124
4826
2136
3099
2965
337
4551
3102
3153
53
1729
3079
412
618
1383
4273
2155
8
3857
2085
2220
1051
3831
3719
4649
1912
4175
1081
4542
2907
1643
4571
3817
848
2812
520
992
2090
1191
3528
4303
2377
1839
4123
466
4001
2770
895
3291
1063
537
1852
3515
302
266
654
4025
3240
1497
4152
2296
1933
4062
2369
2522
4023
854
648
2430
84
625
4185
1222
435
3267
4446
2232
4474
54
3294
2898
2386
2752
2156
1155
1539
3708
2682
4820
2080
4591
4678
999
1598
4445
2365
3664
4568
704
2281
4321
4766
3175
1722
3957
2868
3923
2177
3358
3540
3909
4741
2879
869
4685
270
2145
1047
1820
3286
2487
1329
1266
150
1867
2962
2148
944
574
1453
2235
4278
4624
3709
2672
3163
788
4336
2028
2298
1067
2561
395
3108
1493
2389
970
4317
4136
2937
3371
856
2431
750
3054
2050
4059
1616
3202
280
1523
361
1408
4628
3182
2977
1238
4392
815
1875
1195
3247
1253
4465
1716
4897
2459
27
1176
358
269
1782
4690
3937
4719
1503
4172
4620
3523
1013
878
2539
2378
4850
1371
2923
572
59
1574
3580
2645
698
2681
609
3412
1711
3082
2441
1849
3480
4199
1949
2222
3919
875
2234
4184
3911
2839
4786
1316
2593
1618
2945
3615
4290
1470
2616
2881
2077
4587
82
1127
2447
844
3414
1429
4877
3850
444
295
3897
1659
3416
3537
3868
4494
2615
2516
4341
3226
4030
556
702
4235
2705
3768
3828
461
1059
4699
1571
4037
4314
475
4789
95
592
392
3999
767
721
2491
3059
2469
935
415
3847
2966
152
4880
2998
972
2723
3329
4399
3445
2054
735
472
1076
695
1436
3407
768
413
1149
3172
306
3479
514
502
1400
4679
3751
1508
291
3391
1078
2622
1488
662
267
3669
554
2612
846
2142
1194
3151
4715
2725
516
4463
2759
3457
1717
3578
1223
3579
114
3721
1148
3269
1904
4648
2724
538
373
4865
2020
2357
198
1982
240
1097
930
1790
1440
2096
509
2677
3327
2405
1186
199
2393
781
4409
513
4451
2541
216
1994
528
2455
288
542
593
1647
555
3483
1928
2603
2507
2122
1995
3881
828
706
1178
2279
3661
649
4150
714
3012
2213
1113
4879
3096
3905
2973
2044
1530
2954
1516
4365
635
146
2191
990
2505
3745
2037
2834
1492
2958
441
4087
1070
3584
3547
2419
143
3388
2850
2955
1079
4673
1442
1502
2819
3521
1464
1942
3682
3603
4505
3438
2865
4520
384
2634
4009
3384
2674
1283
3251
591
2229
3692
1895
1595
3582
3962
4596
605
885
2415
3940
2282
4783
4277
2532
3728
62
1540
4672
3166
1537
3699
4470
1881
427
4381
2912
720
1302
3045
4366
2823
3490
3037
2835
4759
943
2071
3352
1033
3701
4681
2762
800
4888
2591
452
1708
2556
2464
2775
347
3938
2017
2498
3762
282
4515
2011
3201
1389
1646
3964
3810
457
1745
81
4697
1369
2845
1749
4201
70
1271
4022
931
2280
2814
326
3285
2254
3511
723
4280
843
2874
4403
506
2343
17
3834
203
4641
1770
2811
1536
1728
4033
3816
601
2821
2473
1201
468
4187
2320
1286
64
1715
56
1632
4413
1156
576
2412
3861
68
4226
3668
2318
3443
1545
2652
4527
701
2746
1797
4090
1562
3187
995
261
2538
3071
1259
3469
130
2753
3505
1454
1236
776
1190
1095
3587
3156
443
3042
4540
3142
893
1036
2300
3004
322
2053
202
3796
1624
2406
3652
254
2295
3002
1657
484
4240
4230
705
3974
1012
1631
3589
359
3420
2139
4578
2919
883
1422
4125
508
331
3902
4095
3602
4219
1098
3336
638
1690
3812
4831
4002
388
2735
4098
4882
690
4096
3996
753
1458
3141
2103
2147
3447
3086
2188
517
141
3484
4319
4794
1834
276
4599
4007
120
1203
3178
3562
14
4085
3281
4795
4310
887
3398
694
3852
285
3968
3742
3605
3961
1919
816
2964
4180
793
1028
884
3697
75
2866
1411
3949
1169
3640
4154
2427
118
455
4266
2086
2084
4296
4332
4287
1428
488
1074
3525
1739
2587
4561
262
699
1361
4099
2040
1090
3992
1451
2189
2255
366
1414
3707
2665
2791
249
3694
2271
4091
1235
2983
1833
4839
2531
2366
3600
1471
1680
2154
3319
2449
989
3111
4040
394
3413
752
1892
2033
473
2165
1038
2670
1394
1373
23
4170
4592
487
4466
4065
641
4414
1630
2051
1569
329
298
3193
789
1795
2833
3645
4430
4279
3935
4380
2617
4165
4272
1667
2448
1567
4609
2992
3944
3841
204
2098
16
534
2268
2638
2778
4844
3217
1240
4119
3262
1328
140
598
3395
1514
1662
821
3556
4576
2511
2301
4227
4645
3700
3463
1890
4701
2739
4353
167
2003
3482
3309
4575
886
2925
3073
40
1558
333
88
184
4808
1281
3098
4140
2793
1529
2253
4102
3167
2355
4721
3568
894
4787
2212
3761
2128
3362
1920
3060
1854
3214
389
1886
2857
4234
4064
3324
3055
799
3565
1868
2288
797
3206
564
3091
765
3574
1938
2076
2854
2216
550
2678
3776
4364
3519
1463
4410
2755
955
2543
1970
3106
728
1640
1386
3748
2608
1525
4822
4635
4610
918
2692
4192
1948
688
453
2990
4667
2012
859
2443
12
4579
2899
3238
4712
2420
3387
1217
3548
2953
801
1844
449
3896
1773
25
4467
2380
2646
3654
2305
4340
2717
4369
2963
1320
28
4153
663
273
2445
2039
3198
3222
545
2187
2976
4600
2856
708
655
3894
2038
3802
1531
3823
73
231
47
4349
3076
3123
2915
3963
207
2179
1841
2195
4817
2262
293
3034
2564
450
917
1399
504
1580
3915
1564
2278
1214
1183
3983
116
2479
241
2334
1279
2604
1596
3646
4848
2353
2908
2635
1313
3284
3702
2687
2263
862
4043
1355
4607
3155
3966
1472
390
1325
2949
2650
3053
1977
3837
4203
755
805
362
2859
845
2422
3633
1704
3377
3711
2743
3326
671
2542
2707
1174
739
4621
4021
2333
712
4498
3174
1779
4483
1924
4343
4103
1880
1025
1676
265
374
4239
2066
658
4655
4058
476
889
2729
370
4267
2515
2099
2653
3131
3976
4421
2277
1188
1208
3317
4748
4326
1487
4509
491
4408
4833
687
4511
604
1474
4423
1673
4490
4611
201
3854
2047
1936
3571
1445
4428
3599
4104
3062
4429
4457
2726
4404
2506
4097
4788
1622
4
3453
4246
3663
2168
1744
3094
1043
106
2164
1157
3601
4346
3234
490
1639
2536
1668
1743
2861
4810
1692
1988
4088
2067
3468
1434
4603
1212
2960
3095
1819
1064
2238
3265
774
2143
795
696
3092
1548
2350
3296
659
1619
2749
4302
4728
1805
2581
952
1674
4476
379
4564
4176
1812
1187
1061
3356
2336
1958
4456
925
4197
4406
4836
397
1750
1341
919
3803
2150
2092
4411
689
2583
1390
2329
3031
4555
3283
3725
1873
2331
3782
4134
1735
2802
3886
36
1848
697
4630
3995
1111
716
2144
3635
1971
2388
1544
3516
902
2787
9
405
3308
2205
3648
4293
842
2551
2194
1944
226
1345
158
2647
3551
4359
4518
1243
3826
2237
761
4018
350
806
3545
4191
1216
2094
2744
2804
914
1277
3231
857
437
3775
2569
837
4284
2825
4662
284
1842
15
794
2467
3488
4691
3297
2968
2248
3555
2737
718
2788
2307
2669
4873
834
2399
460
3945
3766
562
521
440
3730
4647
2130
722
3301
2995
117
292
1731
631
4638
2996
4732
975
4590
3485
1000
169
4298
382
4057
314
3830
4161
200
3403
1672
937
3077
1963
4867
1806
4656
836
2526
1932
4362
2034
4663
4652
3475
1800
1718
4294
3252
4485
151
3929
3807
3498
4669
3494
4264
4886
2740
3299
4577
1599
700
4717
1227
4706
809
2218
3910
60
3476
1814
4589
1255
1976
1275
1587
4700
3585
3820
4475
2159
1810
1163
323
1065
820
669
2643
3705
680
165
3657
4595
2630
3029
4855
3542
922
1593
3440
3026
3500
1080
2981
2360
560
1374
2185
1306
905
250
4396
35
3013
3300
1655
630
1256
997
924
3093
1732
790
566
76
209
1579
787
665
1576
4339
2210
1521
932
3808
1915
2858
977
29
4357
2021
656
1822
3270
2683
4750
1322
387
4313
489
1845
4543
1014
1796
368
4791
1524
2553
822
4654
3293
420
3848
804
1165
2884
1031
3233
896
3328
2763
3972
4437
224
510
127
4778
4469
1505
155
2079
3913
1498
4753
3839
3040
1298
3716
3884
2358
1115
2818
4262
3446
3368
2049
1124
657
613
3620
3696
667
494
4642
1951
3686
1846
1627
1906
2773
3825
206
3798
3248
4856
4193
3517
4157
4837
3360
2309
2257
2776
3223
4765
4448
2533
462
1297
1244
2373
1879
2642
2675
3988
414
4156
2131
3873
928
3361
3822
891
4146
1799
1054
4223
2893
1086
3508
4745
4011
1117
1993
1029
3014
525
3405
2935
1023
685
622
2141
4861
890
2655
4055
493
4292
346
1331
1011
4747
1856
1534
2910
107
1496
923
2097
1412
2450
213
742
807
4574
3867
3415
57
2546
2348
802
3773
3856
1409
1998
2573
1777
4661
1385
2579
1803
3941
629
4683
4352
1656
1210
2171
4177
193
3068
3989
3732
3394
474
3731
2023
4325
342
1896
4506
1425
760
4868
3893
4271
2285
3109
4849
1644
3016
2326
519
2404
987
2882
1577
4477
1775
2258
4617
1843
1050
3315
2864
1566
4222
1638
3101
3149
4772
3120
1382
2948
469
1604
791
1897
2578
3934
4195
1884
515
3467
639
670
229
2026
3224
2375
1327
1129
3340
1591
3553
3162
2628
2495
1866
4204
1759
536
3124
4523
3103
1769
4311
1261
2199
1398
3789
1721
1430
947
2325
3534
315
529
4792
1161
552
824
2789
2766
3920
4524
3786
4026
1406
1710
219
205
2065
744
3958
2926
2862
3982
4687
1719
3279
3703
2930
3486
4521
3926
3439
2030
3691
2272
982
2299
4217
1689
1801
1443
3192
729
1871
2938
1908
826
2890
864
2352
2457
2502
2592
746
2651
2319
693
142
77
4389
2197
2667
4075
442
2058
2950
41
2897
2904
973
2095
1737
580
480
1413
3993
2911
348
3877
579
4020
4324
632
1380
1048
3899
3164
236
4565
1518
220
3402
3487
1055
2639
2731
4082
2708
3001
4553
3397
3510
4068
984
4221
2265
44
1168
2513
1645
4824
624
4083
1929
3952
3625
4385
3714
561
3912
2548
2289
3419
766
1438
3375
4038
2376
3194
2658
825
2736
813
3030
1687
3612
258
2688
3181
2917
234
1204
4840
4373
3422
4819
736
2346
4337
3838
1771
2151
1230
345
2231
2629
3956
4045
2112
1592
2392
4135
3158
2993
2637
1372
339
4760
1197
994
425
3591
1042
4148
3743
1853
2987
340
1784
626
3572
1167
1189
3432
3927
899
4761
3455
2256
1901
614
4708
3472
3390
1804
5
3552
1379
777
4776
1671
2466
2480
2715
2656
2488
49
1762
1910
2442
2698
428
4189
1494
2396
4305
4334
2115
1100
4770
4710
108
4751
2474
3070
185
4027
2121
3114
173
112
1293
780
679
3208
4637
1376
4480
2943
215
3298
4379
1181
4407
4024
1431
833
2345
4312
214
1706
4846
3746
1077
2138
3704
2916
898
3019
4218
1553
2339
4686
3263
1985
588
3128
1273
301
4269
4812
2928
357
3752
222
2508
3138
724
4800
4622
1209
4251
3906
2754
4695
1697
4420
3606
408
290
2769
4876
2489
1119
2691
2303
3161
242
3583
1356
3332
3785
3204
58
1228
2894
2120
4245
1629
2565
3189
4613
2891
4149
2247
4545
1089
426
3799
3196
1219
1021
1480
1635
754
3493
2695
1560
916
2913
2518
3878
2005
320
3456
1850
3684
210
4811
2872
2640
4517
2125
811
4744
4291
4516
2886
3566
3197
3959
4495
3325
1388
1914
3278
840
1682
2876
4034
595
2108
1353
1105
1457
3100
3160
4167
3154
3981
1615
4436
4014
4345
2786
4109
4727
2621
567
3230
2160
4860
2410
1891
2070
3561
2371
3065
1342
4427
1401
1473
602
3630
1698
1039
650
2918
318
1980
4162
3554
1350
2519
2069
2877
3755
4688
1211
3321
4896
1943
2075
3011
1786
1823
3275
612
2423
1131
4606
2633
1973
46
4790
1056
3792
1202
2909
1126
3942
3351
1559
1110
4070
4092
3676
4101
3186
3876
4322
208
532
547
4737
100
782
1397
4709
2036
1393
2451
596
3759
4459
1424
4067
2483
3723
2382
3335
1103
3021
104
2867
3790
3125
4894
3341
1905
796
942
4210
3035
2484
2848
1931
1318
2851
2921
3925
611
3892
835
3357
2969
2999
3946
4619
1301
156
3506
3643
4623
2509
2810
1162
2765
393
2624
3597
1660
2901
1862
841
1475
961
2116
4260
951
587
4084
3722
3774
645
913
3736
2312
4674
2290
1726
2885
1144
4371
3370
