2701
4124
2749
1362
72
4530
2007
4045
3386
1216
3479
1571
3461
2520
2524
1450
4807
2861
3885
182
1746
4534
2528
4141
1041
3403
4658
3338
2221
3727
3304
3211
3453
1478
1325
3526
703
3262
1121
2757
3681
1081
1755
3956
169
3274
4539
1451
3554
968
574
304
1337
2995
1944
4378
4886
642
3570
1070
2030
1386
4320
4094
4397
3054
2672
812
4552
1526
3017
3607
74
1527
3742
2690
1655
4244
2457
3410
1561
3432
1584
3250
637
1397
1014
2562
3407
2193
1604
50
2592
1143
3142
2732
4448
658
2743
2466
1970
2628
3253
2585
3984
1672
713
1777
2069
1843
3635
911
2891
2345
1820
984
582
4892
2832
1389
3448
1624
673
3037
2756
2850
484
1247
60
4582
2147
3820
2858
1737
2726
424
76
4506
3627
288
4269
1869
2596
487
4393
407
2474
4614
662
2767
553
2438
23
4757
2142
188
3319
1299
1287
3042
2318
1294
282
3273
2145
960
1122
1459
142
3146
4067
3484
87
1937
4309
3919
1791
4721
1162
4845
4178
1770
2150
2259
4822
384
2900
602
2167
3558
4440
2503
590
2272
1556
480
890
2999
3688
1730
1703
1354
371
86
21
4418
4343
4232
1422
3928
2786
2368
607
4091
2553
4193
2090
1887
4416
3390
1062
347
1316
1638
1811
921
3552
4446
4731
297
3622
2477
2306
3031
2009
916
1805
4381
65
3584
4686
1774
4417
3124
676
1918
2761
3056
3544
1120
1806
1782
420
1725
1846
4392
3905
3090
4508
4711
2192
2275
3895
3792
14
3174
351
1522
4034
920
1976
3719
3525
1005
3055
3737
3922
4594
360
4132
1679
4879
1723
2548
4643
500
465
2919
1051
2140
2730
2377
3458
155
1258
209
3493
748
1017
809
3968
4568
1460
292
490
4235
2504
3267
4777
2902
1878
3994
4785
4015
1061
2632
129
3891
3343
4864
3802
311
2461
1393
156
2927
3651
3723
1505
4312
3263
2363
2677
1369
4353
3335
4415
3460
2265
1269
3800
3041
1785
2127
1220
934
2367
4179
4139
2798
1469
2176
1087
1196
32
4292
2934
2944
164
1380
1358
2095
481
3030
2135
808
715
4513
1863
1243
1023
3158
3305
4683
200
3137
3294
2092
2774
137
4003
3765
346
3058
3960
4637
868
1021
1187
3026
1635
1297
4486
504
2059
3861
3084
1731
1713
4634
732
3491
1242
242
4767
2525
3367
3962
2499
2195
2544
3617
1016
4741
1602
606
4501
3981
4187
1098
4431
4771
4544
2437
189
603
1210
3705
4507
1076
4334
4772
4443
669
2849
2120
3027
3603
2332
3670
363
2005
4667
3904
488
915
3331
324
3969
2036
1826
1950
3303
563
4490
355
3730
872
1158
721
797
3704
4175
148
889
1104
2388
1705
3934
2178
3845
2887
224
3070
2063
303
2635
4633
1
4414
1082
4143
2519
1213
4867
712
2418
4524
461
3562
1991
3822
3715
455
4779
4729
3691
3856
4405
1579
4882
4180
2407
2607
1741
2764
522
3828
3900
4008
1957
1179
1545
2428
1092
2724
3393
2497
3268
2709
1708
35
623
3049
2185
176
2006
3610
1278
833
969
2836
4307
717
58
2041
278
353
71
4607
457
3020
527
1609
4454
2411
745
4249
557
102
3528
3867
1018
39
2829
344
2506
127
2604
1233
1383
756
3941
1830
316
296
4006
1786
2583
3204
4112
1926
2020
3178
958
857
2410
556
749
244
416
4302
859
3477
3923
4553
3007
3381
1621
111
2877
742
927
3092
4289
398
4165
665
1411
2276
4841
1778
3016
752
3674
1824
4531
4801
3943
3849
1743
1718
1371
2899
4222
4587
3213
2758
43
66
3117
4223
2017
4230
3126
4868
3620
4759
646
4444
774
2763
618
1790
2308
3100
743
1859
1271
2854
3952
4656
3761
3159
4831
46
1712
157
4492
4790
2629
2242
547
1002
1528
1412
3321
2382
2859
766
2313
1862
1479
1569
3978
4172
4753
4681
3481
2741
3073
874
4887
802
2206
1946
3438
2336
453
1642
3414
2166
1416
1577
4495
4469
854
2926
3503
2982
4377
2670
4897
2769
136
832
1385
3012
2073
825
3772
2227
664
3815
2451
972
1922
4550
2239
1276
2867
2650
3470
2044
326
4888
3307
1726
4663
4097
4619
3910
976
2234
1333
3677
3889
3553
2843
2398
91
1503
3230
3884
3826
4840
3579
2480
309
4694
88
3376
4125
2300
2327
2164
2704
3485
1968
2384
4642
1558
3374
3954
2116
3226
768
3240
910
3809
966
1570
964
36
153
525
2013
332
657
1794
1474
579
1866
401
2857
4765
1065
2931
1375
2125
2321
4697
4859
2279
2334
1596
893
816
3807
4744
4401
132
1116
2864
945
4375
3160
3184
2627
4438
3292
511
452
2805
4037
4134
3876
2397
4299
2997
3733
4437
2058
4330
3661
1152
787
4670
2341
391
804
3512
2603
1056
3887
286
3487
4338
4190
2638
1289
2194
269
1636
1043
3977
1851
4465
3488
1812
4452
2454
3284
128
3778
1182
3296
3079
1431
3225
444
698
204
1536
4858
822
694
1378
521
2838
2362
2156
3202
1828
1547
2003
1342
4549
1652
1840
3205
3740
3769
3257
1249
3233
3385
1225
10
4800
2381
1739
2903
4644
1857
3939
2408
1814
3710
2465
2179
1013
2958
4017
2654
4877
731
3446
1660
266
4191
1235
210
3449
1167
406
2652
3781
1974
3696
3009
1312
3982
3669
3201
3913
4325
4100
16
4762
4483
2567
3377
3997
4482
335
4106
2565
1631
842
4512
2784
3360
1175
3251
514
3654
3452
3365
4033
1145
2301
4266
3901
2084
3578
404
4059
3132
1523
2294
3167
1066
4636
4049
1159
0
2634
3598
1221
2813
2911
2342
3095
3431
977
3810
2420
2990
3389
1656
876
3364
1207
3208
2071
1690
2448
2443
1404
2889
733
12
1328
913
801
2264
730
1499
1296
1100
399
40
3897
1214
1270
3323
1347
2283
4376
1192
2718
2360
4775
4315
4865
3771
1261
3212
3764
1815
1227
1476
1829
3665
1612
2361
3450
2914
3539
1849
971
4612
2489
4295
2683
2102
1446
2110
4435
100
3697
368
2662
2441
1969
2925
4488
13
4574
4345
2712
4111
2765
1321
3421
3177
3660
1198
2733
3129
2247
1432
3706
2484
2625
4860
1802
1972
596
3175
1275
3256
208
2455
2113
3942
4786
4725
4837
1788
1069
3917
3098
1201
693
4072
2123
1586
3099
3102
410
4301
2668
2417
4833
1401
4154
554
2878
1212
3600
1495
4099
2184
2966
2490
3999
2478
3640
4863
117
1821
1548
3858
991
789
975
4538
4055
4118
2325
174
4657
3827
862
1177
2922
3057
1557
124
2037
1607
2950
2674
358
3347
4522
1169
1783
4224
403
2210
2396
3462
4613
2637
2869
3679
3322
551
4621
4285
4652
2391
2217
2201
1594
2046
3805
2776
1601
2496
3783
2551
965
1673
3568
3366
3354
392
2077
1534
1892
476
3034
4221
3014
3683
85
177
738
2329
1395
4733
217
2631
3668
1771
882
2685
2404
3866
4463
684
4283
4755
790
2964
4806
2731
636
1986
394
2801
3671
2424
4608
531
1313
663
4212
1314
3775
3795
2383
4826
4238
1910
3825
3672
4129
3839
3555
369
1365
1186
1486
494
847
2992
2653
4542
4827
3242
1884
459
3786
4138
3501
795
4883
2364
4186
4500
1719
232
746
4502
3624
3236
3860
383
2155
4543
2778
1392
2557
1856
3609
830
1230
3966
3048
1290
1390
4592
537
1407
3465
817
2987
4042
4396
1702
3985
1483
373
2157
2111
740
4702
4529
3776
2229
1701
853
1873
2175
1111
1872
3422
1850
2658
3572
3139
565
4062
1112
3224
2281
2568
1553
3830
3791
4873
4810
714
2543
4521
3747
3599
2190
370
575
1706
1809
1057
672
2203
3812
534
925
856
4732
4388
2427
4387
3466
2699
3567
535
2219
190
4028
3369
1837
2796
3097
1259
2993
3536
1447
3380
4659
110
3636
2129
3713
405
1760
2855
701
1689
2319
123
3938
3902
4356
601
2623
3684
513
4311
1134
3062
1628
1189
3416
1293
3069
3662
3440
4442
3616
861
998
4768
3780
3750
2064
3875
3628
2117
1670
2684
4110
2326
3241
1773
2863
759
3874
3000
212
193
1833
3215
3663
4236
105
2772
1090
4795
3989
4478
1078
2244
3770
3521
2039
1049
3120
214
4166
133
616
3096
2587
3400
1300
2860
4450
3474
1587
635
4547
2901
3561
441
3824
1127
2619
1489
3509
1036
3732
1995
1895
4026
4832
518
3753
4192
2422
3537
3248
4745
4425
4027
2575
1897
4001
1978
2034
1954
3052
818
4742
3896
423
946
2174
2444
4323
4161
2018
1181
1816
3043
2083
3774
1133
73
159
687
1391
1244
4114
1089
497
4214
1721
2033
492
597
3685
4738
3439
4749
2989
1921
1219
546
1240
192
3195
99
4856
685
3179
75
4164
3914
3931
4523
2014
1930
2042
195
3483
2412
2954
2939
3582
3546
3131
1880
2479
2818
29
1700
1941
4661
4727
1268
1376
2645
1452
3194
3283
4317
4726
1996
1170
1462
2766
1661
4532
160
600
770
1373
4258
4095
2151
3575
2698
611
654
2883
4466
3075
2996
3757
1838
1153
1750
119
1496
1518
1581
621
552
1647
2608
2314
1707
904
2842
2458
260
3451
4044
4041
2897
3855
2054
1720
4818
4023
3872
584
3615
2278
3363
171
2612
3391
2823
3614
3586
1982
2460
4789
1696
3692
2746
4713
1396
883
1698
4567
3777
3189
3306
1075
3186
236
4278
2339
2580
4564
4778
4276
2896
2780
4321
3094
1149
220
4710
3587
4411
3540
948
939
2143
1870
3029
2915
2067
1600
4197
2856
1457
901
1963
3287
4160
3714
158
425
1854
528
727
2771
1959
3859
736
3818
2550
3036
4019
4746
3927
201
4057
839
2633
3324
1574
3302
350
3959
162
2330
294
3500
3565
1759
4595
1327
3415
1202
1886
80
930
598
413
1059
1985
2228
4561
4104
2004
3533
734
2616
1714
1532
1962
1983
2588
632
2074
3909
614
1052
944
860
4677
885
4433
175
4792
1215
710
505
2016
2579
4533
3085
2924
1839
3081
4823
4540
4167
937
1935
942
4556
1302
4021
903
3606
272
3613
718
4788
279
2138
3436
3515
1633
2011
2695
2509
482
4305
566
3340
284
2700
1912
4290
4225
4854
1349
228
666
4198
3612
4259
2918
1961
784
3514
287
3853
3147
1845
2357
314
4420
3519
4020
2235
307
116
1566
540
3725
2199
2099
573
1273
3218
393
473
265
2994
1406
3333
4870
3289
2868
2463
4504
3838
2961
988
161
1764
1836
3754
3506
3320
2200
2351
4571
4329
2795
706
670
2617
791
1598
418
2600
2725
1429
53
4347
4576
3595
428
1284
2673
660
3015
1355
2833
1779
1015
1103
633
4707
1298
4294
3511
1185
146
996
4761
2541
315
4884
1172
3991
1664
3228
3426
1209
1752
3039
3699
2538
68
4280
1810
1591
649
2792
1019
4750
1732
2598
1693
507
1435
1012
1241
4835
1541
2302
2572
2873
2322
3718
3790
3210
548
794
1630
4590
1231
3411
3626
184
2065
1801
1195
1576
4811
1716
668
1485
4820
44
4793
875
2078
819
3741
997
3280
1468
3442
1166
2706
3833
2492
2879
1871
2636
3399
2320
2605
1006
4084
1264
4584
4203
54
956
1688
1761
1348
2985
899
4016
4086
4525
1948
1928
1492
2144
3190
4528
3836
2814
4743
3888
2149
4399
826
439
550
2220
624
2222
4647
4625
310
2105
2414
4145
871
2760
2262
4274
2266
3522
3346
374
4472
4208
1803
2035
2531
4120
1228
1311
2691
1108
305
4367
4308
4766
2348
2845
947
555
2563
2688
1709
3398
3645
1008
1449
3425
3700
675
1436
2750
7
1753
4716
3109
807
2261
3523
4357
4140
2657
1549
4558
2970
4705
4318
599
139
4519
2290
1439
3086
1538
1988
3255
3907
2866
2068
4068
2594
1260
2714
450
4896
1625
891
1560
707
1445
647
4150
2946
1329
4615
3576
1603
796
2436
458
2133
2967
3356
196
1248
2085
1091
2337
4162
2094
2472
3379
4830
1865
936
3180
3680
468
2419
3495
1339
109
1423
1074
273
1724
3144
4344
3717
3801
3362
4872
271
1908
1361
2224
724
3459
2393
708
1194
2614
1161
523
561
3494
2651
836
1542
4
2405
3019
125
2839
4736
2375
118
2350
3929
4075
2788
2890
4601
4231
4248
3203
4267
4109
1001
3133
4781
4632
1223
677
4434
1654
1501
3964
367
843
617
479
4237
1441
697
1438
3951
4035
4374
280
3731
466
2093
4226
1711
1819
104
2188
3182
2895
729
2716
4712
4253
1418
755
276
4066
3591
803
396
1113
1853
1472
4181
2023
4060
2070
4065
1280
1054
2141
726
4825
2475
4004
1455
2620
680
4638
340
3629
1893
3766
2450
11
4467
811
4591
3191
4751
4370
994
4718
4814
4600
1793
1200
3370
3803
2783
1346
4846
3392
1237
572
3220
508
4609
1521
1400
366
1951
1738
26
300
1891
4696
4756
4327
1500
517
4252
3229
3166
2785
4174
4135
767
866
1517
4723
3125
4717
1206
2747
2072
3990
4209
2019
4516
3235
4758
4061
1072
1405
3161
4105
2230
3886
4498
2980
2759
173
3814
3898
648
1387
4852
4148
379
683
1831
1822
4819
4748
914
2968
3911
2213
1487
3502
1550
938
4371
3724
963
3427
4669
2107
357
1351
1606
378
4548
3716
3116
3850
3492
2621
3334
3851
243
302
237
2421
1463
2692
1417
3387
4441
1955
147
3720
2482
4429
2115
3965
4666
3633
3675
2630
4227
3543
3673
4121
3193
605
538
2666
1727
3667
1253
3878
443
477
1592
3657
3373
2159
388
1916
932
2834
3623
2536
4264
2331
9
4369
2137
1490
312
2609
456
3648
4408
82
2806
3482
352
329
4583
1408
1508
183
1183
41
1559
2043
1470
94
2075
1402
653
2508
2379
1767
2556
3773
2894
283
298
1000
4313
1307
3892
4328
4889
3490
3630
4624
3707
2885
34
4243
4079
1736
3271
2204
4359
277
3650
2470
2938
1827
1613
37
3317
3423
3312
1524
4010
2346
4048
2289
261
1363
4256
1093
4602
1715
1366
1193
848
3510
1640
1282
3678
1835
1864
165
720
1994
3463
1676
2170
4219
3003
917
2898
3105
4834
2103
1626
2977
3782
3498
1825
2809
1597
2101
2521
3063
2152
4869
4386
4799
3746
3936
4012
4671
320
2595
3127
2816
3925
2566
4881
4122
3690
3025
1266
2469
112
2491
709
77
321
1658
2574
655
2108
4213
3083
3682
4159
897
1359
1808
923
3602
4618
250
750
2487
2226
4188
3946
1088
3585
2941
974
570
2819
3518
2803
3835
2061
2338
2022
3053
4764
3282
3345
4303
2613
317
3118
2392
651
4514
2711
799
3864
3935
1987
3621
81
3844
1332
25
4354
3644
2689
2986
2738
3743
1919
4555
3551
3760
2707
2286
3762
1160
211
3899
3087
264
1020
3018
4362
2593
2932
781
4773
1980
4077
4133
898
544
1757
2811
3712
1079
2038
2236
3216
89
4043
2324
4337
3145
2433
1659
2088
3993
4189
2205
1907
704
943
2951
3516
222
2315
2514
2789
1413
3505
1992
1320
4462
2817
1028
1665
1747
4286
2584
108
877
4185
4754
2804
844
2207
4270
2148
2793
4562
1399
2047
3637
4631
1448
4287
2537
291
4874
1691
3921
778
982
1519
4787
1883
229
2582
2675
2696
3819
4780
55
3237
1030
3573
1044
1277
3995
2775
4272
4279
2100
4893
643
2423
1787
140
499
4829
798
3988
4703
246
4142
4461
3596
4720
2373
1003
4011
2721
1841
4040
2304
4025
4578
1135
2354
3434
2453
3443
3538
4153
1722
356
3593
4536
1934
285
4076
3581
4251
3478
1421
3992
1663
2960
252
3758
907
3693
1632
4336
4563
692
1595
4216
2533
3821
686
641
2299
2161
3708
3371
426
234
1939
2564
3285
2312
4291
341
529
2852
4769
1039
3950
2462
3121
1042
3337
4648
541
1094
3882
3566
1781
4828
4234
2742
4455
3804
1217
3789
245
834
4428
2590
3252
3068
449
415
462
4678
4024
2119
3972
516
1936
4339
2464
583
2739
530
167
4063
2851
3793
2340
2737
448
821
1138
4559
3930
1589
953
4282
1958
223
3350
2231
3832
3871
318
1252
2473
3119
1102
2365
2370
400
739
3164
1990
1769
3787
3975
892
2024
4700
1164
4458
3357
240
3542
2385
2547
1704
3418
4654
2223
4626
1047
385
4403
1681
2642
4389
520
98
2440
2534
3112
3006
4314
3150
4447
207
1368
3332
478
485
1426
4566
3445
2703
31
96
3641
1150
409
3277
3409
4838
2884
3564
2189
422
3473
926
1530
2303
4255
4496
1419
2502
2025
1875
2196
93
831
2254
1263
1999
376
1095
1989
858
1336
4674
2910
4560
4080
3998
1326
3971
838
2825
3047
322
4489
993
4436
3327
1465
3077
1382
1942
4866
4130
2755
1608
1902
336
2091
828
2251
131
775
2372
2051
2333
4734
1623
699
2468
4808
2573
3176
1295
867
3004
3344
1973
906
671
3032
4459
3028
846
4364
2526
2121
301
3428
33
4510
3658
2876
762
3664
2560
3110
4131
2501
432
1494
92
4662
205
3266
2740
2728
1657
1442
905
3207
3751
382
498
4794
1981
3433
1924
631
4137
4554
1350
1695
1682
1319
4363
3101
2710
3388
1064
4406
3618
1637
1063
4509
4880
2124
3632
3973
1844
2211
2837
4445
1154
4409
2256
3419
2057
1792
3721
650
3865
1615
2581
888
1188
126
2751
3868
4052
2378
2646
1885
3605
248
849
2371
1168
4691
2937
323
4798
2366
725
2456
1163
886
1009
412
3061
3217
2056
3580
1904
837
1514
1226
2082
4698
1403
3535
4400
1304
2694
1471
2921
4360
1114
436
4088
3078
1155
4002
325
3980
386
2949
4407
3912
992
3406
4421
4233
4699
390
1367
1879
1291
3940
3238
3590
4246
3653
4087
1498
1117
4518
3508
1482
4730
3729
870
3666
2344
3619
3475
1644
1649
4783
2835
4575
2777
1388
2649
2146
4622
4598
4569
3115
3050
2154
2622
1669
567
3843
4857
4640
2380
2881
4891
1552
4517
2431
1888
2578
1234
433
3944
1464
4487
4058
1322
2031
3339
437
4391
3983
810
3728
928
495
776
1923
1616
3869
620
4480
2552
3557
3045
1614
2827
549
3763
199
4306
2232
3368
4535
2693
562
2280
3744
3295
4603
1430
4876
1784
3349
4580
2679
3768
1340
471
4551
4220
1796
4763
3151
823
3574
2523
4168
1617
3489
3694
3504
661
3560
150
3325
2446
4449
4665
728
3583
3937
2517
3848
4460
3313
4082
1067
1344
1303
4735
2208
3288
56
3245
1203
2241
1813
61
2912
4147
1748
501
2182
3689
313
1458
4687
4630
970
989
134
3601
4348
4511
1729
4352
2957
995
3499
1239
1516
2449
2467
827
3382
2066
218
3243
4664
4144
4693
2112
2624
2267
4611
63
1050
1285
1184
4009
2768
1977
1096
446
587
3281
1890
3464
987
2647
2040
3074
3806
308
90
2246
4182
151
22
3840
230
1222
3967
3130
1197
594
1443
2719
45
198
2029
2250
3
585
27
2978
1364
4177
1379
256
1428
773
656
2177
4014
688
493
2532
900
2529
1563
4039
1710
2394
1533
3435
145
3396
1254
3468
4839
1119
3631
962
1733
933
460
863
4056
361
1301
4617
1410
627
2399
4588
3249
3355
4215
1515
4541
3735
2507
2655
135
2358
3221
1960
1324
4499
1141
3893
1107
4184
3933
1807
2086
359
2252
884
3341
855
442
231
4199
225
4853
3314
2979
2546
1453
3103
880
894
2240
3563
130
4031
3556
2953
2846
2268
62
4695
3111
4000
2886
2844
2245
3486
345
3469
3106
2130
3611
3589
1176
2257
154
1512
4572
3143
2602
113
532
539
4368
79
3437
2908
1191
3265
2570
751
1022
3550
3531
1272
1680
70
931
2172
2907
2271
1540
4878
3173
3013
640
4117
2197
1262
4341
2928
3549
268
2847
674
4170
506
2888
3639
4366
2028
227
2665
2452
1666
2661
122
2991
2425
1011
3779
1031
438
1357
2212
4770
1975
1889
4128
4890
3372
3297
4247
1685
845
120
3424
3559
4680
1173
3088
491
1697
4261
4155
3958
1861
2021
3254
3010
3796
3854
114
2872
2729
1622
4022
1800
1940
4102
2781
1798
4628
2356
3108
427
52
2008
1335
249
3659
1232
2104
1535
3290
4300
1749
1618
887
1466
2976
1132
1947
2808
4520
3890
4093
4379
850
696
4157
841
3915
689
4546
3002
274
3035
3676
3447
337
2870
1131
4728
873
1967
454
700
2959
3162
84
1925
4675
612
3948
1414
722
5
2542
1283
1578
771
3847
3071
1834
2955
4752
263
138
4581
2515
4394
3170
2576
2045
2048
4210
515
2426
1751
3311
2799
1246
3128
691
4895
4183
2292
1823
3961
2432
1481
2702
1033
2815
2225
4848
1190
4090
2826
1115
2118
51
2913
1847
2656
588
6
4424
4284
2012
2717
4477
3222
1236
3239
3799
2243
589
3259
2972
435
185
1971
2287
1653
3873
2369
4476
2762
2055
2277
4722
4782
1444
343
2389
4690
815
2263
2618
1310
2713
3726
4206
1245
1038
4241
4319
3924
334
3059
3183
3038
1795
2708
1255
2577
4715
1881
1610
2062
1238
306
2282
3198
4862
1745
4527
2975
2610
2906
3524
2171
608
1424
569
1686
2128
788
580
1567
711
1473
3797
4645
3745
2050
638
1740
2163
1409
865
3181
1029
2032
985
3957
3227
4419
782
4265
3429
180
779
3091
3647
2114
4714
753
2000
1605
2882
1174
503
1896
1461
3949
3656
4655
2643
3185
463
4606
2782
1265
2002
2181
290
1898
78
2274
3169
4849
2527
2087
3276
194
4739
2853
431
4173
3005
3841
783
3064
1171
3441
4813
682
1140
1370
2554
4390
3652
4340
1509
2126
881
4850
4032
2705
2930
255
4685
3703
2893
4797
1933
2998
2183
4074
2871
4871
2214
1573
3527
951
3154
2559
429
1046
961
4275
723
1799
3412
349
4113
2027
2971
652
2476
919
380
4673
2639
4585
1692
4423
536
4089
2187
3291
4373
3748
3024
895
3863
1876
1858
626
414
1292
4029
2435
954
1124
1956
3163
1906
908
3264
417
4689
4515
3686
1855
253
4426
4351
800
206
1085
47
2824
2495
959
2745
902
2309
2096
4127
2255
2053
338
3520
4005
3880
4326
735
377
3444
1456
4361
1675
4604
737
1101
4430
2493
4682
1997
2442
2875
2687
2498
20
4784
1650
4692
1868
502
1352
519
813
4204
3597
2238
3625
4372
1086
421
3148
980
4007
3192
2615
152
3702
2400
4824
2787
4201
1026
1651
4479
2136
1677
281
1083
3918
2848
3471
3817
3420
1998
4485
1506
4809
4365
3076
4684
667
3308
625
1218
2735
178
2109
678
239
4740
3351
97
2569
1353
3023
1929
716
981
247
852
2505
3272
3480
3330
1768
1927
1035
1180
1645
2001
1965
2516
1420
2291
628
744
2076
1288
2186
4432
3275
3278
4196
2540
101
1593
4413
4281
2648
2434
3082
170
4464
411
806
2943
3476
1588
1901
2160
2409
1224
2218
445
1142
235
3168
690
2273
3592
1341
381
2471
1953
2984
524
241
4271
2191
2403
2445
1756
3234
1582
2335
434
3155
3187
3842
4358
1554
2797
4064
2317
4475
2293
1894
3752
3348
83
4228
4304
4704
3152
168
4250
3008
191
2253
1776
3383
3734
1900
3378
1330
1931
793
1106
4471
578
918
1945
1137
955
2676
4202
348
1905
57
2669
3286
4651
4123
289
1338
747
3545
2080
761
4894
3798
4620
2601
330
3231
2892
2748
4493
1699
526
3811
1148
785
2483
2988
1877
4503
545
3300
2134
2165
3051
1433
805
4395
639
3315
3066
3594
3945
4537
2401
2981
1080
1055
777
1780
820
1032
4468
4149
1480
3532
1129
3513
3517
1010
3794
3529
2660
3336
940
4616
814
69
1053
4737
496
2374
4577
967
3643
3698
4398
331
4565
4254
3496
1123
1511
3065
3829
2310
2841
4194
2948
3906
3788
2269
4885
2821
3634
2106
3093
560
2779
2840
251
4211
15
586
4069
1105
2611
1583
3156
1178
2682
141
702
3247
64
4605
179
2974
1477
1510
1048
3328
4599
4545
2415
2260
4385
4288
3541
3408
1914
4570
2284
3738
757
4103
2933
339
2770
3767
402
3784
1620
1674
143
559
4623
1687
3171
3846
59
3397
878
4107
2586
2591
3916
2122
1572
1110
3260
3456
4273
4635
1146
4719
1437
1318
604
489
764
1425
1281
3785
1306
3352
3986
4176
3293
472
4774
1415
4324
3695
941
2830
4639
4349
1394
3908
763
765
4804
593
3903
2485
2153
1913
2800
2822
3970
3405
3135
24
4815
163
634
3955
364
354
2447
2209
1488
4439
197
4627
2807
1775
4410
4332
3569
922
4073
95
2233
4668
3430
1356
2865
3926
2387
30
2353
4085
2791
257
2169
2947
1852
3749
4047
440
4316
973
999
1250
327
2744
389
1099
226
4207
1867
1694
1109
203
2904
613
3246
4152
1590
4842
3134
1475
2962
4384
4473
2343
2539
3701
1004
1507
4557
1551
3467
4457
1045
4310
1334
4293
17
2198
372
543
3687
1513
1915
2549
2640
474
2413
4050
1619
3067
1611
2168
4610
591
1744
4855
299
4708
2298
4096
2402
483
1427
238
202
2316
1964
2202
1667
2790
3342
2162
2258
4875
2956
869
1374
935
2347
3223
4573
1546
1118
4451
4851
2720
1525
2307
1920
1717
2936
3834
630
1060
4802
1025
3022
1024
3113
144
4676
1034
1817
3309
2753
408
1372
1966
1539
2940
2545
107
1309
1993
3153
2173
470
741
4342
1229
4641
49
4257
577
2561
67
2558
3402
2390
758
2049
2355
1537
1251
1531
3122
644
3755
4101
2983
3375
3136
619
2686
1305
792
2663
3642
8
2081
121
3394
510
4277
3279
4505
1136
1754
2810
1440
2969
1766
3870
4484
3001
4331
1157
464
3209
3974
2288
780
929
2296
2416
1797
2530
1772
952
4146
1765
486
681
1208
2935
2644
2916
3310
2352
1789
233
829
447
1646
840
4298
4706
1144
48
772
