1147
1465
4205
4719
4834
21
1355
3465
3457
3665
3339
4646
1198
4319
3432
1165
1898
2723
664
3493
3877
4583
78
4424
751
613
268
2694
1557
4750
4629
3912
1252
1305
1749
1153
982
3023
1533
4436
338
24
4385
522
4618
2093
4483
3120
3627
1729
3873
3941
3322
2145
1468
4347
3936
1115
1371
4801
1475
4021
1458
1929
4566
3050
2880
3616
3626
4223
3971
1235
3803
1888
464
4407
2607
3083
3820
2933
4492
1812
1217
4134
824
3766
2835
3893
2179
2732
3462
1286
956
2013
4631
1046
468
1101
4749
3629
2163
137
4550
4099
1820
4669
1171
918
4675
4376
1199
3184
2639
244
3585
1981
4117
3945
495
1741
2241
4685
3937
1891
2952
2724
2877
1261
3668
3297
967
1426
2913
646
1641
3856
3618
1618
2989
2251
4452
3180
2362
4015
2142
1190
4853
2829
3785
4098
185
4040
3291
4143
4486
1063
4742
4574
2033
1698
3106
4717
3160
3048
516
3529
3503
4044
314
2360
941
4594
4222
4202
4350
1389
4334
948
1873
1024
3710
2351
669
3801
1654
1528
114
393
3938
3563
4320
297
2754
821
2953
836
3194
4808
4093
4812
2688
2996
455
660
135
730
4815
3656
4173
2821
2461
618
639
3591
3216
2554
4065
851
3921
1439
593
1335
1629
128
670
4491
4446
3209
1693
391
159
1013
3530
2448
396
2809
2261
665
118
3306
146
1424
349
2868
315
3961
2947
2653
3013
2747
3433
1007
1339
4615
51
4678
794
1897
252
3037
1004
2263
1890
3442
1807
3553
1449
988
1818
208
1589
3076
1790
3035
2321
1606
438
3731
2381
1687
1269
3637
3215
1094
3135
4465
811
4059
2135
3384
3576
3430
3540
2161
4076
4149
1302
2463
4830
4332
647
732
2186
4481
695
373
3729
1291
3451
3496
429
2506
2441
1797
792
188
1032
1639
3534
4581
867
4691
3790
3778
3183
812
4888
4161
3728
610
3326
3060
964
4621
4200
4603
3791
2620
4559
4057
800
2525
2900
1538
1516
470
4160
3264
3476
1776
124
1429
1495
947
922
1473
1799
1247
3420
1333
1678
1567
254
4516
1959
2129
1145
444
2119
4450
410
2916
4660
1565
3624
3593
3222
617
2884
4275
4539
4435
2376
4477
1868
1938
2281
2310
329
4072
3846
1054
934
2572
1856
1318
4478
1590
1161
1270
4370
4212
4288
4820
707
1254
3997
4138
3049
4528
425
4694
4634
2257
2585
4323
2665
2132
4229
2812
2851
2616
3684
1118
2100
4513
4248
2206
1615
3842
1340
1464
2600
22
1212
4456
3041
3189
1576
651
7
636
4165
3436
1636
1996
4821
2122
3753
2189
1497
4602
1971
1406
86
1317
1975
1347
2895
2998
3542
3344
2915
3605
578
1960
1682
3673
3411
2105
1121
3756
4198
3510
2785
744
4047
3747
3670
3940
1117
1263
3375
2039
3342
1089
1440
4892
2402
1072
684
2003
4586
3237
2528
4380
1126
1973
975
1466
2331
3211
2130
2924
4366
2085
2530
3692
4351
868
542
3102
3862
2673
581
3793
4307
2500
3357
4453
1359
186
2267
1177
1223
4874
3300
1485
2552
4706
1561
1489
1370
4241
885
1157
2468
4356
301
3963
4364
3840
4270
3527
2311
656
4126
2193
3658
2638
4324
4014
703
15
4445
2176
2207
1860
2038
1167
3708
3968
206
2739
4191
4131
3625
2002
2137
3126
2841
3933
804
3896
3784
3782
774
484
57
3190
1031
899
2166
1082
2260
4500
3111
4551
3483
4545
1877
179
413
95
173
3979
1012
3454
3845
29
978
4197
4824
1379
1423
459
1980
2715
4454
3492
4487
2579
180
2938
3495
2342
4345
2111
1787
4067
4832
2652
3724
1397
1633
1325
1070
1911
4797
2929
4120
1587
1345
1921
1711
875
3092
1006
3065
4655
4461
232
3319
2405
361
1811
486
4386
1310
2015
1111
165
2660
4009
4192
4786
2480
691
2083
1845
2504
1134
2066
1
1098
2280
1360
242
298
1158
3927
129
143
4295
423
1462
2016
1129
430
2968
2823
2389
202
2307
3913
2860
273
924
1507
1649
697
1127
3354
4873
67
4810
4767
1990
1603
2662
1910
2408
1453
3857
1373
1708
331
210
3438
3722
4397
2999
4133
414
4247
3204
2573
2951
529
2677
3816
3368
847
4186
4692
2465
2818
3343
1017
3578
1148
228
2627
1527
307
2009
4112
3598
1010
4344
4242
771
2413
2328
1967
3586
4771
4206
3263
2762
3078
2825
1284
1539
957
2596
2544
1830
3351
513
1858
1276
3469
1087
2959
4336
631
2768
13
1200
1484
2061
1798
454
3533
908
788
3797
1338
2392
2213
2771
1713
1694
3142
2666
2820
2634
2966
2462
3758
2941
4657
406
1861
3400
4512
1620
1196
362
1415
576
2382
2144
4511
4141
4032
3600
901
3720
1156
2479
4317
4421
1942
1977
2421
663
3412
259
3569
1796
544
1036
983
276
3484
12
2710
3822
1404
1806
2603
3589
3406
753
2347
194
1552
1731
2931
3136
1554
1451
1982
35
1739
3181
1842
4648
806
3310
2711
3199
2612
2777
3103
2589
3931
4781
1011
2605
3994
2444
718
4471
3601
4357
2322
239
2293
3588
1022
2173
1867
3437
37
1987
4358
696
4115
3176
3058
1181
1596
497
225
3818
3281
4061
3000
4260
4542
1315
1186
4895
1288
1306
4123
4643
1221
4431
1023
3014
2852
1173
3746
3932
1108
2680
2690
3705
1743
3434
1571
2801
1295
3541
1119
591
286
4256
3336
502
1219
4343
3486
2246
4556
700
3360
265
1172
4544
3622
4850
3316
2532
632
2738
1073
1722
3021
1747
4572
302
3019
4532
2120
1194
289
977
4479
2789
4557
4113
3158
1444
1351
1398
4666
3889
1044
4204
2140
2691
3980
354
4708
4612
4729
3891
3783
2450
4705
598
2919
1668
1800
582
2509
4082
3518
4269
536
2695
1076
295
2153
3864
2482
4177
2223
3776
2290
844
4396
963
3214
4151
1311
4219
993
3460
3070
1519
1616
3185
198
2456
3549
3841
256
4799
4403
3515
3646
2546
4433
38
4519
510
3104
4890
1789
4715
123
2212
2980
2629
1487
1274
3689
2872
1474
1655
1033
3604
2011
526
2503
4576
2650
2210
1686
1957
4822
3161
4063
2487
56
335
170
1909
2294
886
561
3188
4302
278
1392
1139
560
1734
2220
2022
4077
4038
2985
4169
4536
3990
4674
2045
2247
951
3761
4882
2776
1991
340
784
2252
181
3544
2505
2316
2249
547
3920
1216
594
4549
1882
4439
4496
2718
936
507
2683
4218
508
3531
2168
1651
2712
1902
942
439
1823
332
3883
3006
1040
1206
1035
954
1886
2397
1677
923
155
2010
4265
1934
1613
3643
2979
4588
365
2696
3335
2912
643
2843
2609
726
333
1062
2235
2209
4470
3597
1757
4147
4735
3640
4420
1869
2082
4135
4090
3698
1614
1542
1095
1322
4405
4174
226
3579
573
4210
3895
3514
4050
1879
382
4610
546
2886
75
4250
3872
4236
2971
2564
399
2442
1380
1727
2553
2813
4879
1510
330
3794
4829
3902
3851
378
1962
462
4023
2488
3196
2707
909
2836
4434
4095
130
4305
1002
4030
579
3085
2879
3798
274
2339
1052
3727
4501
3424
480
1329
3321
3268
1407
882
3763
3168
1963
249
1646
2043
4558
108
2320
3313
3458
224
1280
4736
2268
1249
3567
4716
2196
1309
346
2888
4580
3525
1652
433
1756
3028
877
1769
2519
3607
392
4374
3317
4281
1369
1750
2575
2786
4506
4531
2646
3966
2154
714
4417
3602
3507
3347
2908
178
1096
4412
3787
1599
448
4614
348
2350
2455
2604
1321
3064
388
1896
3636
3272
1532
4887
2782
196
2736
269
3212
2501
1577
845
3712
3838
3244
4620
4010
1110
478
2152
2259
3428
3053
1876
1850
4060
44
929
1662
2059
4740
1905
1778
3134
263
1904
2492
3830
1781
2925
4091
4628
2625
343
567
2794
2388
2118
1680
4199
4193
3241
4637
3760
3290
3151
1292
220
742
2587
1482
466
4426
3071
859
3235
3929
81
2594
3421
1828
2774
3148
638
1848
887
2510
815
3948
1605
2719
3703
257
3417
1675
4469
3951
4037
3219
2469
2545
3551
1059
2396
3446
1631
2346
4627
4214
94
3821
221
2435
4217
4290
4252
1128
3998
2709
1387
4238
3220
849
2982
1935
4541
2902
4136
3919
2367
395
2678
1193
3274
4690
1679
1697
3444
4592
3257
4775
2171
64
3737
415
2758
3289
3827
2622
710
3592
552
4259
2800
3279
199
2308
2580
1805
1988
4279
2569
2183
1077
3612
2454
839
2338
2439
2798
3409
363
3956
4777
3874
69
2433
3294
3843
2942
1903
2529
2051
4790
3187
345
85
482
416
1498
3068
3834
369
3077
2303
3892
3164
757
90
2997
1944
2182
3282
3832
2215
858
713
191
4864
1375
216
4455
4189
1786
2796
4493
535
949
417
2414
3560
681
1303
2527
4632
1907
2133
615
3340
3926
3015
760
2344
2943
699
4725
2750
509
2419
109
3422
2935
514
961
1354
1427
4315
3663
3385
972
347
4843
2558
4642
465
317
2424
2117
4546
4390
910
841
1472
2700
4286
770
175
4737
4468
450
2726
3630
1377
4194
2987
27
1210
2923
2717
3488
2400
311
1919
1878
3260
3645
1933
1659
1725
2865
55
499
3227
2148
4208
4636
2536
2356
1838
2062
3714
2417
1597
1396
3472
1461
3128
277
4348
2513
2772
341
3245
2970
4774
1245
688
2526
4652
3942
2748
1699
2727
3170
4185
4654
4408
607
1349
987
419
955
1250
2407
1506
4016
2549
1774
4548
4505
2237
4100
3250
4026
1570
3202
1182
4679
2778
3499
3463
568
761
916
105
2763
3332
539
1314
4591
3882
2478
3305
4101
4068
852
3847
4382
408
3248
1086
3383
176
3676
1143
3557
166
1107
4523
1884
2447
932
386
2920
201
3654
4794
1390
677
456
3459
3754
2753
2416
2092
2779
1332
3242
1700
2543
907
2483
803
4849
2693
765
3623
3468
111
4228
3565
3390
1409
3802
3415
1948
3066
3773
4490
4264
4460
1592
48
4187
1509
725
2325
556
3302
72
2730
574
2395
2962
3555
3030
103
398
2304
3283
2095
3743
4039
3012
2632
3869
2411
701
4859
2610
2315
4726
3414
1064
2903
1625
1674
1558
2443
3382
3570
2656
3330
3224
1293
3609
1523
659
3680
2449
4339
971
77
3894
1470
4329
1855
3293
946
2716
258
4854
3866
3617
76
248
2380
1135
2644
2881
4723
808
4267
4833
0
4255
2250
2599
4188
271
4340
4024
2180
3002
915
4314
3221
3752
4623
2107
4782
164
2055
2550
2309
1066
134
2817
443
2524
2422
2714
1492
1657
969
712
1400
827
3003
4052
2787
900
1268
247
3574
600
4106
87
3694
620
2679
2065
1188
238
609
893
3261
2494
2312
1361
586
2593
897
3779
606
2228
958
219
4640
1887
3660
4818
1648
1438
1832
1889
706
1138
203
2077
211
2060
3218
1945
2702
585
3127
1477
3808
125
1974
1619
4650
4035
2124
141
4001
2921
698
3608
1357
3098
1706
1113
940
1758
1989
296
4787
1732
357
746
2457
4043
4870
2663
2797
4681
4769
795
1588
3916
4029
1522
4633
1545
2425
4806
4129
4582
1791
754
653
3067
336
2242
2385
3099
3149
427
4251
4389
2806
88
1517
4772
3367
642
1766
902
3039
1203
648
3606
599
921
2136
685
1401
722
2839
3562
2795
831
4872
1595
4375
3399
2295
1666
1124
768
284
1478
4563
457
1267
16
3295
4299
3210
2452
4337
888
4363
3429
3970
339
4838
4395
214
3093
3481
671
773
801
848
1020
461
1299
472
4568
2245
1513
745
3513
1045
521
1972
805
3854
2617
4607
4331
687
3489
1541
169
4624
1365
270
4448
3124
3467
2197
4402
3356
2832
1630
4000
2029
1834
49
4817
1067
420
3596
2069
3735
1386
4647
4164
1669
2911
421
4656
3644
2049
1920
218
1104
1735
2387
74
621
4176
587
2533
379
161
4653
2833
545
3848
1918
1050
4355
4371
3112
1841
1773
4724
4720
1628
1114
4507
4381
1551
2810
17
3157
4617
1289
658
1658
596
299
4616
1563
234
2618
280
3374
1131
4846
675
862
1499
1185
2050
1399
2048
3947
1090
4565
4111
1594
1852
4573
517
1663
102
8
187
1691
4826
50
1378
2876
2330
4688
616
4527
1226
4530
489
3403
1162
3768
4055
3096
3453
863
59
2466
1976
735
2460
3662
112
4071
3825
3690
1782
3875
4274
4875
4619
1764
3915
2819
4273
819
2236
3256
3519
676
1099
4552
3175
3897
1362
149
4335
1435
3800
1540
2928
152
1230
1815
1586
236
984
498
100
1777
1285
4278
1954
4237
4054
1645
595
4684
3603
4713
3466
708
4216
2502
1141
2167
2074
777
4360
2087
3123
2972
1555
3826
3863
3704
614
4764
3397
266
619
892
1296
2412
4074
3652
1189
2201
3943
2047
2897
1228
2202
158
3271
3706
3393
1336
716
287
60
79
4432
374
4851
2964
2283
3524
3029
1943
3903
3179
1550
1928
3475
3091
3009
2995
36
3207
4422
1520
2894
785
107
1690
3639
2871
3195
1412
2475
4440
3443
2211
605
3267
4156
525
4092
2602
4878
1609
1949
2720
3259
3839
1187
92
898
4819
3867
1671
4734
132
3100
1074
2689
1039
1705
4867
3395
2954
630
674
767
3239
4387
3186
344
253
1442
1673
1665
1152
3835
441
3767
1999
3976
2840
4409
91
775
63
189
2563
4359
1231
569
3115
4318
952
3762
1862
3479
2906
1696
3651
2867
1955
2752
366
4609
3057
4309
4369
4897
1908
1381
4760
113
4089
3198
4226
1931
2318
3090
3813
1730
1483
2534
672
1151
737
2737
2471
1043
2353
608
1283
4504
370
4693
890
4759
634
3748
1833
2370
925
4711
3878
3226
1298
4796
2489
4224
3829
3736
1939
4225
4564
1222
970
572
612
2156
310
807
4883
533
4710
2541
3307
1243
4139
1783
871
1644
826
428
485
3538
3751
3001
1695
2164
912
2272
749
1308
3905
3137
1836
4109
2333
3371
1068
2651
3038
4427
2177
2306
4645
2936
3450
3380
1664
3718
1709
2291
3719
842
84
2046
1091
2608
150
2756
2792
4575
2597
937
2428
4686
1434
2076
3682
2708
3172
633
2725
2234
837
2352
4868
3228
5
3284
4827
3566
2102
4722
3252
3097
1244
3086
3027
3865
1433
2495
911
3537
1914
2861
2905
2775
733
4233
2742
2740
1728
3685
97
2542
1207
2058
1508
233
1385
1746
3487
854
4416
2072
4805
3786
3697
1003
4235
2864
1556
2406
3047
2108
4022
3675
4292
809
4641
817
1961
2855
2188
2973
3225
1621
2222
3991
2904
1578
3909
1328
3485
2588
752
1368
829
1272
1581
1526
1604
1627
3930
3744
3614
3899
537
2755
1448
1330
1180
3575
1481
2279
723
54
2116
763
4349
962
3251
2940
1364
3983
565
2761
2641
4792
1441
1529
1956
322
1178
2858
320
4330
2559
1215
4540
4785
4116
1294
1672
1560
30
4590
1829
3981
3416
2981
2863
2850
2557
4498
1846
2581
790
557
25
1870
838
2831
2030
116
3501
1637
4844
3101
4328
2744
3852
3707
835
2791
2576
2404
2781
1951
4466
4569
1667
3759
4078
3022
1656
1640
2464
3642
3999
3
740
2431
3734
2365
4303
2978
2969
2174
1480
204
512
2125
3666
985
3482
325
3287
1432
2514
1374
661
2853
588
2027
3850
3955
3177
1445
2221
673
1450
4157
2299
1930
4571
3249
4246
1738
3506
411
2523
4196
3062
1080
3191
4701
2364
4659
3577
3394
4625
4495
3036
120
323
2592
3413
2859
2415
2547
1395
3051
1768
3960
1601
1493
2314
2930
4353
1515
3439
4712
2751
4442
2035
351
305
1638
360
4362
1742
1531
2226
2001
1501
1958
4041
151
3448
1112
3234
904
2856
2654
1356
1242
1159
4798
1802
153
1137
4727
3296
3517
4398
2885
4168
4172
1912
4508
193
2165
1071
2540
4007
1689
1144
3571
3996
3831
1463
881
1103
1183
3369
1382
3992
1471
4816
3286
2601
1608
3977
666
3236
167
2765
4080
1041
4458
4745
4410
3679
3550
692
1986
741
2713
2561
4770
2139
2372
4825
1704
4209
292
1097
1416
2624
174
739
2327
1901
3953
3944
2363
2326
690
4473
1256
2822
4392
2816
4064
2595
3008
1950
3667
2287
4428
1384
4352
1993
1149
368
4696
4687
4605
4103
2837
451
381
2473
1202
810
1459
1060
138
1602
2012
3757
3836
1703
3010
766
4600
611
1827
530
4253
1770
2647
3536
1720
4325
3119
4474
3084
3672
2749
405
644
61
1260
1983
1277
4651
3876
584
104
3558
2345
2734
4391
2882
3884
3788
3016
3908
1978
2705
2334
52
3590
4285
2535
3061
1917
1875
2566
3087
4291
1717
1056
2844
1403
2134
3934
1005
1205
818
1926
142
4877
1320
4321
2265
275
3345
1290
4891
4567
2317
2036
407
1716
148
4220
4599
1323
2071
2355
2657
3699
709
157
2128
2430
3650
4086
2626
1446
4144
797
1600
440
2292
3079
2874
2922
4780
4283
1992
4702
1460
2301
1548
250
4227
293
3386
1915
2703
3231
437
1163
4033
4312
39
184
4813
874
4230
3587
2521
213
33
1650
1494
4730
3408
3995
3594
4296
833
3358
4132
2319
3262
869
243
1916
1488
2467
3583
3509
575
2567
4310
303
822
1953
3378
4155
2846
2024
1573
4561
1430
4377
492
649
928
2909
3404
1241
350
736
635
162
2790
1733
4840
3352
2615
121
3819
2160
3972
4534
3659
3376
3511
2896
3145
2297
814
4673
2845
2517
1085
2538
3949
1745
1895
3081
1211
1808
3777
4110
237
3285
168
190
1585
4243
1019
783
1849
679
2423
3121
326
3292
2706
1946
1224
2436
4865
944
2063
1854
1504
846
2269
3824
4114
2802
1906
290
3055
1968
3817
1995
4856
3140
4793
4444
2041
3299
2126
1366
3974
2313
3950
390
2621
1947
4869
2824
2243
3007
3117
3528
342
4514
4154
4239
1844
564
3205
3312
4150
2158
4515
504
834
2284
288
4045
2081
2000
4213
1537
4538
1116
865
2692
2227
2375
3133
1740
3723
4852
1985
1253
4476
3266
2054
490
926
3174
2113
3969
4697
3392
3844
2349
1872
1965
2889
2198
53
4718
543
1234
2481
4013
968
2190
1102
2805
1419
1534
4365
1425
3599
641
1575
1133
2960
1952
1229
2472
3978
1712
3379
813
4535
2606
1753
1405
449
1324
2826
2682
3034
324
1337
3398
3922
4661
553
4301
2598
4280
4284
3954
4179
4053
2474
3349
2672
2181
4322
2028
1079
4027
534
400
1034
23
1150
80
3005
197
625
2583
3805
3886
209
4361
4145
1883
1660
1197
3110
3858
4140
4663
3740
1598
3298
380
1352
4699
1057
3320
2914
2520
4855
4430
2907
3243
474
2101
2170
1015
62
2042
2699
1021
2399
1940
2064
601
2446
2704
3634
551
3701
1341
856
4423
1964
860
3477
2286
1258
1784
4394
927
2282
1683
1831
4097
3881
3898
3095
3276
2862
3910
3610
223
334
1857
2348
4543
1304
2172
3508
678
479
412
436
880
4649
2878
4372
1837
4783
4831
1794
3924
1840
1331
2285
4547
2745
1851
1047
2910
3918
3167
3471
364
3780
4803
2195
1579
1772
2988
3308
3423
1936
4008
1819
1053
816
3671
3431
1612
590
734
3059
1326
4107
1218
230
9
3033
371
3770
2070
4190
2735
3233
2437
4463
727
1710
2357
1524
3153
779
787
3774
2073
4788
2253
3957
4709
2991
1042
2175
3069
4746
4776
1835
750
2255
1653
2438
4836
1348
650
580
1265
903
3693
2784
2643
3389
4379
4860
2977
260
4257
2986
4518
424
959
1030
1081
4743
3105
2218
683
3925
2143
4689
1334
520
4308
2403
19
1813
3159
1122
4178
177
488
2379
1676
4885
3045
3520
3132
3201
4597
2869
71
4804
550
4462
857
1164
4753
873
73
1282
2020
3870
279
998
1327
2184
540
3900
1255
3044
4497
3806
876
3365
2681
1547
2497
1410
945
1771
4306
2508
4668
626
1363
702
4728
4670
4758
1016
4272
686
2901
2149
3647
4896
3208
1723
3470
1120
2804
2918
4062
2123
2591
3435
3686
3556
1179
2459
2668
2729
4671
1863
2577
3355
1479
1792
548
979
1300
3799
2728
4672
4494
4207
3726
2147
4313
4866
1899
4170
991
2584
397
3203
935
4277
3011
200
2204
2200
1037
3733
1913
505
1562
4249
4311
4517
3473
2932
3334
3253
4562
2146
1105
1580
3373
4555
1593
3107
3632
2486
3561
1027
2555
747
2094
3052
1422
1238
3764
3490
3350
3410
855
4682
4714
1591
2335
1821
2288
1455
4231
3258
2685
355
227
2518
2343
3109
3739
2373
878
3655
2225
657
1264
1428
1078
4232
217
2671
4510
4258
1192
2661
2927
2131
4880
4509
2827
4752
4683
1279
3621
1411
3480
1719
3989
4747
3311
1692
3700
4451
1922
1762
2655
2458
222
3445
705
724
4411
4215
4837
467
764
1559
1236
4175
4181
1521
950
786
3388
4051
476
4503
748
2052
4611
1941
2007
2974
4635
4784
3200
623
3505
1191
3277
2842
4042
389
992
3074
3687
1075
996
3516
4298
1826
4884
2141
622
1176
2551
460
2369
1871
4779
3054
2630
1775
758
3828
1622
1383
2675
26
3769
246
383
1414
3982
1266
3849
2091
4577
2008
4475
2109
3711
2097
4268
4639
624
3370
2203
136
3042
506
719
4731
1208
308
2623
3497
2937
2040
4839
3946
4415
2511
2814
4167
3447
4367
1530
966
603
2883
4124
4677
4297
3328
2409
4459
3649
1569
4419
1880
4184
1025
652
2687
231
2121
4066
4304
654
1018
1123
1316
3868
442
1632
3329
3166
3975
432
3171
2965
435
140
3860
1174
3539
2169
3315
4049
229
4102
523
870
793
312
2635
2741
884
4393
2946
532
2961
3730
3125
3338
2670
3082
1233
192
1574
42
2239
4871
2254
4094
3073
2090
4019
41
1402
2208
3833
1421
4081
1932
4388
1512
3169
2783
183
2628
3715
215
3559
4262
728
1707
1684
995
3987
2893
4606
1239
2799
896
2633
2731
2992
4578
830
4346
2531
3792
1437
2667
3206
4828
1584
376
1843
2490
2917
738
1142
538
2429
404
133
503
1240
1894
3713
2340
1447
1232
2324
3401
2698
796
953
283
3348
2277
2764
2891
3301
264
1055
1136
2067
980
3613
3418
828
4585
4406
2302
3664
1248
422
3853
3156
1969
1718
4748
1824
3254
1864
4088
4028
3419
367
4119
4889
1408
144
4011
3026
101
1804
4201
2956
418
889
645
1420
3855
2522
2568
4707
524
1106
4096
3631
4601
3323
1564
3641
4622
2359
494
3396
2104
2248
4560
3143
1287
1925
3043
1312
3114
2807
3526
2266
823
3837
1084
3967
2631
3648
205
3572
2590
3165
2264
2733
4085
3361
1647
2571
2034
4240
3387
693
2769
3391
3880
4159
2427
2162
4005
83
2296
2767
1456
3958
720
2983
4893
662
4484
4520
3695
96
571
2485
4443
99
4342
4703
4593
3197
3595
4122
372
1350
4338
2026
1278
960
473
1847
1246
776
131
3973
1701
353
4211
1763
3952
1583
11
2515
3359
2926
2383
3425
3620
3280
4245
4570
3217
4499
3683
3964
2493
4449
2993
2432
938
4254
3150
2963
2684
2371
1998
627
1069
32
531
1788
402
2258
1685
913
493
3906
3581
4533
4070
1271
3657
2079
4287
4413
3230
843
4087
1307
1761
4271
321
2445
106
117
2420
2788
1736
3772
4664
3363
304
2873
3337
1994
356
4754
2025
756
1051
1525
475
458
1582
943
3554
4886
3464
2470
2994
997
4276
2401
1536
3144
1500
3247
989
905
1927
3721
4489
3046
2440
1518
1436
4755
4418
3688
3725
772
2398
2044
4056
2341
2898
2178
866
4554
4809
4732
2815
2434
4017
3914
1301
974
4847
4488
337
1759
4721
4823
2773
4438
798
1748
4811
2760
4012
4294
501
4195
46
2323
1634
3130
2037
3089
3859
570
1549
4293
2023
4525
240
3502
2354
127
4778
70
4676
2005
2053
762
3474
3075
4354
2224
4626
3346
802
3108
2759
1795
3341
2476
3523
1765
1048
319
2273
1900
2377
1809
3094
2560
3129
3440
1892
3304
1140
799
1372
4553
2976
4244
3619
1109
3890
655
154
1780
1715
1490
4529
3240
4079
2957
1714
3885
3504
496
3716
4756
1259
4125
2017
1816
3500
2031
2150
4152
2374
711
680
861
721
3512
4153
4857
566
4018
2640
2332
4003
139
2089
2803
2410
2185
1546
4579
3441
1281
3988
1049
4751
3154
715
212
2746
463
4695
10
3265
592
4127
1610
4162
4182
1225
2305
3155
4373
2106
4300
4378
1476
1358
2270
2451
555
528
2793
4589
2958
4316
1535
3781
156
1083
3923
2674
781
4482
481
40
755
2967
4744
3116
4025
2565
917
3823
2939
602
3032
990
3138
4835
3755
4485
2453
4457
4404
1793
4341
426
4261
3653
313
2219
316
3582
4768
4595
2611
1822
65
4183
3331
145
4414
689
1866
2642
519
1505
3669
3278
447
3072
4630
93
3535
3738
2275
3405
4447
491
2056
4130
2645
4146
4128
1130
986
4791
4665
4266
4137
3270
4203
452
1146
2512
2854
976
291
4006
1511
2556
628
2004
1273
1503
1343
309
895
789
82
3426
1885
4862
2808
1209
2619
294
453
352
3213
2098
1431
2032
3333
4121
375
89
3810
832
2890
3080
914
1132
3985
4662
4739
2944
1893
2278
4289
4596
4464
4526
3904
2659
20
640
3804
434
2368
4765
2390
4148
3353
3223
1251
4368
384
840
729
1859
2103
1454
3611
1342
2194
583
1688
3063
2262
1553
2743
4034
3749
147
3795
4004
4613
3935
160
2127
3771
2499
251
2477
3775
300
2562
4163
4158
2613
3118
4789
883
3246
2648
1100
2574
1726
327
782
3635
306
933
1491
14
1681
3018
3901
4698
171
3056
4118
261
2676
235
872
4700
1457
1755
2006
3178
4399
3232
2697
4644
981
4658
2157
4400
4263
500
2975
3325
1881
1924
1160
4861
1970
1175
255
2934
2191
318
