2557
2798
798
1398
4175
1632
4168
1583
4319
3512
132
4275
1441
1721
4503
4723
1086
51
2608
2724
2854
4691
511
4128
2469
3409
4531
4285
2481
4240
1384
115
1435
1489
3747
3786
1702
4209
4100
1598
4513
2820
231
596
4562
422
4248
1062
905
4422
3217
2853
3176
2750
1242
3850
4325
1444
186
2498
855
1391
1542
2881
3823
3967
4649
4781
788
255
315
1640
635
4862
4222
3668
4700
4331
360
4527
616
3818
3299
2790
3894
378
3603
723
2434
1015
1334
3090
1763
3032
4204
423
2244
2035
4851
2325
3464
4365
3397
4215
2799
2510
2455
1209
757
2865
2629
48
4770
156
661
3459
1390
3712
492
4180
3106
2763
622
1765
1108
1700
1163
513
2699
1193
2224
1706
87
3861
1438
4404
3128
1849
767
3279
868
75
3251
4629
4228
2234
742
4374
1935
2635
1961
1332
2012
2541
243
1871
979
3541
3686
2453
162
1260
4007
1252
3913
4002
3515
1947
3605
1146
721
1955
2318
4715
1820
3618
2270
1268
4741
2
313
3559
3481
2050
2373
653
1997
1774
2565
2167
3302
1731
3514
37
3604
1545
1032
4707
541
533
2108
3963
4659
4091
892
2013
4290
4029
1859
147
4574
4643
1141
362
2575
3678
2456
1791
3524
1127
884
1533
1460
3423
1104
1090
3210
4082
70
3523
60
2674
336
578
960
1262
662
1991
1283
3223
1414
3744
3238
4711
3065
4295
4824
1919
4081
4853
2379
3227
2801
4554
3565
3314
4355
9
4870
1459
609
3566
2028
3592
3983
2909
1807
3570
1523
3161
3311
445
974
1793
405
284
345
3043
1244
1524
2547
3473
1134
2451
1137
4350
2721
3224
4235
4171
1648
2616
2449
921
498
2867
4530
873
2280
4644
3474
2168
1107
4189
2746
452
28
190
740
1781
3306
3026
1498
1114
985
4813
3790
2578
486
4648
2388
1310
1143
2937
4584
1352
4366
2081
2713
2204
150
3632
1539
993
2114
1757
932
2782
4596
3848
358
4054
1012
4735
3553
1690
1096
4566
2124
2409
4219
3528
3002
2837
1121
2703
3071
4561
3611
2254
4502
786
3704
2942
2496
1647
4785
4716
3096
531
1698
420
761
1599
4508
1966
2099
3626
2599
340
2537
2320
2154
2422
732
2370
2755
3253
1258
2743
4234
1881
392
1256
1144
3016
2985
3499
4336
4118
98
4450
890
1153
1493
377
961
1749
4757
1060
4863
4532
1291
2738
2147
2520
1335
4475
1343
2290
2174
4242
2215
3171
1078
2986
695
670
3236
402
713
4631
1118
968
172
416
2304
4844
3114
3457
2926
414
3269
4671
2852
4567
4494
179
3261
2680
1720
1136
2739
2004
2022
212
4065
3027
2242
3879
4620
3218
4298
4292
1812
1526
1458
3869
2923
4547
572
3326
1984
734
4792
2862
3636
2753
4357
4472
1671
4250
3349
1364
1196
1039
1420
400
3187
4283
4469
3858
1422
1276
398
2887
3988
1730
2559
3151
1521
3507
814
4645
19
3216
1962
1806
891
648
4731
4157
1430
4379
448
2116
3770
219
1035
1450
2027
1787
3812
1320
1323
735
470
3974
4749
4188
1634
4375
4646
2016
4312
2220
3445
2718
1402
0
1061
3094
3334
600
701
2804
1953
3249
3244
4896
4268
3799
854
487
2355
4238
2584
2622
3054
1858
2376
3365
1726
3006
413
3258
1229
2273
3522
1670
4727
3549
36
3170
589
2658
1905
658
3723
20
4869
4021
2169
1373
540
2725
1586
1788
4114
2511
580
1189
4751
4724
479
3413
2185
63
2993
1831
3068
259
705
2651
439
1745
4085
2670
924
4661
1536
1782
2792
3613
2646
1423
587
768
3125
1085
1677
2602
2338
3111
2816
637
2945
4772
4637
3851
4347
3640
1506
62
3462
157
438
2323
3619
2761
3631
3880
4878
3891
4694
4230
3510
2873
4186
3203
3115
4202
2653
140
4394
1747
3909
1847
3356
1740
1054
2810
2306
4588
4558
3028
4528
1596
109
2264
4358
3062
2955
689
1748
1236
2831
4434
652
3411
4737
590
3181
1337
895
4061
3355
4005
127
117
3728
2661
2896
514
1544
2211
2735
4442
4009
2577
30
4670
2118
4544
2587
1949
1701
3962
3455
450
1832
3509
4352
4293
1119
324
2783
823
3175
456
904
3815
289
3806
1272
1106
1052
4458
3416
3752
4481
3547
2094
4569
136
2594
1814
3810
2933
801
3132
4119
852
532
2614
4282
1971
3205
991
3620
3067
603
539
3914
3415
3470
2948
3873
34
4116
2276
1584
743
2969
2532
903
262
2505
1076
1746
3504
4463
2321
3207
4585
3586
3030
2199
121
789
181
2983
4875
2343
3714
2297
1031
111
997
4364
2208
2536
729
1767
4226
3506
3286
2106
3691
198
3554
547
101
1857
3693
564
4798
694
4390
3826
1399
4328
1113
748
3447
2347
2190
2877
4231
704
668
4068
3384
1116
2841
3294
3519
1876
949
1564
2728
455
4455
1591
3421
3015
727
2797
927
822
4123
1776
196
4284
2610
1499
2806
1627
1686
2436
24
716
2142
1868
3145
3381
3535
3977
636
430
720
795
2132
4122
1381
267
4838
4274
4894
2055
1210
99
2079
4549
279
619
1802
4309
512
1312
2378
4545
3621
1674
3387
4051
2919
987
4111
460
1921
4578
1483
3965
717
3581
3070
1375
2632
359
3159
887
4218
841
3390
3552
1305
527
4377
4482
1661
1715
134
3580
2060
4058
4131
2827
524
3377
910
3083
503
4327
124
933
1284
4096
2246
4761
4083
3989
1183
224
3025
3600
1495
2825
2971
1989
2492
684
4499
827
1261
4174
1682
632
1688
1306
4098
1241
3081
1397
962
2968
1277
1714
745
3047
3199
3952
141
1115
804
4320
529
3491
200
454
4866
4829
2582
3803
440
1723
3674
432
2421
2638
2057
3033
3637
3003
3687
984
2392
4834
3513
2603
4506
821
3904
2467
1050
3168
376
592
3052
3263
2289
163
1409
3361
1376
1040
2561
612
1354
2785
369
3461
418
283
1557
871
2794
354
2500
2534
314
1537
1279
4034
2623
4166
2069
1469
3628
4541
4367
3888
458
4889
1778
375
2335
883
691
8
1874
2586
898
317
2082
4720
4080
3448
4486
4783
4200
3889
546
2768
2916
2129
4272
2478
4618
1684
4251
1550
3696
125
3650
3082
2267
3430
2516
1157
1608
2189
2554
4224
1158
3893
1416
2813
2307
507
4725
244
1168
1415
3386
4887
3271
3019
300
1739
2326
4636
2461
2722
3395
862
3157
1140
2940
2882
4689
2228
2350
4380
3357
4782
2889
4289
396
928
2529
281
3800
736
2296
1578
339
2643
461
897
3582
178
3452
3794
3284
1067
802
819
3105
4804
206
1051
451
1341
2272
939
69
1965
1683
2269
2040
1271
1325
4739
571
118
3342
3280
4864
2315
858
3324
3659
296
2288
276
1358
1883
3634
1000
4023
1662
3363
2284
1212
4721
193
4823
495
1675
3389
4338
3758
1169
1255
4199
2604
1308
2905
2600
4560
3827
135
977
3437
3903
2443
2061
3577
2464
3532
4296
4369
2134
754
2845
1895
836
2194
2519
971
1379
545
515
361
2943
4534
4195
2265
2633
1285
3213
4444
2441
2502
268
214
3807
4764
1151
4836
778
2474
227
252
643
1504
2856
1925
3475
4249
2553
3881
2981
2333
3718
1771
4755
1511
1010
3300
3230
2706
4057
2470
3700
902
1585
3401
3122
2036
3036
79
1389
4476
4493
1130
847
4351
1933
4247
4267
3877
2217
2762
1465
2947
442
2043
935
2471
2998
1181
3866
2938
4674
907
234
149
2160
180
2530
2961
1769
278
2201
1005
4857
4424
26
4542
582
1736
2571
4277
1463
1428
2328
4639
4206
3734
4651
504
57
1712
3318
4253
3526
2209
3121
4154
1453
3642
738
4164
1474
1568
1875
4027
1023
1589
2736
1841
2501
1579
3568
2439
4318
346
502
1232
4093
4668
833
3887
3380
3677
3724
1164
2752
3250
1547
2904
1425
542
1491
2054
2780
3795
4860
1002
1008
4533
4628
565
263
2460
1324
381
3593
613
4105
3617
2844
1102
4619
3468
2717
3658
2389
1338
3567
4037
1355
3762
4260
1693
1617
1979
139
3075
32
2091
114
3561
2858
240
820
3273
2406
4246
4042
1347
1741
1098
1363
393
2893
2839
4368
4841
2645
1851
1429
3957
1522
280
217
3837
3329
983
189
4155
4088
1982
553
4194
2679
3832
2811
1380
1678
491
1128
2354
1253
2360
1643
2103
2741
2776
2687
4536
739
4056
2226
404
1783
666
3104
631
1413
2383
3478
1901
1386
3641
3058
12
485
1543
4254
2218
1527
100
2417
3344
2956
2128
4529
3517
2989
2609
3844
4496
2075
4334
4324
4490
1597
2759
598
158
2883
4599
4621
4107
4454
2420
3811
3275
191
3309
2299
3654
1123
1257
4868
1561
226
4000
3353
1621
4184
2345
1836
555
89
2113
1371
4039
3046
1057
4156
2917
3521
2892
722
831
2807
4196
2671
3622
707
4120
4479
3546
1680
4201
1610
2200
3456
2509
1171
1228
1940
1455
1365
3759
4883
3135
4652
4471
3665
2949
326
3899
476
342
2708
2970
2711
17
3331
2654
4024
2248
4492
3623
523
992
203
1637
1830
2523
4708
730
3339
2659
2138
1939
1396
751
3439
488
2730
1016
4617
2003
3816
3572
3717
1724
10
978
774
759
1611
2979
2685
110
3926
4170
490
1190
3433
3166
1479
2431
2305
1906
4893
1298
2072
3194
71
3480
3443
1852
1942
1254
2414
184
824
386
1719
3797
3543
2341
468
1418
4766
536
4487
341
2777
3992
1995
1619
3179
2395
2757
4886
1927
2405
719
1083
2508
3719
749
3492
2179
2593
1558
1081
920
2682
1853
2894
4653
848
1603
3732
4138
2143
3347
4305
4812
4385
4733
4407
1294
1531
4852
1387
2271
1251
1892
568
3404
436
1559
2921
655
3212
780
2697
3466
1197
4079
4660
1987
845
602
4256
4349
108
4167
2803
4146
1302
828
151
3498
2936
4520
4762
2084
2073
4594
397
166
4830
1225
1796
1642
142
1240
1986
4010
237
989
4099
1758
1021
3987
866
4344
4086
4281
4370
1697
3129
3906
3076
4090
1582
803
1226
1203
3023
4310
4070
3690
4597
401
4850
3688
1267
805
1443
959
3885
185
3564
2085
96
3476
4627
2119
3502
2391
669
1752
2787
2576
2684
1659
3228
4015
3422
3118
1377
2925
2631
3092
2452
3346
4488
4895
2567
4525
943
4767
241
1789
1926
526
4760
2410
2953
2252
4524
2136
3138
429
4805
2066
3616
4022
1478
338
2074
2011
253
320
2048
946
2397
1084
1191
620
2098
750
2788
3679
1864
1958
4269
1777
577
1667
1395
2183
1805
4244
270
170
2041
2931
3338
1815
4717
3399
1496
2686
1275
3644
1786
3716
3557
4205
3685
2170
2301
2346
4294
295
1070
53
3890
4389
2869
3126
2006
301
365
102
4020
2962
3612
3333
4262
1487
2850
374
1213
544
1351
291
389
4273
2423
1870
3190
247
4515
2164
4892
3400
4552
410
2005
4211
1894
4019
4291
832
2227
1803
690
3938
3108
2928
4286
4113
1075
3648
3113
2111
769
3701
3345
1946
554
752
3698
4778
1041
3768
4613
363
3484
1135
3834
550
2885
3544
1622
3782
3446
3862
3707
842
2068
3769
879
4403
2621
863
3408
3110
2402
2059
2675
1911
2840
4401
1073
1753
1159
58
1326
4159
2294
4303
1238
2398
2425
3939
3234
1513
2196
3449
2592
1068
2195
3671
76
516
2531
1799
4526
3991
4734
4753
192
2650
1038
2178
1959
4440
3966
1303
626
3697
4013
1099
4417
1908
4220
2749
3359
1910
2198
4340
3272
4801
309
1412
775
484
4505
367
570
2903
649
2740
441
1593
2263
896
4888
1541
1404
3305
2766
4124
4243
4828
2031
945
1689
4129
72
4066
994
762
2137
173
2065
1734
3921
3757
3667
2351
1775
3838
838
864
3201
3951
1903
298
371
1899
1293
266
3061
1784
1029
519
2540
2446
2585
1914
3020
3533
1609
2745
3038
395
94
4036
4504
1785
1983
1936
3865
2714
3073
4601
3031
4074
3066
881
1431
4044
2868
112
2365
1321
3158
947
4193
1587
1177
4796
630
4313
4233
3087
1614
4614
4881
2156
1742
3366
3285
1877
3341
3950
4356
2162
3489
1923
287
2796
4237
3178
2369
4362
3059
1109
1224
3247
3177
3378
525
3971
4287
4381
506
4787
2062
1223
2444
3237
3910
1695
1449
1626
1264
4314
877
3288
2605
13
481
2857
4094
3699
2424
4446
3079
3982
857
2551
46
2314
4217
2385
899
1022
232
941
4710
4624
4765
3403
3750
2995
2221
1165
204
4214
3527
4535
1162
1600
86
1869
3635
3713
3084
621
4579
2957
4408
364
2756
3765
1292
2838
4062
3490
3017
1036
1653
2900
2765
2729
220
2401
3841
3709
4139
4400
2007
2165
39
1192
2683
3277
563
2538
3494
4047
3398
522
3830
3335
2911
2225
2259
2764
2781
4191
3560
2657
2786
4448
2526
3240
576
1650
3255
1960
4610
551
1635
1274
1816
755
2634
1327
639
4183
43
7
480
4511
471
421
3601
4696
3372
654
3197
4402
4169
464
2930
1691
1033
697
2230
4848
3133
65
3185
2791
2480
1432
3310
3276
3933
2092
2927
995
2371
4630
3780
3924
1780
2109
4791
3231
129
3789
3741
849
4197
3123
3477
2878
2285
3460
4611
3936
77
4686
1922
3819
3639
2570
4713
2102
4150
4818
3530
3922
1481
4076
382
4258
4321
4304
4726
4263
558
835
29
463
3369
916
1825
1299
3467
3148
4182
518
4477
3920
1872
2984
595
469
3014
2976
3852
2415
2293
1554
97
4187
2212
2429
2245
4825
2076
447
4843
1733
1897
1017
14
3754
3053
4095
4568
3417
2130
4478
2769
4153
4421
3980
286
3778
2312
779
4537
4586
2052
428
3119
3981
1467
4117
3995
4411
4664
350
165
3060
660
2295
1339
3091
2618
2206
383
4484
2216
2188
465
1132
299
2445
1615
4745
2317
4306
3099
1937
4680
4835
2866
1048
4316
3942
1528
52
846
251
4143
1668
806
1552
31
715
3859
2888
4683
4538
3976
4719
3049
1044
2327
2020
1759
2144
2489
2356
3001
4323
3315
330
4388
4387
1638
1515
861
4371
4885
1198
1111
327
1088
4816
2515
3
2642
4053
1490
2459
4518
549
556
2202
2589
1485
3609
264
1471
1234
1154
1401
3045
918
4600
1064
2348
4177
3663
2601
1512
1821
467
344
4802
3984
4109
3777
1417
607
3172
1448
4342
3802
1888
4609
1709
3465
2487
2024
3340
21
4412
3941
1079
2428
3681
3444
2403
3174
3839
3882
2535
2277
1047
4758
2334
3469
1977
4780
810
4897
2479
4797
4685
4847
1368
2668
3694
1520
4583
936
1205
1202
2996
3579
130
521
955
913
859
2033
1651
1315
2399
2959
2175
1809
2332
4103
623
688
4052
1366
4055
3710
610
2506
3219
462
1573
792
2552
308
2121
2411
579
105
1705
999
2555
1011
3360
2994
1034
4687
1336
2037
3664
2381
3742
2859
2236
4126
2095
4415
3666
4773
3143
3117
3673
976
2967
1707
3511
1818
2910
1173
1340
3534
4698
3303
1509
1929
3993
353
4420
731
1445
702
3932
4514
2662
160
4576
3406
3293
1385
501
4540
4854
2104
3085
2233
4038
3200
2665
1007
3805
2171
1890
1287
368
4299
1318
493
1963
4077
4592
333
1475
679
2836
1138
1221
3629
2898
380
3969
4373
67
3142
3538
1882
477
4419
4754
2382
1172
4663
2359
425
2255
1333
199
2357
3130
1938
4354
143
4776
249
3725
1454
4607
417
911
4474
2596
3497
3313
2309
2112
4546
3283
2695
1288
1655
912
3295
3911
765
3961
146
1133
2656
394
3451
45
3155
321
2159
4466
1957
3319
2427
3735
2184
2701
3788
2071
1367
3095
2364
930
2268
2975
4483
3141
1945
4134
2581
435
606
74
1764
3373
1322
1576
3591
113
986
4461
747
1863
222
2566
1348
1502
4008
1665
3787
4161
3167
35
830
4437
4087
1761
2863
347
167
4563
116
530
1394
2590
2368
1028
1641
2521
3808
3051
3624
3953
4872
4452
4112
4635
3204
4144
1779
1025
4160
3615
81
4432
2030
3571
3596
1476
2716
4040
3323
4634
2673
1477
3902
2483
2563
4779
2157
1886
1956
1629
2698
4179
40
1704
2693
4598
4264
3173
3136
311
1631
3453
2067
1426
2002
357
2408
1129
3997
3895
1827
2440
128
1009
1813
3496
657
1246
4709
2771
201
4752
1421
1817
4063
3048
2418
3548
2361
996
593
970
202
4468
1974
3856
4740
3708
3508
1980
2380
2486
2374
3945
4673
3097
4436
3089
4332
1187
2329
2342
351
1755
1595
42
4638
2149
2494
3487
1273
2182
574
1920
2924
4539
856
2176
3328
2795
2047
1808
2620
4459
1898
1846
4376
875
103
3529
2458
4398
3226
604
988
1233
66
1433
384
893
56
711
2372
2126
2588
355
1842
2407
1018
1314
3296
2963
307
813
41
4485
1405
3594
1681
882
4460
698
3682
3821
2051
3702
215
3024
2146
4035
3432
2482
1370
1566
2192
3320
4884
4856
3676
1516
2748
2503
3044
1766
2186
4729
3308
3817
1037
2437
2999
1510
411
3649
3501
1301
3259
1296
3412
3316
3897
3916
4265
2549
4768
758
2367
2476
3441
1317
3184
73
25
3392
4030
1126
1139
505
1560
4012
4827
3471
1120
1112
586
601
611
3186
2473
2696
1089
2737
1535
1408
2613
348
885
4822
4431
782
4559
3825
629
3975
4519
2548
3562
2457
408
3391
164
3265
4550
2336
2038
1969
1649
3705
2426
1087
4771
4067
3139
3722
3840
1754
294
3820
965
1822
1909
2914
2860
4456
2363
528
3202
3225
1968
2237
27
3853
1673
274
1072
1074
3672
4213
3753
4345
2302
3382
4239
1290
585
837
710
4236
2615
1250
4147
2965
1437
3647
1553
816
1243
3783
957
302
2619
4587
3847
2678
2485
4815
3556
1063
872
4803
2819
3854
952
159
906
923
2770
59
2922
4517
4666
1975
23
3845
2625
683
3063
2394
4225
2140
2056
2702
228
489
1237
829
4212
385
3576
2497
2283
15
3743
3162
4833
1388
4397
1588
4880
3348
4688
1751
3274
1150
3426
1304
1231
2744
1792
4522
3555
1269
3160
3488
963
3154
497
352
1838
3773
2490
1
285
1646
783
2908
3831
4606
2396
68
403
3434
2802
797
3098
4865
4384
2023
177
953
3428
2139
1200
4223
2915
4746
2300
1756
3486
2606
1577
2719
2241
1928
2774
1507
1497
2292
2493
4142
538
1330
2303
2499
1612
1488
2018
1744
4839
3756
4612
120
4060
4788
948
510
1393
1508
3738
4676
1331
1309
3721
4575
2973
4163
4059
3772
3954
2812
2539
2669
4842
3670
4049
4071
4383
663
2822
573
3652
696
3692
4570
4360
3169
3892
1071
3863
2187
3908
2045
282
258
2664
1811
1797
4786
3233
725
1636
2918
677
4266
1152
1346
55
3872
825
1411
1546
3336
2214
85
2920
1361
2935
888
2954
1687
1819
3703
1972
2546
714
4747
1056
2286
4806
4882
2207
3907
4667
2848
617
3653
4311
123
4702
2042
334
1362
304
2772
980
1407
3165
2966
4430
175
581
3771
1616
4317
4363
1194
2876
4763
4121
3243
1824
1879
1981
1861
1350
3575
3606
4633
2974
409
675
297
925
22
3940
3900
728
3669
4092
1307
4695
671
1672
1199
2229
4826
293
2249
2690
126
2579
3479
2247
3545
4004
3836
692
2982
686
817
216
3325
152
706
1992
4043
4678
2008
478
1282
1604
3915
1666
4348
3198
812
3337
3602
250
843
2125
3312
3056
2375
2032
967
4414
80
972
1896
2235
246
2704
2203
4820
4017
4759
3374
3986
2331
4278
4465
4516
1505
2951
1345
3317
591
975
4821
1645
1679
509
122
3120
1534
3352
4399
1710
4353
2100
869
4543
1030
3463
2694
756
1998
3749
3590
1156
3156
2115
982
332
1592
2384
2960
1575
4572
61
472
901
3454
865
3583
4632
2525
1329
3614
1342
741
4712
3388
1605
2180
4714
3959
3029
3281
3978
1628
4227
3804
2438
1149
1160
4551
256
2598
633
2946
2337
4378
777
1105
2101
4025
3407
557
1850
1985
2088
2899
3220
261
4104
2666
2131
1472
627
3131
1889
3042
4701
2078
3585
2830
4392
4682
208
4622
1913
1606
1020
608
1403
4333
3254
2726
2096
209
3798
3539
2941
153
4288
1590
2442
1147
3427
1967
3206
2316
2433
1633
3292
2089
4433
597
3137
1931
1656
680
4190
2572
3297
1565
4151
1328
3307
2087
2352
1518
3064
2287
4108
221
3208
225
4814
133
2517
4097
2393
1760
1360
3304
2324
4480
1182
1492
3998
3944
4178
1833
3661
3598
2009
3657
205
1027
4662
4031
3375
3558
1046
3857
693
1145
4706
4425
4069
1186
1369
1907
3221
2477
16
2514
4507
2205
2751
3595
1486
1676
1184
2353
656
1571
1737
1419
3855
399
2846
2980
618
4447
508
4445
2784
2847
2322
4301
867
2507
886
2110
599
4677
4495
4616
457
4072
3550
3610
1117
870
790
3689
3354
4158
3607
3822
2260
3419
4811
4470
3731
2808
954
3518
650
733
4743
379
2612
3958
3248
2133
956
2789
171
1944
2279
659
2430
3751
2528
2120
1094
2117
4259
2219
642
168
1517
1800
4133
3394
1917
272
1215
2468
4623
1066
494
1912
3646
38
306
3740
4102
3152
2829
781
534
583
3796
4684
4790
2861
316
2197
2564
4410
4681
1794
4555
4457
271
548
1692
3525
3012
4692
2390
3876
894
1999
2122
1247
1259
809
1049
1878
2879
107
673
4831
4203
1532
1855
211
3147
2256
2105
3268
4665
1973
1501
646
3633
771
703
3587
1249
2472
1860
709
2672
1461
1484
2545
230
1356
3011
851
1004
1996
1834
3973
1316
3327
1623
1480
3833
1278
3080
1823
1053
4145
475
2282
3711
3146
335
2617
3662
88
874
543
3000
2760
4877
1880
4793
926
319
878
3994
3246
3078
3761
4510
1618
3726
4748
1045
1750
3878
3917
1043
3010
3290
2064
2964
641
137
880
1976
1581
1097
4573
1392
2083
1266
2574
2135
1503
3367
3729
148
303
1924
4669
2637
1904
4564
3842
4339
1768
2875
2240
4879
483
1280
3680
791
1201
3912
2362
3069
3429
4845
4736
2591
2710
1529
2809
685
1551
4255
3871
560
2250
4581
3500
2689
4208
4769
3379
3193
1446
1952
922
1624
310
1319
3531
1663
815
4439
2266
1473
1773
4523
1093
4176
1950
3884
4423
4580
2800
1239
329
3102
242
4589
2257
2818
3824
753
1563
1934
4697
3493
3022
2648
1856
3563
1964
1013
1427
3322
1295
466
4028
174
277
1069
1548
1024
2834
1466
1713
3424
2611
388
2070
3970
3495
2821
1424
3542
4807
3574
50
1887
3695
4229
482
3393
2251
4162
2313
2849
3103
4127
3867
2465
2929
4106
64
4642
776
4173
2734
2580
3483
4784
2344
2815
4608
4026
724
4491
4473
4858
4777
1735
3124
273
2944
4675
4467
1452
2715
4245
2692
2767
218
239
1131
4647
3264
2239
1383
3074
1357
2630
2832
624
839
323
4874
1867
2826
4464
437
119
4435
4603
1839
1026
3301
4172
3101
900
1204
4512
4871
4050
552
406
4449
1613
2934
3298
2833
2349
3109
1738
236
3163
499
3625
3127
794
3358
3291
3972
990
2435
3376
390
2400
1217
235
331
3188
44
4604
4216
3436
3072
3134
4045
1594
223
2891
1245
1540
3537
4148
2533
818
3458
155
4794
248
3927
4014
2636
793
1725
3189
2649
628
4655
2339
4775
1620
1451
2902
1828
826
1639
3864
2913
3791
2939
3420
3996
3767
535
2663
154
3241
3149
2952
1311
322
4110
3330
3985
1798
82
2560
1943
1988
3536
1574
2977
2723
3405
2058
1762
1494
2080
1174
4509
2628
4261
4548
614
3093
3450
1014
3057
4693
3905
2181
3418
3100
1211
634
1055
2340
796
4270
2814
4341
1080
1654
1607
144
4241
90
682
4406
3431
93
834
4690
1400
3979
2291
1500
2262
1468
3928
3245
998
853
3875
1142
2274
4497
1103
84
2210
4210
4849
3440
1567
1660
1556
3764
3584
1885
3144
1866
2874
4330
3588
3267
2884
2890
3007
1826
3923
2640
1525
1562
343
2542
3385
2412
2707
1110
3442
2213
1359
2107
1378
2828
424
292
1065
2377
2127
1717
937
3779
3964
3990
254
4722
1482
944
3183
3266
2907
969
496
1829
2177
337
1148
2243
4873
3968
2151
2010
2491
4809
1810
1994
2932
2824
2897
2275
434
4501
2823
3755
2504
3211
4641
4308
3540
3270
1941
1891
3599
1265
4438
2597
1410
1214
966
1230
605
104
645
4590
3088
1019
91
2870
908
2150
238
3140
942
1270
938
3229
3551
1862
1669
5
4343
3943
3013
18
1970
2709
2232
811
1300
4810
260
1804
1570
4280
2454
1743
1630
1716
520
3937
3482
1658
3472
2475
3948
3934
3645
763
4703
4326
4427
1091
3608
1101
4557
958
559
1519
4808
2484
366
3901
1948
4165
1572
808
3232
3946
11
2025
176
2488
3886
2569
3520
3760
3282
1664
2191
4891
3370
2660
4252
3578
2046
2624
3410
1185
1006
3569
3737
4656
2049
4011
269
1993
265
914
2278
2231
290
2912
2093
4571
1652
4141
4257
3039
2677
288
3107
4861
575
850
3883
1722
3949
1100
1207
1843
1848
2524
3947
1694
4181
4565
3960
233
3332
2647
4041
1711
182
1462
49
4817
4582
106
443
1954
4742
726
2238
2330
4125
169
1001
3252
2148
197
4591
3793
647
3035
4140
3733
2758
373
4774
566
3720
2895
4556
3485
1155
4135
973
3287
3627
3638
1835
2308
1840
2044
4405
4372
4732
4750
4718
844
4489
2155
349
784
47
3651
4498
4018
1439
1865
3195
33
787
4577
2627
931
2404
1685
1248
4855
92
2851
2793
764
2988
2448
1728
257
1219
1161
772
312
4386
4032
4859
2997
4279
1176
3896
1349
3775
3116
3516
2298
2871
391
1456
1092
3239
2778
4462
4441
3656
2583
3257
1372
919
4307
2550
537
1220
4271
