1728
237
2007
2718
4568
690
3746
823
3951
2443
4878
3630
4576
2582
484
448
3295
919
3534
830
4266
861
303
1899
2037
4357
2501
3564
2798
3634
4452
3397
3789
3210
71
1080
4774
862
4432
2570
593
1175
1265
319
423
2892
3967
3105
739
818
233
2311
3689
2557
1394
248
364
4651
3104
4596
1759
572
2871
1645
3514
1232
52
4675
2839
3756
3742
2251
3773
3116
3064
1504
2554
2492
1636
2134
2962
304
2175
70
3348
34
2070
1458
3051
4845
2837
3407
1069
2317
4847
2878
4673
3628
1892
1253
4371
201
684
2365
3286
681
1723
2762
3840
753
3850
3986
4204
1740
4677
1060
150
2941
3796
1145
3061
4548
793
4430
1021
2104
100
2827
1075
2434
55
4560
2589
4091
3818
4401
2192
3304
2728
3989
3075
648
61
4019
809
2745
2101
2243
2301
68
1014
1051
3169
217
2849
4573
969
93
2124
905
2121
4388
2561
1022
4370
960
3739
2074
4840
715
232
4890
3770
3275
2093
3000
3430
4111
2483
1423
622
159
431
1875
4
1676
2045
603
268
163
1258
3950
3801
4350
1718
1699
4716
2543
3958
4581
3149
1685
1881
4763
4046
339
4815
2620
4125
1140
864
2750
2638
3067
3055
2335
4295
4757
3127
2359
3124
1889
1345
944
1591
4792
1328
1757
1823
1914
459
3038
4001
3279
1675
2869
1733
299
2540
3174
2214
3419
1319
4021
2824
2664
2326
2651
4042
4393
1644
2036
4483
4520
3968
4489
3412
2000
3137
3799
2088
1955
1294
1963
4627
3467
3652
713
4133
2450
2498
1556
1018
3452
4188
4881
3853
1411
3478
2022
2781
1108
2154
3596
4385
3922
1286
4795
2033
78
540
1152
3404
2930
617
2252
2980
841
2322
4347
1615
1863
4377
4893
1214
4723
2297
2111
1391
3508
2596
2722
1827
2897
2118
1399
890
1677
4629
1410
3552
1386
320
2269
2208
1227
312
1961
4278
4259
2496
131
267
1009
3296
1769
2655
3538
1005
1951
4064
2125
2877
2043
1566
760
1977
1393
3196
4129
3971
668
4610
4663
1341
4154
3752
1921
3193
938
956
3927
3624
3502
1176
4787
3791
3150
2534
4293
908
1633
4225
786
656
1498
1160
4226
3667
4794
3827
837
4896
180
4839
2456
4546
351
3860
3335
4743
497
1109
1572
1736
2364
285
4087
4554
4245
1095
4876
1753
1831
3140
2194
2382
342
928
3857
1609
1657
2684
1828
2366
2034
363
2115
2830
3719
4138
1057
4436
3415
1639
803
4877
1947
1625
2528
2255
1524
388
216
4389
1703
909
3781
3030
4814
3254
3439
445
2887
402
8
2513
458
2307
2767
3491
4057
1734
3531
2624
3466
3088
1135
3638
1460
426
3821
3178
4827
1571
114
3266
1890
2605
4396
1848
2064
624
3241
3026
2012
4848
1663
1761
704
4803
2943
1750
1184
3847
439
295
3662
3777
407
4036
2337
2940
523
3355
1565
1015
3710
1016
3230
373
2067
1808
2667
3250
4277
2209
2979
699
1661
3717
1631
194
3087
4586
1562
596
1714
3661
4149
4331
3284
3181
3944
4788
4098
2905
2091
2777
3207
549
2325
744
1860
3696
4300
929
1206
1382
1290
2344
1764
3107
4306
4274
1772
1835
4889
3101
1038
3692
170
2917
176
177
3858
3730
1066
4210
408
2977
887
738
591
4361
3123
2907
1212
3272
4467
4608
3507
474
2857
3413
2155
4078
2233
2459
644
2529
721
4782
3705
685
4758
2947
525
147
1649
1527
3378
3913
175
3855
2708
1978
1036
3599
4580
821
594
2254
1782
3072
189
4547
165
3766
1866
3198
2339
1041
3457
4862
1754
706
1971
4136
1161
590
2048
666
1681
2584
4258
4254
4106
1131
3069
932
366
2510
1354
4831
4727
2448
2141
2678
287
1240
1441
1739
3586
2380
2169
1516
2135
2982
585
4160
520
4607
3361
2030
2804
247
4424
1268
1238
3050
1278
1163
1210
4263
1730
4745
1783
2894
3248
4114
1974
851
224
404
3081
2910
4069
2710
971
3450
395
2176
3929
1496
4516
522
1236
234
4846
3649
3810
3983
278
1380
2229
2724
2758
2668
4145
4709
4809
3672
1363
2739
3911
334
1813
4649
2046
1285
2680
2253
4460
1421
332
1348
4601
2904
428
3882
386
2370
3045
1529
757
812
646
1134
4077
994
519
4174
1741
2285
4434
1891
1928
573
2563
3642
532
4283
491
2002
3436
3575
650
1433
3558
4074
3341
4390
3510
2586
506
2058
1269
4682
2773
4564
1794
1191
3058
357
3842
1829
1390
3930
637
2939
3580
3583
4113
758
3453
3340
1216
2978
1169
2802
1980
4559
3998
4442
3356
3382
3641
3720
4004
2542
3529
1093
414
3754
1074
2165
4470
1485
2685
3421
204
4451
4617
640
1404
3097
1567
3856
517
1864
2130
1398
1360
185
4697
1381
1745
3991
230
4392
2174
3702
2391
892
425
4759
667
1266
2882
328
2478
879
2467
1305
3033
2271
4639
3651
2647
1431
4515
903
2715
4444
3314
4762
3040
1203
220
2116
3837
1587
3528
3549
3083
516
1149
3003
4141
4428
2131
79
2705
1692
3
842
605
2241
4786
669
2603
3236
1104
682
1552
218
1693
915
300
122
2746
157
2736
2461
4751
2342
4189
1617
1457
2314
1292
4464
227
811
35
3863
1950
2696
2776
949
29
4574
4657
3813
521
689
1885
4297
3446
2132
348
265
2200
2080
1486
4244
567
4832
1127
1046
4711
1055
3308
3007
1365
4492
9
199
3889
4678
1725
4246
418
3530
1669
3014
1414
2105
117
3574
4768
4628
2432
1932
3423
904
151
2833
1089
205
1973
1274
3031
168
1040
13
3760
3804
56
1121
4286
3121
3924
951
2666
2803
2618
2487
4476
2886
877
4431
3703
1476
774
4419
3749
2866
4368
727
3471
916
3405
1139
1033
4882
19
4071
613
4290
3883
1249
3683
2688
2296
726
542
3545
2465
4010
2908
2003
3579
2508
2151
4065
950
4176
3299
3155
1520
105
1804
2960
982
4043
3678
1144
2926
3447
3885
1054
4507
1790
2864
4571
1627
705
391
4770
1073
3957
2515
4616
1507
514
476
2332
1403
1846
920
871
3235
800
2558
614
3920
927
359
492
4433
2720
3119
4280
406
4665
367
819
262
584
4842
2860
4724
2081
3429
934
3711
4155
2936
1373
1765
1298
3388
2890
1219
281
1183
2354
3936
1581
4291
73
2368
2220
1815
750
3805
2597
4123
3617
874
3946
1313
3536
1309
838
449
1318
3611
2145
2445
4168
460
1787
1162
2185
251
1116
2402
4186
0
330
3981
58
3632
654
1580
642
4773
4565
4024
433
2454
4801
824
350
4474
409
1049
1893
4391
1821
387
4880
1389
1720
2901
2466
3091
741
4487
4519
394
959
4191
2851
3420
4394
2477
99
2407
134
4551
1438
4510
671
197
977
4372
992
273
264
3829
3130
891
4417
696
899
3213
214
2225
4566
3141
2683
1133
4459
1967
3907
1985
815
3057
571
2614
3888
923
4824
2083
1124
4693
1472
1773
3013
1880
1525
4054
4696
2601
1215
4887
2783
280
2500
3999
2053
1501
213
3392
1497
2360
4410
2196
2489
3120
2531
3338
4137
30
4885
2944
3928
2133
4796
2100
405
1106
3637
1063
3029
1282
1763
4044
1434
604
4166
4345
3489
3205
776
4582
2559
3393
1575
3903
4469
3464
1190
2629
2682
2138
2547
1463
2327
2464
981
3526
1375
86
4232
4418
2757
707
632
3189
691
3721
1905
290
127
3142
3434
2412
3665
1888
4346
1491
4281
783
954
4496
444
3505
1511
2765
1896
440
2353
142
4081
2403
3448
763
2828
4694
441
3823
4132
1113
1809
3267
4369
288
3755
2841
4353
586
1743
845
1687
1459
4674
1873
202
4860
493
3328
1295
1623
3016
3147
3544
1791
3148
2343
4825
1832
1195
104
438
2643
3811
83
3228
1480
3352
3204
3395
1742
1935
2756
3320
1917
1981
1300
316
1226
4465
2795
14
993
2162
792
709
4829
1635
3744
4813
154
1993
1171
4740
3588
2608
1027
1574
2390
455
4462
3192
4289
2493
2797
4858
4124
4162
250
4615
2852
1662
4886
3940
531
863
4570
3100
733
1366
1548
3688
167
3372
413
4447
1196
1170
4725
1806
22
4687
1159
1164
1247
2129
1362
2673
1749
3020
3239
1540
2707
2662
1447
3625
1367
524
3965
2075
149
354
1336
2691
4423
1800
3426
1450
182
3276
1840
2695
1231
2712
2356
2441
2374
1303
4051
2654
3618
435
694
429
1430
1934
2452
4322
580
4691
3937
4238
3386
2491
4585
1102
1492
925
3844
3733
2961
60
38
2697
375
1272
2640
2729
1090
3428
1356
1082
2375
1841
2627
4355
3277
2433
2517
4006
372
2013
4121
659
3251
2538
33
4575
1224
3956
1416
843
3377
1924
1032
796
2876
1807
4060
2049
4506
1039
1694
2616
125
4775
3019
1767
2661
1972
2142
937
307
1388
1776
1233
896
2299
2937
1310
2163
2414
717
1
1700
485
722
2829
4014
3424
2949
333
3112
2352
4835
4618
1077
3893
270
3945
3598
1774
1969
4504
4080
645
1786
3225
4219
161
1301
2490
1722
15
2526
2044
723
2319
4556
3582
81
4713
3527
198
3370
4700
1746
1065
1445
3351
1777
3163
4279
895
835
1270
3480
4818
1601
2453
1908
226
2041
2811
3792
430
1378
472
4577
245
4488
2331
3076
2446
4529
3187
243
1397
1417
1857
3144
4427
3216
1287
240
1122
3879
3036
4194
2497
2181
3673
3992
2635
576
3065
911
2806
1079
501
4340
3041
2875
164
1642
2679
4276
2769
2958
314
308
2341
1584
3520
1535
3783
1751
4500
219
4265
353
1442
4063
4287
2808
4817
2951
2092
4237
2312
4223
2399
3226
4056
4222
1900
1534
4118
155
3367
2062
1017
3218
1839
933
4122
4408
2272
378
4477
1689
3614
1344
457
3157
2898
1034
1671
2183
1237
1930
607
3358
4764
3455
639
419
910
4844
1619
2463
3647
3325
643
989
1193
2663
4645
2733
1043
4735
655
4830
4067
2250
700
2333
2778
1202
1877
4082
999
3194
4344
49
1688
2923
102
3223
1545
1444
4635
953
3616
3399
3985
3955
3964
1343
3724
2284
3336
546
3741
4231
1409
3431
3987
2392
1968
3664
326
2566
4493
1101
884
4686
331
135
2658
945
2997
140
1508
963
4662
2377
2201
2768
2953
2182
1221
886
1834
4509
1001
2809
4205
1479
1029
3106
3485
1862
1326
4273
2793
3866
831
1424
3718
3201
3898
4338
2098
4035
4163
4599
4810
3363
3977
1123
2770
145
4661
2805
4652
3666
984
1768
3414
3034
1510
4267
987
4753
2612
2388
737
2024
3095
66
548
1153
4486
3258
4256
4328
2548
3772
2985
736
381
2011
4037
2858
3735
1321
3512
46
2966
3584
242
4744
3594
2072
4421
1475
4302
562
3301
2631
4557
4425
3750
91
839
2275
602
6
4207
2704
1515
115
2987
4537
42
1146
2846
1083
1035
2320
2772
528
3645
2505
3063
3171
3824
192
807
3133
2532
3158
4594
2507
3398
2741
986
3581
867
865
3046
1291
3778
1114
978
1611
420
3589
329
3047
3960
3334
210
3391
4800
806
3401
4841
2001
2438
3980
275
4622
2152
3374
638
957
94
241
882
693
1544
1557
2166
3680
2158
618
4193
2619
188
3109
3704
2338
4606
2257
1696
942
4358
1785
1466
3259
84
802
1667
59
4294
3525
2029
2506
3891
141
2727
1719
4282
3736
3115
3738
69
735
2005
2755
464
4102
235
1087
2147
1543
284
1822
2161
4626
3513
95
1604
988
4343
4402
4407
2884
4142
4619
1795
2411
1026
2766
1530
3122
2204
3460
512
3816
340
3102
2799
443
238
1264
4872
1364
1666
2825
4491
4409
434
3131
1156
10
2920
2812
473
816
3005
2248
4079
4365
1770
4382
2329
2386
1020
2760
4096
1289
1647
4602
2306
3499
3156
3553
3836
1357
2796
362
3569
3849
976
437
3307
4461
1775
550
1174
3056
4584
1419
1429
4719
3172
836
116
3878
2838
4749
2972
2845
4012
1925
4426
1792
4517
1536
2759
4533
1959
1275
3139
3344
2994
2694
2108
466
3479
2207
4466
3615
1588
670
4664
4807
1494
1273
2249
1168
1453
162
1793
2617
3870
557
107
2844
2258
2315
1220
1513
228
3442
791
2693
1067
4539
4034
2369
770
3809
3865
724
4540
3932
2713
579
3590
2560
2429
3090
958
4598
2474
2480
4680
341
2872
3319
450
4720
43
712
4040
3595
2289
4737
2346
4003
4022
804
661
475
1762
51
3364
4808
4648
109
2868
4494
4228
4180
3214
787
3841
1603
1628
998
2669
4879
3310
881
3383
2764
2933
337
3418
1678
1261
1418
2893
2051
2832
1331
872
974
504
293
1756
2423
4416
3195
1094
1585
4025
4128
615
768
133
1097
2774
2494
4404
3023
3532
1912
829
108
3011
3533
4597
222
2873
1204
2247
1225
2991
1997
630
3274
2419
1607
907
3646
676
2687
424
1422
4857
4802
3597
3366
2641
4317
126
1315
3635
1473
3806
3190
4658
3748
2422
4562
2408
4311
3126
468
4892
2925
1293
952
581
2021
3049
1257
3179
3165
2449
1621
488
1330
4501
2218
2686
1148
4354
2096
3077
2140
3265
3303
4631
2406
1982
505
2436
2187
4363
3567
2565
3417
1600
2318
3024
3600
174
1299
1243
325
3897
1976
3714
119
3339
2211
321
3656
92
3725
3343
4017
3305
720
3298
3484
132
2792
885
3978
2052
1207
5
382
565
955
2095
2957
3495
2518
633
103
4255
566
17
3854
4747
883
297
619
4181
3297
3048
3934
1686
4134
541
1943
2692
2749
626
3758
2787
2867
2069
4192
4209
2928
2336
1353
2826
249
2146
4689
358
4230
2025
3591
4313
1037
1568
1716
3177
3197
4090
3845
4730
1630
868
4055
3524
3776
3406
754
2569
714
2521
1342
3751
4521
470
3894
1059
1437
1697
4316
4292
1242
4755
849
3795
196
1748
2639
2599
2293
1239
2989
1255
3592
826
3219
3848
1962
940
3605
32
4029
478
1042
1154
2689
396
1799
4380
1820
4884
4563
3346
172
3697
4867
4532
609
3822
112
1779
4708
4190
1737
3515
1420
3263
856
4512
1296
1606
2004
2665
4797
2816
3080
2085
4062
4381
2038
1650
4806
4666
3506
873
1246
3825
2458
1953
3713
2594
480
1989
3504
3053
4086
2122
2090
4572
4203
3650
3264
779
3684
4127
3497
2935
2719
4002
3926
3658
1843
3966
3817
4229
964
1702
1446
256
1396
4252
2583
3409
869
2334
1648
616
1368
4085
3686
2965
4356
3032
3565
769
110
947
1100
4676
623
1178
2160
446
1339
1271
1858
322
913
3160
3974
1519
2078
1856
436
985
507
276
3994
4335
3376
4604
3566
3699
3290
1177
597
1526
4269
4518
551
2237
4472
1626
4170
3556
1091
1680
2999
156
3117
2413
4683
4863
2440
4315
2197
1213
4236
3054
41
2621
2870
4798
2626
2242
636
808
4769
1297
4320
4364
2550
2653
2385
494
2859
160
2481
2350
1724
1789
2340
558
1948
1478
2221
4752
4374
3098
4679
3234
592
2613
889
2244
3287
2018
2485
3979
3880
3435
1570
3438
3220
771
3394
4765
2555
323
3365
20
719
286
4147
4413
2276
1913
16
1637
1532
1514
1405
848
4714
347
2814
1901
4038
4699
3706
3379
1960
2323
1559
1474
3028
4819
1230
2179
3838
4398
966
40
2488
3182
997
2471
2156
4415
3242
4088
4016
1910
4243
4511
1208
1964
3871
3851
3099
1717
734
4333
193
621
1712
2119
1653
45
4498
924
3963
1937
4535
902
4182
4587
1803
4235
2955
2932
1490
2347
1509
463
3027
4301
3191
1595
4337
3349
3384
2611
1853
3952
3785
2268
3311
1784
4053
2535
3425
26
4249
2906
3215
1136
37
2519
4642
3633
1842
2087
2810
1137
2394
4543
2609
2357
4783
653
1869
113
82
1805
1538
3655
3931
3659
3060
4435
1705
4583
3465
2836
2149
3803
2290
3103
4275
1495
3001
3170
2469
2308
1256
3784
2050
2355
3441
2578
3315
4823
731
4536
212
4285
3660
259
1329
1965
2564
2173
625
4705
1053
1129
2699
1071
3732
4593
543
3690
377
1493
2789
169
1817
1551
4475
3607
4589
481
1340
65
3483
1554
4422
2262
1209
526
4499
1471
3503
3988
3416
1656
3021
456
3494
1448
2032
1500
3159
4650
1966
3677
1594
3012
827
3695
4050
1542
136
680
3873
559
1825
1638
3763
1760
2086
749
2956
1577
2205
2071
611
3685
208
1110
2539
1715
3872
1068
2216
4075
1778
3548
3300
3362
1455
3727
4119
3654
4750
2186
4027
1502
1047
1589
370
544
465
4790
2763
2598
767
3318
762
1311
756
2396
965
1727
4167
3629
2324
698
2533
306
2261
2009
2400
2725
4555
4399
4066
2571
2588
1872
1004
4799
3996
1407
289
1130
4653
3202
1138
3670
2813
2026
2076
1408
4334
664
4772
266
1031
3092
2623
675
4151
975
254
3546
1440
900
2484
3774
3846
393
3808
4542
1186
2634
1576
489
4701
2903
1849
4854
54
577
962
3294
1798
3459
4669
1878
2546
1172
3084
4623
4484
2537
3321
3359
2191
701
495
2274
2716
4805
4268
3493
3570
3118
761
4640
4028
4195
2014
4384
3679
4636
1338
4326
4103
2753
4777
3306
1482
4173
335
1906
3995
2577
4312
716
2387
1426
111
3492
530
1189
1499
702
4780
852
3322
400
4544
2226
3268
1956
4732
1283
1942
1320
3357
4455
7
3010
1691
461
1469
274
4070
4760
1695
2896
4894
1023
1346
4360
1850
1812
4621
4325
2848
2462
1323
1477
3539
2017
612
3261
3042
4855
3775
361
3832
3793
4503
939
4314
3852
1200
2954
3905
4183
2995
1995
4367
3161
3167
469
2942
2717
271
1468
2998
2656
4327
4643
2632
4329
3475
3166
3523
1361
2606
1327
4284
4558
3636
410
1999
2552
2060
1598
3501
662
846
3110
3111
2126
1147
2709
539
4018
1553
2117
2099
47
3231
2600
173
4717
3183
2734
3745
1882
755
3648
2891
3753
2153
2128
3270
1945
3353
1970
1205
2468
2975
627
3769
2027
1895
2424
4641
4261
4761
4704
1332
4303
832
2240
3070
4324
3240
973
587
31
2593
3309
4458
1729
1876
2435
4541
4349
3587
1198
3278
3682
3993
3403
3018
870
595
2883
3906
980
1192
3128
401
2915
1690
781
1920
4457
1302
2969
2420
2735
2234
416
2195
421
3923
1941
255
2097
1996
2967
1975
2193
3461
563
4310
1990
3820
4703
4178
4375
4526
1531
4076
1157
4505
3554
3671
1011
4400
2106
1435
3861
2428
1244
3331
561
1731
3640
4707
72
4108
3925
1927
3541
1788
178
582
4047
1801
1158
2628
3002
1590
2672
482
1352
4240
2652
2065
4319
4534
3867
2794
4722
4414
508
2902
3255
564
2959
4614
376
2821
3982
1379
2395
253
1898
2
2986
710
2280
1028
1280
1546
2807
817
3910
3694
2107
4429
600
1651
2305
4107
269
1818
4672
1456
1425
3644
1539
2291
834
4605
2042
4850
2610
1646
4685
3188
1954
4199
2572
635
649
130
2349
447
1223
1826
1592
2856
1322
1618
1998
3410
2495
1949
1632
1854
4738
1721
3062
4101
158
4866
785
2213
2281
279
4870
3288
4307
4710
2818
2889
1851
4578
2970
4048
2946
1358
967
3834
3486
3138
4144
1923
1025
2786
3830
3186
1374
766
3593
4443
1432
536
1758
2853
4625
1092
3643
2835
4264
1616
1852
88
2157
2630
2702
4528
3972
2511
2576
106
588
4084
4741
101
4420
3780
1578
2447
379
4058
2822
486
1483
298
3437
183
2650
374
1987
4852
4600
4603
417
1622
368
1439
4288
2788
3015
4647
2304
4206
1128
2084
1084
2230
686
1402
2362
2520
2895
893
599
1125
2267
2993
3631
4671
1747
4323
2309
97
2752
775
725
547
3449
3071
356
610
941
4202
1871
3380
2303
1573
3463
2914
1655
747
1132
1024
3396
853
1673
39
371
3456
62
4742
1940
1118
2785
4667
2316
3698
2931
2439
138
673
2625
2123
2384
2188
3229
3086
4148
3663
606
1117
3291
3302
3919
4620
3737
380
4376
1660
926
2371
2256
4728
1537
1098
2148
4007
708
2587
318
2636
4684
2553
1030
672
4131
3747
4767
840
3764
1517
511
1939
2703
2690
3921
4116
2222
3125
2714
897
4811
1708
2523
1263
2292
411
2282
4395
277
2579
2114
2592
2525
4660
4864
1811
311
2964
3771
1288
3876
90
743
2847
3639
3602
888
4538
120
1400
3709
4654
3941
2035
4208
553
2732
598
3626
3221
2398
384
1245
1810
4690
4272
4092
746
221
3323
3734
2023
187
2530
2167
3948
4140
3609
260
4776
186
63
4437
3146
2006
2744
1558
3469
4150
239
48
392
282
2988
1608
3333
575
1582
4179
683
3620
3326
1008
209
4342
3292
3716
3199
4843
509
181
3237
2047
2522
1523
80
3543
124
3904
4013
1262
4213
3208
4784
3914
1081
2731
3185
2109
3551
2431
855
2136
1484
1614
2239
968
1874
3831
77
4120
1738
1103
4833
2389
4446
4550
789
1988
2909
3233
2401
4296
1449
50
2747
454
2246
3613
777
2418
2562
1228
3577
2659
2674
4159
3912
1654
2602
773
4052
3886
4215
914
979
1111
1897
1894
1658
1443
2996
538
3217
4039
2082
2219
98
631
2264
206
3313
4513
3082
2861
4126
1994
3200
462
3211
3509
1944
4851
2236
2927
4008
1771
3154
3557
87
1706
2945
1412
3571
4165
2150
313
3700
1151
4778
1452
283
3347
2345
1583
2476
3864
2321
4030
4321
983
1859
878
4897
1316
995
2066
1281
3153
4175
2405
2771
432
3959
1915
3723
4756
1713
2843
2536
3375
1002
1847
4785
21
1991
4298
261
1235
857
1555
1579
191
1836
1926
4379
2383
1371
3915
4336
4198
4702
4804
657
798
302
2711
570
1062
2545
4005
677
4241
2981
3559
236
4373
76
3093
1735
898
729
3708
3337
4793
2008
315
3271
2409
294
1173
349
4352
1007
3576
2113
352
2430
4579
1550
1837
4522
1454
184
1664
246
2880
4670
740
2210
4221
336
3953
850
2834
3252
3608
2819
1284
1709
118
2633
1415
2919
2948
4668
3173
2184
1886
4739
2504
4853
2159
4095
894
360
3731
4020
4883
3143
121
810
4779
471
2971
3068
2604
2676
2143
2840
3176
948
2479
390
1324
1488
4856
4655
4197
3976
137
4567
742
4531
4552
1180
3345
3468
2300
1819
143
3244
3797
3537
403
1938
166
4821
4251
3572
2751
3164
4441
3443
3496
2351
4820
1181
2455
4109
4766
3947
4789
3859
179
3787
3134
2056
1337
2660
1376
4187
1349
4304
4247
569
4733
918
1845
2283
310
4139
3743
309
1199
4816
4637
3222
4000
3601
2381
4644
2202
1569
3078
2700
3354
397
1931
343
2899
4032
1909
711
3839
2823
4450
4164
1564
2922
1979
4659
3408
1000
2855
3786
2457
3681
4104
257
3350
2330
1229
4634
4869
752
4260
2556
4214
317
3516
1064
4871
759
2103
1780
880
3427
1844
1665
477
1610
1868
1652
3498
2681
4201
4478
4068
3815
1597
583
3482
2266
1251
427
1707
272
4406
1624
2404
4135
4105
3059
3942
4865
1155
3454
2061
3762
4895
3874
399
1179
2670
3908
3474
1276
3113
2990
687
1521
4305
3610
1088
3826
4220
2885
4094
2649
1593
4734
1489
1201
3445
4359
2721
3726
3324
1234
3833
2737
2524
2740
4873
2642
305
89
1684
3668
2854
1355
4681
1629
3162
2206
2055
252
674
2451
1814
4692
3788
3373
3206
3691
4448
1541
1512
3560
53
1503
3542
1487
3458
385
2503
2748
3273
1586
3954
4482
498
2499
4242
3828
692
12
223
4449
1563
2913
1918
2235
3096
4630
3039
860
2068
3433
1058
2199
1143
1701
2363
2295
3227
1347
1838
3807
4836
96
3400
527
1726
628
1670
1560
3949
3243
2372
4726
2238
3238
490
4218
4561
1304
4454
3761
3073
4011
1668
148
2358
703
931
679
4439
2245
936
3674
345
3432
1308
4169
4440
4549
146
2544
2010
3022
4524
4479
1260
4403
3066
3440
2444
3342
2120
1902
3657
1012
1802
2486
2127
4397
4351
4438
3085
3943
4009
4157
1377
2863
2754
4495
4217
2102
930
3224
4588
2228
805
4271
1056
2217
4771
529
3693
4826
4590
2259
3481
3902
4250
1465
36
4171
211
2475
4715
4196
4592
601
1505
2784
1481
906
3246
1833
778
2416
996
4834
3701
1711
1916
3293
1884
1879
3627
2172
324
355
4153
4473
3132
2723
3765
3896
1072
1314
2057
1277
820
1907
3550
1883
2622
730
3152
2791
3540
876
4718
2677
535
503
3563
4502
568
2983
1312
3961
678
1350
4341
1620
3622
1218
2591
3136
479
3518
2615
2585
1599
554
641
2646
3917
2178
3473
2698
2780
4239
4224
3175
4695
4591
3997
2112
552
4612
3722
1596
2482
1006
3009
943
4736
4309
4308
1052
3253
1048
398
64
2648
4445
1659
1467
3990
534
1752
4497
2472
972
3768
2761
3487
2232
225
203
2223
3247
935
3025
2580
123
3037
3790
1679
3935
2442
2470
2189
3360
2575
4508
1252
3168
3262
1096
3729
2992
4073
3603
1306
2675
1682
2376
1120
3281
3835
2742
2924
1958
2348
1861
500
4270
3245
4712
2527
1887
3877
4781
4481
533
2918
2568
3890
2015
3006
1325
2170
1766
4185
3687
1744
2224
2079
4888
1613
2417
2180
451
560
2671
4143
3547
1385
4200
3561
502
2328
412
3562
4553
2514
3522
496
4233
3869
4624
515
1451
3411
1528
2541
1115
772
4849
1003
3004
1188
788
3875
2039
4146
3129
2019
2287
1333
1050
3728
3521
1561
3387
1413
3887
2701
4411
3740
1105
3939
244
1241
2645
1797
2782
190
3901
365
2551
1904
467
854
3535
499
1267
2310
3707
3975
327
4525
4721
4632
3285
344
3962
389
3555
487
2421
2850
844
11
2460
2706
4097
75
1013
1427
2963
3232
3892
1865
4045
2277
1462
1986
922
4026
748
153
866
2790
74
338
