2359
3946
4199
2017
986
4705
1826
3833
3022
502
3650
3397
1953
2045
2691
3402
4027
3895
4232
3061
1137
84
338
3497
2966
883
1666
364
510
1519
2807
525
2888
3961
1101
186
3151
4293
4090
1952
2503
871
1973
1962
1213
3905
2922
4788
1473
2613
4488
740
4748
3454
3884
2346
1260
3197
3603
2788
4465
1338
4820
59
306
3050
1157
2674
1563
2512
3031
734
2119
2650
1408
570
3086
1452
1006
4889
4577
361
1417
763
2072
713
114
4240
854
1481
2743
1128
4242
3925
1119
4406
1886
4524
57
2893
4613
4319
4834
3403
1419
2686
1151
4267
1841
1018
4326
442
2719
2520
1725
3289
284
3770
197
2537
1165
4744
4284
4848
4449
1854
357
1066
1695
679
2451
31
673
953
2170
1307
2915
1984
1685
1164
1222
2332
3797
1351
2006
3572
1932
2174
3939
1240
3460
3264
4067
983
417
14
1485
759
2624
66
4328
4160
2176
2415
826
4517
240
3956
2013
1180
4151
1660
2236
972
401
4732
2642
4535
4884
4869
4868
2357
1745
4897
2908
3666
1587
1033
1557
721
2640
3626
1588
2110
4799
2886
878
4248
2593
2185
666
1500
4842
1382
1396
1034
1736
2690
4420
2883
2067
846
281
3273
2330
925
3539
77
4075
1349
3677
385
3174
1142
3690
1583
2496
1087
997
2846
40
2875
2982
1510
388
3227
1080
3378
3121
1092
965
1232
2944
771
3146
3699
3153
4222
3896
2392
4555
1750
874
461
877
517
1636
1469
1928
3641
4418
3412
1544
3194
2135
440
3687
250
126
3619
3091
2685
1448
4769
2970
3390
2306
2513
3528
3319
1703
1160
3795
4815
2779
4366
3983
2729
801
752
4719
3006
2725
1507
728
4044
241
334
1043
243
3727
2522
2313
135
663
4658
2714
3230
4210
4513
4166
915
3304
1303
576
3140
1379
857
694
3311
3015
1845
2562
1595
2581
2670
2252
164
72
1584
2356
2728
2902
1492
4728
4711
4215
3471
3667
1652
2705
2090
1642
2153
2253
374
2907
2012
1493
163
3422
2631
3448
3818
936
2369
4313
1333
3459
2722
1409
1646
2390
2051
1255
649
3092
1445
1968
3037
339
2169
3717
2762
1787
781
969
701
1592
2448
533
3828
1896
3674
4652
3564
3049
3339
7
2483
4454
3981
2552
4673
3535
3064
1036
4397
4774
3455
4639
2043
943
3810
1385
1135
422
3466
2645
4433
3379
1834
3974
2551
3774
4813
982
830
2570
4150
4487
4538
3671
1197
506
1823
3726
1958
1226
4833
267
4013
2180
3102
317
3134
3404
3126
313
327
2684
1999
2742
1561
3595
1020
2881
2583
2975
4565
1447
3249
1203
4862
2167
4009
2519
1000
634
322
1173
804
2831
706
3556
4805
1508
1648
2872
2141
2370
1170
511
3199
837
2212
302
2926
23
2235
573
664
550
1558
1567
3095
3133
4126
4030
3979
4548
1877
699
2627
1421
2439
1418
3555
2802
2315
3933
3277
1439
2899
2157
3525
1902
4316
3434
1777
615
1141
2582
10
1261
4205
1814
2215
4249
639
131
1090
4224
381
4664
3206
4481
2477
1541
3046
4831
435
3052
1223
1607
2692
592
3000
1579
4342
1425
3899
4764
4782
1537
4388
4615
3237
4028
4398
308
1644
2276
792
3290
2637
2796
2977
1658
924
100
2629
367
1411
3616
3462
1623
330
989
3468
2203
4092
2938
2432
1262
4494
2882
2671
4777
3545
1399
2864
4146
1179
1539
4121
449
4270
4856
4211
2471
2443
285
3219
1909
3458
928
4456
2420
2025
3751
4634
952
1866
353
1924
472
279
4708
3977
3073
1812
1347
1538
2091
2165
1800
2755
4830
3035
4707
1548
3225
1517
2683
2894
1712
2751
12
3171
725
2984
3601
4485
4541
3279
3883
4102
1075
565
3041
3994
814
3282
4846
4245
2739
3655
1860
1236
3811
1673
760
2139
2037
4703
2814
1328
3441
4173
736
2661
3124
2207
4729
390
2014
1156
4589
1706
229
4642
2775
3951
2342
4035
1271
993
3325
718
4341
4787
2209
2187
709
3665
3993
3381
4338
3768
1392
4357
2924
641
803
1698
4498
2856
3445
4041
4531
1709
3085
1292
4330
2678
2579
3139
898
4081
1217
549
4206
3193
1162
2909
3362
1719
2720
4714
3708
3845
795
2355
3593
547
1206
257
3889
3314
1041
887
2192
2016
496
4532
1017
1430
4491
2599
3040
3486
1641
35
4893
76
2527
432
2574
321
2102
1051
3214
278
2718
1280
2093
3584
1560
3048
1770
3479
3891
1714
1875
2444
4875
2184
4757
403
1985
1467
567
4408
3779
1242
1509
4702
1337
2404
4628
3835
4717
1321
2344
1590
4668
1975
1564
1524
2874
2275
4619
92
2673
3303
797
4345
2457
190
599
3675
1035
4317
1551
3878
2626
4586
604
2677
1920
3924
2983
3388
4087
176
444
2081
646
1989
1850
4123
4851
1326
2189
1613
4582
1610
3503
2871
503
3076
1722
3322
424
764
2843
4440
2117
2319
789
3152
244
2963
2386
4479
531
2865
2954
595
1858
1133
3609
824
2462
3107
336
2914
1471
3252
2773
4066
318
3288
1872
3350
818
3670
1995
2182
4692
287
342
4551
252
329
3505
3841
4512
4042
3183
2916
1054
4578
4827
609
4040
3561
2822
3578
2651
3927
3444
1339
2026
787
81
4416
1882
4297
3673
4629
3962
4797
286
812
2612
2951
265
2363
1618
1083
2736
4562
799
429
3163
1059
2758
4666
4306
3592
3863
2792
3501
1805
53
3389
4435
2655
3255
15
4478
2600
2436
2506
4750
4096
3987
1614
3308
2305
2003
2586
806
454
363
2116
1773
3743
4335
838
3910
1244
1861
1167
879
2675
584
1386
3108
4718
882
2256
1772
1241
4004
3247
656
4077
2154
938
1617
1775
3906
1147
3059
2540
2092
3355
2635
4536
1769
3623
3765
4809
185
154
810
3992
4661
1002
3753
2393
2134
4315
1323
984
2591
605
3377
1514
148
2510
1302
2296
1239
637
1624
2808
4550
1071
2461
1212
1393
2759
399
4690
3875
2870
3195
3712
3668
3880
3324
1767
2695
4387
1602
2992
3945
110
4167
1948
2333
416
2309
1181
3943
2969
425
1791
3922
356
3270
4847
607
3918
2956
3275
3429
1031
963
227
661
4273
537
1342
2279
4475
1309
1693
1901
1344
4549
25
3839
4141
688
4410
2220
575
2371
3352
3965
2707
1037
1550
499
841
2488
3678
4871
2769
1627
3489
2968
3080
275
438
891
4648
4407
470
2610
4217
2284
4455
4739
3066
2658
3612
3055
4411
3235
632
940
2384
1150
237
4680
654
3846
4452
3416
544
1578
3016
2047
2079
1140
3421
3812
2997
251
3907
3736
1121
2022
351
4117
1286
3991
2223
1365
1917
4476
3394
483
4142
930
3115
695
4450
1299
3932
2029
2810
22
1903
3034
2101
3840
3228
1978
2680
4401
2713
1993
191
3836
3481
382
3356
3872
733
999
1438
2892
557
1536
3296
293
380
3832
2964
1711
2508
2152
1480
4854
3184
2576
1327
4384
1290
2397
2336
1863
1114
3508
2641
2543
170
2704
2487
4502
3043
2289
4039
2646
3494
3613
400
890
1945
3285
3400
2004
4596
3722
96
2310
20
156
1341
2109
1038
3911
1621
1056
4883
3823
4855
1939
3948
1391
2709
4261
2607
67
1040
1457
3343
4823
3585
1270
4006
355
1591
3211
1060
1723
1562
230
2105
3999
3081
3120
3610
4152
2244
44
173
3399
1655
4103
892
3570
2760
3269
4350
3847
749
3190
4858
120
4492
729
4698
2140
2701
3651
1889
569
2604
3142
3069
2424
1346
4647
307
3734
2057
3971
488
1245
727
3209
4354
4054
3614
3054
1010
3465
3622
2521
3607
4055
2270
348
1266
4304
3105
9
2400
4300
2693
2840
2929
536
3221
1657
1988
1189
4477
2
431
2033
4132
3232
1412
394
2427
1806
3967
968
2608
4688
3002
3703
4439
2349
4429
3558
220
2597
2387
3014
4793
1630
4760
3879
3075
3581
3024
3492
542
1574
4836
4264
337
2940
4032
987
2665
1100
4591
2070
305
2569
2403
2936
2131
3866
4190
3819
332
1980
4557
4840
1927
2568
4872
3590
3930
487
3018
2202
1257
4154
2930
4697
1788
1598
415
2828
1
4268
3467
3307
3013
2008
3877
1490
1311
3198
4601
2911
675
2656
74
2080
1113
3541
418
2976
606
1407
1535
3231
433
2009
4499
881
4302
2388
255
1372
2308
2585
612
1808
4659
2913
4062
2851
491
192
1859
184
2124
3894
4693
2412
4569
4765
828
4119
1580
2147
3867
2536
2454
739
2142
4803
4609
1947
4239
1400
1857
61
2809
1998
2143
55
4537
3182
2934
2542
2832
368
4500
1032
1192
398
1184
1873
1029
3731
3652
1283
1774
2841
2453
985
3553
4650
2544
2817
2466
3975
1332
4279
4885
1749
1944
4144
4874
4752
3236
3088
3483
1529
2073
2584
4049
555
4738
1894
2485
3685
538
4202
152
3869
3087
2129
1565
3490
880
3686
4592
4784
2498
1436
2399
4463
4778
3128
1102
4016
3602
3357
3569
1765
4595
1822
3239
2950
1639
3407
3900
3898
1697
2126
3574
954
3443
2324
2159
2939
3293
3944
2489
2257
809
3424
3003
3805
3090
3188
3885
3510
1599
1369
3912
19
747
1795
1472
1387
1381
2614
3344
2988
123
492
3337
1118
772
2636
2164
2075
2225
280
1108
1575
2413
2985
90
4495
203
1668
2351
526
776
2923
4506
4311
1802
757
249
4074
2407
4464
162
889
884
817
1888
38
1581
1582
2316
3200
4200
4403
4791
591
4667
3172
98
1997
3758
4814
744
3767
901
103
3438
4695
143
2935
3660
2217
2879
4808
1285
529
3882
2577
1185
202
1265
1058
996
246
295
2058
159
54
4133
1531
863
715
408
109
3485
3168
1727
1111
1007
2023
217
819
2625
4179
500
667
2606
3806
3752
4275
4560
1131
1468
4259
3176
3071
1166
2735
2781
1225
2643
4282
497
4730
150
1442
2494
2826
4409
1191
3410
4759
1273
4287
3229
4389
2445
117
4751
3493
2669
3871
1868
3212
935
4118
4430
4251
2994
179
215
4390
2263
2422
1972
405
277
2340
4510
71
498
1078
2273
2532
3955
4721
3802
1211
58
3663
2960
3160
3333
1576
2010
4220
921
1345
630
600
4638
214
4421
1521
3005
2700
2138
773
4624
2999
2931
4734
2099
1603
2880
866
4329
1085
1704
2285
4069
3484
4238
216
560
3439
3472
689
1690
528
3291
1922
386
145
836
2632
3594
631
3957
1943
2272
1869
3372
2823
2897
4489
124
430
460
1499
513
3025
4859
1688
2146
527
4178
4545
848
1625
146
208
1015
3990
4376
3803
1737
4861
2368
50
1319
324
480
2959
3785
3365
493
2389
581
2472
4189
4460
4633
738
1416
4301
4084
1228
2511
4083
2710
3843
1340
756
957
2598
2740
3057
3122
235
1951
786
2036
387
2824
91
4057
3921
4241
2474
2460
2144
3286
2265
3953
1484
2100
3733
1444
301
153
242
2590
3292
4001
4127
4701
1317
2034
2611
2962
2995
475
3769
4362
3165
3419
1446
375
4678
3340
3096
4825
908
4598
2312
4256
3829
3909
3520
1976
743
4046
3284
2767
1470
3718
3338
1930
1277
4645
1312
1358
2623
844
3044
4616
3754
4811
1726
4863
4322
2937
1045
3786
4441
1518
691
3047
2534
3440
4365
3316
232
4610
4832
2374
2071
916
136
1335
2019
4559
1146
572
1413
1082
3271
260
4879
3698
2920
4164
2417
4169
2803
2980
2649
2364
4528
3870
3827
3113
373
1585
1320
3245
1616
626
4181
4637
1039
2698
886
2133
4290
1554
1107
1153
3903
2943
4125
3302
4295
3985
1683
505
3748
3801
1194
354
4600
3773
4876
783
540
4583
1139
1964
1377
4608
3604
4644
2381
3621
2130
2754
1940
4058
4116
2845
3732
1853
2561
3600
4767
992
1721
601
1069
3741
3474
3701
2264
3341
4785
3226
3011
223
70
471
2297
2793
671
4014
4775
1243
1934
1055
4159
912
4434
4192
784
1929
4008
1946
2861
4870
977
2884
2007
3766
407
3097
3790
1401
4110
807
4045
2835
1047
918
3892
1016
2615
558
4723
2965
1720
1152
620
3203
1298
4201
2064
1246
1264
674
1293
2232
1659
4677
903
4137
4100
1809
2123
421
1856
3934
1296
1267
122
1174
4887
4567
4024
4263
4091
2860
3853
3778
1227
4136
2053
3575
27
4694
319
4359
1937
3177
3393
2365
4617
1555
1729
4193
548
3715
4012
2434
1949
1608
4504
1491
685
1692
4740
1072
3396
2044
1776
1388
1632
1906
3788
3642
2711
46
1149
619
616
3079
411
4683
3851
851
3658
959
856
922
3068
4428
3328
3697
3931
1837
779
1996
2919
4109
3562
3039
4064
1527
1622
3959
2468
2917
1966
427
29
392
4459
1577
3825
847
300
1883
4228
710
1782
2869
1687
2052
4186
2565
2517
396
1572
4812
3405
2723
309
2323
2302
2446
3793
761
2286
132
995
1023
1475
4818
813
2557
956
3531
3557
4020
2455
3978
4113
853
271
3755
1175
1669
3514
1790
3349
3822
111
1110
3258
4773
2476
4852
4246
1095
3794
1122
102
2291
2398
4527
2535
2145
2812
660
3192
1798
24
1604
310
1159
1752
4021
1955
1355
2770
4699
1394
4089
3161
859
34
316
1699
4670
1190
3320
161
1498
482
3119
906
462
3791
1370
115
2376
4493
4802
2421
1005
4129
189
3624
3065
3952
2341
1427
4581
3309
1398
86
3582
820
3729
4413
113
51
2749
1981
1815
1878
4819
4735
4604
2890
1586
3351
3662
4671
1428
2405
2195
468
2245
4321
3815
2277
4841
1556
3029
1201
678
1747
3215
4685
3150
3347
3470
87
234
3360
2949
4755
1611
296
1921
2401
3406
1846
340
4681
4640
4149
2334
3692
785
4540
3724
2162
4663
205
3116
383
973
2776
919
1429
2233
1229
2028
4386
1573
4002
2891
1528
3248
3742
1676
2103
1827
4274
94
794
2380
3777
4798
3132
4033
4011
4155
4716
3408
2589
2240
3336
4606
585
236
522
737
2998
2473
588
3653
1130
3858
1781
3702
3560
3986
3617
2299
827
716
805
1258
4522
1867
564
1329
2545
3838
3223
4801
3643
4250
4564
4101
4332
545
4099
4790
635
2311
2756
4849
3283
1512
4221
3265
169
3916
2260
2230
1839
1664
1218
1691
4684
3482
3681
4373
4226
3615
3217
2953
788
2094
4347
4792
1089
3719
3072
1862
580
2281
1455
2354
1081
2327
3009
1569
1012
4231
2638
1356
852
393
1760
290
602
68
1547
914
4047
4063
2715
2247
4816
507
4451
4252
1353
3298
4157
1424
2054
2201
1026
2789
4795
3787
2035
3012
4364
2945
1522
3392
2901
574
2806
735
3587
2431
3706
3143
1383
3376
2151
1847
4866
2738
3563
1874
239
657
4022
3759
4204
1437
815
1065
2128
1707
42
2065
2108
2518
3949
3187
4378
2191
1679
2268
4005
270
437
3147
697
3257
3144
1024
3887
2251
1456
2391
2761
1967
4203
1700
4783
4131
904
2979
913
4369
245
4185
2859
875
21
950
2799
3757
2833
2362
4213
1061
1759
3062
4473
2122
1126
3980
2559
2752
1482
490
2753
2904
2089
1784
130
3391
1597
3430
975
579
138
1463
1315
2214
519
4194
563
4771
1042
4402
2492
2721
1740
1088
3169
823
1487
643
2816
1256
4260
1851
732
3537
3583
3890
2292
4147
2795
2594
2668
4114
4843
1553
2479
2813
4230
966
3972
2942
2068
4895
2020
3274
2271
2957
473
4280
2409
2906
3596
2783
2478
2168
755
3112
2085
1477
2563
4175
4148
777
366
1994
3540
3548
3683
1013
1755
1186
2395
180
1530
1914
2772
723
677
2657
2746
3588
3435
4646
1502
1764
4505
3224
1799
3417
2050
2525
624
1640
833
583
47
3780
4446
129
3384
409
264
2377
4399
3364
552
3053
4655
2307
476
2947
1281
3260
1220
3808
1594
1129
3207
4503
3632
2912
4111
3423
4574
37
1405
1359
4422
712
2726
849
855
4060
2383
2750
1453
4135
1300
2246
3157
1925
543
4867
1766
4105
598
4018
2282
75
3865
3656
2524
2353
1079
4733
206
553
3816
3597
434
4348
1804
4474
4623
2619
1183
1052
2084
909
2198
294
2475
1234
3218
655
2825
3960
4187
2411
221
796
4097
489
254
1451
1897
774
4462
3543
4573
509
349
2652
2352
477
3428
2423
3204
3526
4177
1710
204
1459
1762
1871
4896
344
1097
3369
4886
4554
3216
2560
4618
2688
3504
2440
3744
512
2991
458
4138
1959
4561
3964
2787
559
1961
2867
2986
3506
3834
4614
3577
2500
1415
2972
299
4214
127
3189
4281
4266
2811
1682
1926
4845
1911
4050
4106
3707
2216
3089
2529
2269
2990
1733
1432
1198
1074
3267
328
1525
2505
3437
2958
3970
2031
1362
3645
4346
2526
720
2595
3178
3799
4525
927
990
3426
2785
4445
3208
4072
2428
4643
1247
2082
4543
4553
961
1615
1230
1109
1744
1132
3280
108
3030
4656
2150
4724
4526
1656
690
860
139
4344
3129
829
4817
3876
1689
2155
3691
3109
775
60
596
1879
362
1743
3693
1986
3136
1892
464
4351
4839
2757
3942
3901
4070
4626
1282
2730
1887
765
3074
2499
4426
2030
1665
1172
2952
1238
2996
1426
4552
798
1104
1549
636
3420
4810
530
465
350
2778
676
934
3202
3928
268
2005
182
4425
4271
2484
1742
4396
3781
2345
2406
194
1783
2592
2971
3821
4324
1844
447
3551
3926
3809
1970
3251
948
3104
3519
2702
2900
4547
2556
4576
4781
3159
3873
3644
3725
644
4518
4458
4162
4124
3746
2183
1950
1979
1163
1195
4749
780
3973
2450
3589
370
457
4191
2206
2784
561
3606
508
4385
2098
1106
2329
2465
2303
1965
166
2200
1070
1375
1971
174
4368
4741
778
193
1348
2063
1221
642
2553
811
1103
4019
1276
4821
578
2055
3326
4227
4484
6
4776
3507
3831
4469
3567
1363
640
1014
4168
4674
682
1497
949
2493
2113
2737
831
4865
1969
3409
13
3995
2549
3756
2547
459
1214
1155
2426
1134
1316
3162
402
951
4233
142
4727
258
1237
3083
2798
2041
834
625
515
1913
2887
3804
2261
1406
4156
4163
1168
3649
582
2188
4807
603
3552
3657
2160
2790
1378
1423
524
1807
1193
3359
617
1681
2175
2981
1371
3826
944
97
4320
3004
2548
2805
3996
4107
304
3254
378
1501
4374
4174
4497
994
2219
4515
3051
4400
4766
2797
410
714
1161
1763
1899
2097
1960
2515
2249
2172
942
1250
4675
3908
4539
4404
2121
1905
1751
2648
3661
3020
3353
43
3310
821
326
3897
137
2441
2621
960
3250
1651
2842
3682
1650
1053
742
822
2062
291
2941
842
3007
1208
95
3253
1908
352
2734
652
3166
768
1274
662
4632
4367
3580
181
3436
1127
929
3425
4880
4605
1046
3714
4712
2495
4383
1305
1674
2731
4873
3915
1829
2459
2248
1753
172
4828
3305
1516
4310
4257
3323
3807
1268
2163
2567
4395
2878
4691
3763
248
2300
4523
4490
2987
562
1154
3856
2830
1662
3383
3530
4034
2435
158
2978
1235
3461
2211
1842
4672
253
1739
2442
479
1828
32
1801
1215
748
3695
1900
1064
4253
4689
3027
2921
910
4432
3817
79
3244
2218
2295
311
3315
64
4130
3637
2863
1462
4391
3191
1552
3605
3522
4448
3976
4071
1904
705
2015
4000
1331
3491
3135
1609
121
3511
2056
1435
4568
707
3796
3709
2213
2554
3881
3648
1395
2895
1796
3886
1294
4770
439
4188
4112
1803
4563
426
1269
323
1645
1831
2194
2038
2694
1797
2325
3749
4312
1373
861
1357
4715
621
4283
175
1506
3385
4115
436
4196
82
535
404
1785
466
147
2114
2480
3625
3001
907
495
1542
266
2158
3524
1532
2903
4860
2250
3654
3874
2074
3684
1158
49
3101
937
2660
2470
4053
1893
3478
3923
3038
2777
1086
3738
2578
4676
303
2502
413
4195
1404
1196
945
1601
80
4370
1384
843
4480
4377
2278
238
3155
4392
1515
93
4636
3431
3861
1705
3449
4597
4417
2531
726
371
1044
1982
2837
4296
730
1073
4340
894
3106
177
825
1628
4533
1313
1067
5
4285
872
1367
2243
4299
1096
3579
3246
3010
554
2847
4212
808
2255
3914
30
3631
4471
1030
3830
3149
556
518
4753
2021
198
33
4461
3941
4599
2558
1148
261
379
4360
4272
1855
4594
2447
3620
3730
1715
2896
2596
397
4700
2662
1279
3554
1410
4496
2580
88
1458
1077
4630
3321
696
1987
4804
2410
4786
577
2605
3639
1434
1171
1793
423
3164
4412
865
2199
450
1287
1876
4572
274
1761
4657
1649
2237
4153
4229
3442
2416
1169
2027
2467
2932
4082
1935
2849
3547
3716
2118
613
3947
2190
3669
3342
1957
4056
226
209
1380
3737
2491
4720
3318
622
939
3313
897
2104
201
1898
3148
2609
1301
2066
2689
1637
4838
2768
1835
1216
2794
3888
1352
2241
3332
376
1942
3902
1489
4225
3056
4881
3502
1124
2766
2653
2682
2280
3100
1205
484
2530
3998
2437
893
1145
1684
1589
1466
3032
4171
840
769
1465
514
659
467
4470
3630
4590
597
4542
2148
1397
360
2989
298
1076
1570
1143
3988
2679
3559
4894
1503
3373
864
2566
1974
3028
2048
4355
751
1991
1990
1819
1677
2852
4566
1701
4713
1350
167
1678
1813
593
2659
1852
4520
4687
2708
3306
1136
3672
4882
4298
1891
157
3110
724
2786
2699
272
219
3033
211
39
4307
1667
3711
4043
1620
3008
3156
3523
3098
571
4059
3935
3550
1259
1048
750
3784
1297
4128
832
3496
4333
1495
2452
2000
3538
1414
4161
2905
2226
4048
494
369
1916
1654
4696
3154
2696
1546
419
4015
4844
896
2222
4236
665
3019
4086
4337
1724
4180
26
3862
4800
4877
2350
4737
1754
1938
3345
614
2821
3591
4835
3464
1289
3272
3114
2173
4209
1178
1643
1376
3137
1402
516
297
233
85
3532
753
144
698
3167
1001
3969
4530
1120
485
551
2501
4431
2967
4243
4534
650
876
1449
979
1956
541
4686
359
3636
2733
2059
867
3354
4780
1057
187
331
4277
3498
2741
4218
3213
4447
895
702
2687
2877
2617
1210
3477
3852
4381
3475
2385
1112
1741
1933
1634
4140
1304
4375
3720
4580
4235
4570
3063
1848
680
923
3117
1663
2227
845
2347
3982
3984
183
3499
1895
1671
704
1593
2639
4234
1912
868
0
1511
2239
4254
1728
335
213
703
3536
2283
288
3857
4511
4837
610
428
3278
1983
978
2046
4023
2927
2254
590
4172
2259
1880
4363
3820
3196
1638
2663
3635
4669
618
4314
1843
2078
1504
8
3301
2564
3334
870
62
2829
3348
2628
4665
3480
1275
2654
3094
1125
4768
2224
1756
4276
3259
3800
745
2024
3710
3913
4806
793
4352
2204
3173
263
2571
1633
722
128
3728
719
3762
1918
1830
4649
65
2396
4722
2077
3067
4653
2221
2504
4466
2317
651
3415
3036
1063
1746
3130
3989
3850
3463
1735
2928
2127
4184
2857
3447
4509
1717
4467
4891
365
358
2166
1718
4145
3566
4339
112
2771
1526
4334
262
2382
958
669
463
4544
2358
534
441
2178
3598
4052
941
3299
4291
2575
2373
453
3262
3469
3798
165
2801
4318
2266
1209
1626
2069
3919
4303
2229
2463
1686
1708
3233
11
2862
2819
2839
1792
1596
1612
2267
850
1253
920
4736
1025
1068
1252
4457
4182
3571
2844
539
225
2418
4025
731
1513
1779
2666
1600
4622
2834
3893
816
4289
3042
2717
1460
2096
1864
2745
4308
2061
1824
3256
207
4037
1476
4437
2287
1568
134
1716
1308
4621
1461
4262
4635
3261
4394
3546
4468
4507
3045
802
2326
3234
3021
4170
1696
3335
17
1653
1483
1919
1200
4244
4864
1936
4529
1187
2361
1361
78
2616
1488
4336
4794
1479
766
3534
3638
3859
869
4
3696
1009
2854
3457
2137
3210
2933
4436
1523
196
2744
3368
1099
4036
3855
3958
4611
3186
4076
3371
4602
48
4068
2348
1559
3542
1322
4587
3263
741
1115
2644
4631
1768
2107
4349
119
3776
4453
3450
4585
2290
711
2288
4108
1403
4382
4393
1176
4098
4571
445
4424
4007
1360
4516
4662
1450
4323
3634
4654
3723
4756
3521
377
4761
3599
1219
3180
3904
946
481
2298
448
160
1923
4779
3775
443
1605
395
4588
1231
1702
2458
1003
2419
947
782
839
3745
3512
4483
2210
1505
4080
700
1440
3240
3515
3549
2095
2429
4824
3367
926
2196
3452
474
566
1272
1207
2231
420
4085
4247
4508
3058
4521
1284
1050
1977
2706
4286
2438
1254
4853
2681
4742
3266
3664
2337
770
3721
4472
998
3099
3647
1474
4747
4743
2379
3358
4850
3487
4237
3179
4726
2925
3573
4603
2186
653
2601
4620
1389
2111
45
3968
4546
2800
3837
2791
3760
3849
73
4415
862
3814
1248
3533
4710
1441
1249
3842
3158
3363
4405
2177
3659
1870
932
4878
1818
325
3824
2372
1635
2039
224
3361
1789
546
2697
446
3488
2633
2946
18
523
4343
4353
3297
1330
4278
4443
2727
3640
3633
3950
101
2238
4575
1533
3300
69
3848
3125
56
1199
758
4269
2086
1494
4208
1144
767
4731
3860
2049
2375
1390
4892
4158
2818
2716
3366
3451
693
1619
4414
4294
2294
4584
83
2301
3060
2528
1310
4706
3476
2106
2321
1885
3517
4325
1091
4660
3565
1778
3201
888
1849
1233
2587
3387
1833
276
4380
3317
2703
372
3312
4010
168
2242
3920
171
1884
151
4139
1204
3750
629
36
2083
3276
4501
140
3679
4120
106
4704
3938
1008
2394
800
4486
3611
976
2378
873
195
520
199
4419
452
3495
341
2910
2338
3414
504
3680
4772
107
3456
3242
4051
3516
3205
1336
1022
3082
900
3331
4641
4379
4288
1443
586
3446
3374
1670
3281
3398
289
991
2572
1278
384
2588
3747
1810
3401
911
1907
3963
2898
4079
4219
2193
3473
343
899
4514
