2681
4549
3427
769
3695
2927
4010
949
4503
3418
4110
3868
628
895
4125
4711
2127
3546
477
3785
3318
4642
308
3552
2126
2597
2532
3397
1355
3646
4303
4310
910
2348
2498
3928
1128
3189
4269
751
4695
1072
807
1426
1164
3896
4106
1188
1152
4750
1126
3879
950
296
451
1843
1803
3551
3198
925
4548
3768
2405
1052
1248
2499
672
50
1997
3400
3304
3914
532
1379
840
4286
4152
472
2307
2249
2678
1283
485
1915
702
2118
2624
1847
3933
1773
4319
3331
830
869
2925
4520
4090
2241
2475
1908
3621
1135
549
2149
888
4537
1275
1332
4228
3032
475
1598
2283
1638
912
2958
827
3875
1818
1070
469
337
2898
4204
4596
544
3482
2668
2010
1955
3660
3379
4595
4187
3955
1333
2849
4612
3923
1150
2537
202
4651
4806
926
4660
868
662
1148
1108
4169
3383
1736
3503
554
1882
2120
4355
2812
1662
774
968
2272
1796
885
4363
3962
3130
720
2489
3389
277
2383
1428
3533
2188
2731
4765
2837
1013
3291
4405
2317
3459
2781
3648
4821
1350
1082
2582
4205
1829
2319
151
155
2560
288
184
4465
251
4869
420
2521
2362
3229
3615
2304
3009
1771
2137
3280
3247
22
4886
2931
1506
2064
165
1529
3995
233
3566
756
560
4296
4384
1499
3819
2400
1970
3780
684
1591
1679
3206
4318
419
4851
1559
4701
4859
3479
710
198
1480
2880
2292
4697
1039
1504
2848
4116
236
4779
3925
4167
2123
1634
3823
2772
1957
3203
1406
4288
4446
4719
563
2846
2482
3087
1682
2331
3822
682
3890
1898
3596
1323
3663
1116
3576
4794
1025
446
4055
4273
1944
1434
2535
1446
2239
1247
4891
1139
2095
615
1472
1923
2259
3306
1631
1813
4159
3712
4184
4504
336
4454
3143
1940
4257
3952
2842
51
577
2729
2990
527
2045
2355
3937
973
301
729
4589
2042
3832
162
1002
738
676
1645
4300
3680
2117
1159
4284
3509
306
1841
1470
1389
48
356
4835
340
2752
1327
2263
3628
2967
1340
246
137
2602
3674
3958
2834
836
2906
3444
4121
3041
4586
3417
1969
2778
2291
541
1870
56
319
569
2271
3807
2236
553
3704
2964
1921
1664
3188
3285
4174
1833
1015
271
965
2803
1427
4554
2166
3571
1367
1190
513
4185
3783
1804
3431
4132
1390
450
3233
4317
3617
3979
370
4799
1632
4056
690
4890
2545
407
846
3731
282
4095
4636
1733
4020
1945
304
2147
3425
675
2340
2020
2614
4727
489
3121
2199
153
909
2111
2879
2107
2201
421
3943
3581
1649
2453
3487
4752
1168
1947
2529
4231
4708
537
4746
348
181
2040
3366
752
3601
2938
3570
1549
4755
798
4498
3975
4073
3396
4179
4011
2972
264
736
2385
932
2735
3616
44
3340
3549
3760
4808
1584
3863
223
3953
2976
3202
664
1279
3818
3037
1197
2039
3854
3350
1547
2068
1090
433
1384
4131
1723
1555
2762
551
3909
4370
1878
3287
962
4390
724
1199
1295
4681
870
1492
1805
1057
15
1438
2768
2700
2189
1143
152
3038
4229
138
4458
402
4220
4576
4620
3743
3133
2961
3403
342
4045
4483
1792
534
723
4435
3030
3114
3985
874
2162
3011
3217
64
821
3172
2133
2322
1570
3540
2347
3604
4176
4389
1665
1732
2037
1589
1648
1686
818
2218
4416
3506
83
4460
3446
488
1010
4709
1595
3675
2486
3719
3457
1830
1378
4500
144
2633
4753
2630
811
1502
1583
3849
3920
786
3363
1259
4430
3777
1278
4527
3117
263
2303
2074
2097
4198
3442
3076
3891
1495
1534
2389
2950
3376
884
1308
1746
191
3088
2589
4493
1548
3310
4512
3612
4489
1832
1889
3002
530
1151
373
1623
3089
2556
4557
4862
3313
2554
1450
250
2273
1040
1514
4027
244
2357
1
4005
2819
2680
2213
1432
2381
4825
3481
3375
4526
3103
2804
1288
4156
4393
2909
4293
4824
4387
856
3996
85
773
4559
4792
1287
1296
580
42
2153
3100
416
539
4876
692
867
3742
1141
1146
63
1193
1910
1760
586
4206
4178
4181
186
445
2728
716
1006
4555
245
804
3435
3689
107
749
1752
2412
1155
2447
4126
3676
589
395
4764
3118
2955
2944
1546
671
975
139
265
1725
4529
2253
4240
225
2814
1692
4433
2717
1586
70
3051
2639
4653
4692
332
2543
1566
1932
2798
360
3237
88
2994
663
365
2916
387
838
1972
2648
3267
2655
2501
1484
409
294
3404
2611
4436
486
4754
1978
179
781
4769
2903
2852
3988
1464
1009
937
540
1668
3791
315
1769
4606
1974
3116
3349
3034
2718
820
108
1989
1064
29
2336
4330
1619
2407
3386
4793
3652
2027
448
292
3799
3824
2088
30
1735
933
170
2625
834
1383
758
2214
4392
2009
2063
638
426
2082
2682
1121
4490
4002
3737
1447
822
2566
4479
4277
1360
3679
4059
3254
4823
3856
1953
579
2688
1596
4785
3307
900
3106
3987
67
3061
1557
2568
1408
2125
1786
4085
3001
4060
501
4071
3136
1404
3027
3592
4352
2627
2643
4157
3231
2632
524
1449
733
302
2373
2197
1675
4846
3741
1639
3437
3517
1012
4657
1971
1211
765
689
351
128
3156
480
3380
1608
3199
2756
2398
2417
4015
849
4791
3289
4762
583
3046
4564
1095
257
1385
237
2747
1531
3078
1213
2952
1124
4135
588
1326
4469
3353
2379
279
1017
1337
2981
274
352
1956
4032
2104
4175
700
105
2488
886
1671
487
425
1801
235
2000
995
3940
1748
3922
3023
887
2805
4473
1812
1782
1777
4608
208
4299
3006
1442
3463
1552
3185
2868
376
4552
2131
1363
2031
392
1179
2002
4722
4561
2669
1489
3423
4137
2150
4638
2746
2937
2843
261
4190
3984
368
4491
652
3747
3595
2092
3609
4508
3512
2689
842
1174
1285
4690
3438
1749
2519
300
3911
4345
87
640
4395
4649
4379
1243
1265
987
4463
3669
4486
4000
2135
1373
2305
4814
161
754
4311
2279
4507
3524
1007
2052
740
1551
4616
3754
1710
2666
2180
2014
359
1690
2965
1011
2375
1977
326
3166
1354
2516
3586
2526
2432
4582
3333
2712
603
753
3153
826
3626
4625
1063
2547
4525
2585
2908
3165
2469
2823
4756
4358
3271
1687
2439
438
4658
3502
4456
2462
812
3258
1798
810
3151
3071
2983
3498
2209
4003
893
1306
379
2802
3327
1819
3211
2539
3649
4061
1962
790
734
2876
4408
4196
2442
3905
130
3967
4530
4151
1617
3326
176
779
2078
2930
674
3014
1353
3175
3480
3844
3585
4283
2163
1169
303
4266
4707
1397
1319
81
177
624
2129
169
2448
2905
3678
3511
1780
1763
1758
2734
787
4509
3505
1391
94
976
1933
1357
3752
2148
2623
3573
2629
3906
1452
1975
3683
213
3763
516
2882
2007
4091
4144
2766
3513
3278
3468
1313
3004
3234
2325
4480
4688
1960
4053
924
1851
2062
587
2939
3124
230
4394
434
858
2493
1609
385
2029
2750
1680
543
3053
2794
1445
1401
115
4840
95
3963
3372
3589
3659
2530
2121
2948
4721
679
1001
780
1386
2894
1466
2869
3316
2430
1154
2742
3138
2724
440
2458
556
2644
3835
760
1236
1177
2309
2971
1173
2552
1003
4219
1510
2670
4866
2438
2744
3474
890
3888
4139
631
4468
4830
2047
1800
1550
3298
1718
3904
1330
4107
3727
4478
401
1900
2637
2740
4426
4316
2527
3857
2605
3862
27
1191
4455
324
2299
3913
2635
2060
3395
3261
3346
3874
2161
4074
3971
3123
1909
1597
2571
2697
490
1369
2947
211
4556
1491
3861
2328
2178
1394
719
65
2575
2210
3091
2749
3665
4415
341
2835
4120
403
2590
4502
1392
3300
4025
4599
1485
2511
4604
2434
590
795
4215
135
182
2565
1904
981
920
839
4693
3384
850
3432
2356
1681
3876
1431
3332
2246
1493
3858
2101
3773
4180
1331
2474
4656
3393
3094
4694
4413
4868
32
3564
622
512
2706
2169
3653
4291
4052
1269
2890
4674
2787
218
3733
334
877
215
1069
4661
2888
3472
3525
2034
157
4734
159
3149
1604
1396
4113
4335
3523
374
2205
3275
918
4523
3927
3692
2839
4009
1178
4874
2696
3044
2553
4566
3420
3129
4485
696
1572
171
3980
3167
3336
3959
102
243
3101
3179
4324
1344
1952
4092
1912
1670
875
1633
4429
2692
1951
1000
2392
2433
4225
3279
1806
1554
1346
2757
3257
3797
2332
605
3473
4837
2699
1186
730
759
2012
4600
2032
1528
2881
1541
4865
636
3268
4494
1849
2
454
4542
2344
2165
1703
1793
2896
432
1056
4475
2463
254
3580
1996
197
4515
3671
1653
3686
2492
1520
2472
3361
882
2327
2654
796
4587
384
1336
1235
2300
3694
4739
3658
98
677
423
4535
1377
4124
1876
508
3577
3465
2245
2833
2420
2224
2293
1942
1824
4605
3721
231
2244
369
4213
848
4357
3635
1981
623
1042
3215
2801
789
4476
3706
3969
722
3739
1455
1483
1666
2841
1317
54
687
3033
4236
3715
4626
1731
3908
901
3173
1537
1054
2970
2114
4186
504
442
4444
3516
3983
1712
372
1005
905
2252
3277
3345
4115
195
393
408
1918
2811
3230
4797
307
3142
4029
2693
4272
172
2376
126
297
3562
3560
4645
3080
2862
3670
3362
2531
1192
923
1999
2727
3040
4
3308
4828
3815
1954
497
1274
3330
703
346
2661
4192
2070
800
1607
73
914
3840
3932
3625
2987
999
4264
343
1262
4717
259
3808
670
3860
1985
2318
467
1724
4274
1575
1273
1229
980
2855
3898
4166
3255
313
1068
4127
4593
4111
916
414
4533
1315
4149
3954
4008
4028
3744
845
1702
4757
597
2238
1683
3574
852
2446
4630
4639
809
1613
1035
2949
1987
2522
3710
4086
2595
880
7
4689
1182
4109
1451
2108
452
4655
2924
443
281
503
4376
2739
584
4720
1516
2338
1398
566
1475
2296
1698
3248
4385
2286
3186
2237
10
1919
2022
1774
2968
2456
2311
626
1715
1362
4577
3588
2098
2461
2583
1825
1153
3845
2217
983
2664
389
2838
3056
1218
2885
1051
3931
3767
3325
338
3018
844
3370
4251
1968
4122
3406
4741
4810
4440
224
358
3096
4118
4262
2771
101
1720
1320
4783
2705
727
1524
645
149
2487
3812
2594
3249
1602
1435
2546
422
2767
3319
1144
3497
3738
4611
2196
978
3623
166
1115
267
1737
2001
3266
4471
2275
4367
3337
2892
2534
4308
4234
2378
3720
2170
3296
2476
4712
4366
3709
1129
3419
3887
1685
4570
2946
3168
4882
2171
2641
3284
2140
1599
4369
4117
4195
4672
2255
71
1142
4477
4354
693
793
1902
4853
4852
1946
1540
1536
982
1117
1846
1853
943
3850
1677
934
3848
1134
1936
1091
2403
3007
2360
737
3073
269
2483
726
147
3252
305
629
3759
4079
3029
1905
3461
1676
3003
37
3269
2962
522
1482
2266
4670
601
2335
2069
4188
2159
3162
4682
2408
1857
1949
229
3786
4820
2358
1916
1734
4888
4579
1083
312
531
1873
3529
2973
1219
917
3462
1291
3055
1937
2106
3841
494
3052
3951
707
4887
4691
66
333
4784
1895
739
4168
4715
4495
82
2636
2672
1277
1563
255
4007
4016
4018
3553
1560
4328
2936
4767
3926
4133
1498
935
2154
463
3956
1424
1852
2374
201
1950
2722
2219
546
4305
1694
2617
778
2158
4065
4884
3833
3563
904
2323
92
3651
1628
879
1892
686
99
2370
2588
4501
1312
2815
253
2479
1717
2485
1756
3930
3475
2036
457
2351
4679
4481
1530
3223
1103
4534
362
45
3948
4588
1650
4350
2141
578
2208
610
363
3494
2105
1302
4019
4263
4049
3597
1224
2911
3751
2642
3802
3290
4560
921
725
2782
946
3977
1016
1395
1487
747
1569
2653
4782
4461
4161
1200
3235
3183
62
3272
3825
706
1027
4270
428
4210
4553
2109
3790
2174
3761
2774
766
2953
2138
441
357
3452
3224
1865
1939
3636
3144
3265
3543
2818
2825
3107
713
4867
3584
80
2713
4327
2223
1511
4885
3159
1567
3025
1553
3244
2760
4562
2146
2232
2459
3934
1478
4778
2730
750
2449
2072
3171
2663
3499
4134
651
4742
3753
3619
3045
4758
4325
3620
3910
1270
625
1809
1237
2422
4464
1088
2723
644
1457
2349
1838
990
4800
2006
192
4771
518
604
514
345
4569
4094
3872
2618
4517
2416
2889
104
669
3439
3624
3348
862
3559
1615
2998
125
1850
4573
4855
4226
459
942
1307
782
173
4731
4412
2427
3074
4141
2569
697
2282
1310
3212
4292
3264
4842
4492
4108
1571
113
876
2143
606
3685
3766
3068
4359
509
654
293
405
4667
4585
298
3221
1815
248
3042
3634
2651
3012
2330
3864
1814
3796
4729
353
519
1019
4171
2424
3572
4496
3902
4451
309
655
3226
4346
2959
447
1023
1576
3881
1967
2612
3606
1098
691
3746
4744
1358
1877
3180
2342
4222
1600
2831
3416
1689
4039
3583
4878
1695
3907
1622
1893
3084
0
2132
2175
437
4024
2951
2929
1429
3542
3518
2243
4202
4449
2046
2523
2116
4399
2384
3897
3504
3735
1533
3155
585
2156
3093
90
595
3899
4849
2254
2308
1403
1704
3716
2050
614
4677
3126
4230
695
2363
3886
3688
3378
4880
833
3240
2016
2441
3792
214
3991
1204
3642
4811
4522
3209
484
3274
1099
2920
525
287
207
1926
1216
61
4304
23
4629
466
390
2711
3690
1823
3994
1125
1166
1580
3575
1393
4255
2089
3108
2974
2621
3302
3976
4683
4249
4199
1399
2313
285
4895
668
1982
4409
698
1784
600
4048
2312
1822
3530
2167
1959
3344
947
1854
3834
410
1329
3878
2193
247
3550
4081
1738
3640
4302
1092
2520
4643
3445
4726
2873
907
2577
1708
1590
548
3301
1594
468
2329
3711
1858
1486
4768
3049
3303
1380
3629
4551
2984
4058
2675
1156
1206
2366
1966
3828
929
3582
656
4101
1469
2258
3286
1463
3132
961
3297
4894
1405
2957
2287
3691
2066
3966
2190
2975
4428
3109
1376
3882
1709
1047
1856
3924
2793
4603
3150
3312
2576
3618
382
3412
1810
2128
1515
3821
1743
4050
680
3810
2481
1439
743
205
3295
2396
1742
2176
3557
1795
837
1922
2423
969
4158
284
1899
3218
429
4218
146
4397
2816
815
4388
4705
34
3387
4417
1747
4067
3359
40
568
1131
377
1374
2859
806
3017
1659
3451
4467
406
2899
2191
2628
1187
3460
2091
2024
2119
2017
1290
3339
103
899
1826
3842
728
4432
1454
4834
2941
4320
609
3664
3682
220
1757
1443
175
4209
571
2928
3486
639
145
2041
3057
1903
2435
3740
711
3788
2011
772
1368
478
4581
4046
699
1165
4256
1986
3935
1753
3357
1207
3137
1209
4427
4153
1217
1160
3281
3443
2737
1658
3696
1860
3219
2817
801
1020
643
3838
4438
832
3485
3415
3176
3869
3039
204
959
378
3391
2996
4034
38
1651
2703
3827
2350
4093
4499
1789
238
49
3243
1750
4516
1161
399
2827
2177
12
939
3083
1468
2861
2229
665
1807
1276
3276
3852
3454
3779
1176
2587
318
3069
3238
2769
1759
4155
3607
1778
2934
4728
3545
4260
784
1891
3169
4613
3190
3501
2061
1728
4647
4770
2367
1140
2380
776
1835
637
4189
3765
2394
3960
4442
3059
991
1661
3903
1693
1636
39
418
2388
3449
3145
4713
2437
100
4298
2112
3182
2610
2616
3536
4738
2858
831
1215
439
4637
1931
2872
2770
4607
2634
4411
3579
517
4618
4030
2183
4237
2997
2404
2445
4235
3672
4336
3632
2836
1565
1181
47
3022
4323
89
2457
1888
3204
4583
1301
992
140
927
593
666
3895
3035
2709
4434
3421
4470
4441
4172
1322
2969
1992
185
4425
2157
120
2525
4247
3273
741
160
299
4223
2863
938
14
4035
799
3877
78
2080
4064
4377
1375
2346
1030
1525
3314
167
4381
3755
4398
1816
232
1943
4077
1721
2660
1678
2850
289
4114
461
1828
2791
3079
2562
3334
4342
4004
1421
1074
2491
2151
1729
77
3957
1963
1785
1014
2065
3806
111
415
2326
366
1887
953
3941
3758
2690
4822
2289
1055
4041
2026
957
3829
2025
2057
3407
1214
4845
1305
2549
18
1244
562
2256
1881
427
1303
2073
2854
4871
2847
2083
3803
3470
3086
3970
3478
499
2891
3594
222
1300
2986
1433
4735
1561
4819
3263
2212
3352
3311
2079
3356
3455
1077
4678
4163
4700
2035
4724
1913
3131
3496
3870
4544
1388
4671
1581
4258
1041
1973
1716
3469
1172
2198
242
3066
4414
3075
4401
653
1834
878
1779
3448
1711
60
2919
110
2242
3250
3119
1707
2538
3374
1745
2401
1539
861
498
3859
3997
2343
3157
1616
1471
1925
1914
4421
4103
1726
3163
142
2124
4145
2164
2250
2421
3507
2596
327
141
3214
311
4136
1021
528
1592
4076
1195
3871
4422
3889
1578
2484
1614
4740
956
388
582
3026
314
2806
3112
1802
1106
1294
3019
4673
1518
1568
616
4646
1075
57
1701
121
3090
234
471
1029
3207
143
1109
3703
4340
3974
2640
3402
3762
4084
4872
3309
4666
2753
4622
193
3210
2278
3322
673
3757
2397
819
2573
4278
26
119
2038
1086
412
106
97
476
2982
1093
46
3390
4312
3784
4314
2763
3305
1585
1028
3944
2294
2574
122
1046
4012
36
2455
1897
794
2247
2194
2517
4066
841
2051
4372
3000
1079
2113
621
2503
3894
958
1884
3867
3242
4334
4129
3531
502
2359
1593
1700
2667
3147
2686
1227
1318
4714
1626
657
2901
3650
129
646
2187
2043
4089
2579
1755
33
2943
4418
1127
4597
2631
2207
3146
1579
131
4042
550
855
3645
1667
1656
3440
1105
985
2902
4447
1863
2600
808
1964
43
3105
1321
3697
4685
3836
1328
1481
3299
3208
3434
4207
3239
4805
3814
2704
2426
290
391
2284
1183
3508
2991
2494
1647
8
4640
4364
567
617
4014
3701
883
4873
2506
4130
3599
483
1885
3354
3492
1061
221
2093
2262
2714
3490
4063
2310
1111
2075
1901
660
4105
3476
4282
3578
4776
4439
865
3288
3120
4254
3590
1130
1232
1120
3820
1359
3342
641
3335
770
2352
4497
116
2477
573
3611
1479
455
2638
3813
396
559
2490
4716
3246
397
93
4786
1343
955
1521
2211
2172
1058
1252
4466
320
3750
2496
3181
3424
4718
3441
1080
1297
1175
4860
3135
4803
479
3456
4128
997
3405
3500
1624
2622
1335
413
1067
3399
2295
4290
894
3593
4214
3945
1104
3798
2436
2910
4360
3058
1114
4482
3673
2410
3036
16
1430
3684
1688
3527
3110
4146
4082
2428
2662
1761
3847
545
3228
3436
1196
2683
3992
2807
1242
4289
2048
4348
3961
2884
2334
4511
3077
2548
1603
3839
3515
3556
1089
3778
802
4772
872
4584
2851
2395
3816
375
4856
1564
1059
1861
3865
1043
283
630
1642
2913
4403
2402
4431
1764
1928
1096
1691
2865
4069
2195
1461
4831
2679
1994
350
2145
3368
4453
565
482
3892
2314
3968
2886
127
4241
3700
3467
2591
4344
2606
2657
355
4212
4730
4104
2411
4203
1444
4572
3413
3728
1519
1034
53
2059
745
3693
1744
1240
2110
3388
1189
456
683
4790
4402
2736
1281
633
4001
3736
1930
4650
4633
1775
4543
694
612
2559
592
464
4704
2152
4575
2866
3225
1465
1476
3483
1503
2820
4201
1799
2090
1630
404
533
2674
1123
3774
3993
4601
2368
1271
196
2265
744
1268
2567
2860
1883
3707
881
1352
4404
4848
1714
2665
4242
2874
4590
3450
1415
3831
4406
4664
2301
1494
4051
823
4371
4619
3082
3128
3641
2897
791
712
2593
1848
1509
718
4858
3158
2592
3015
564
1158
1231
4164
4818
3537
3605
1958
1257
2954
1221
2004
3990
3489
1180
4294
2452
2788
4815
3915
449
3918
2904
4892
1246
4160
4863
2603
9
1618
2471
4173
4361
1284
4737
2945
4462
2564
1740
1768
1868
919
1170
134
3622
1101
963
2813
1840
542
493
2745
2454
996
523
335
3164
1419
1122
1272
4847
3514
2932
785
3978
960
892
1342
1049
2652
1118
4331
3782
3193
4686
1370
608
1697
3270
2248
906
1299
4248
4807
1532
1314
1869
1410
4378
4875
2155
4627
344
3216
3949
272
2561
2570
1076
1024
632
3817
4306
2840
1210
3724
1663
1256
1820
217
3115
4221
3021
4668
1787
411
194
4795
4279
2337
4676
1338
20
4382
249
2333
2586
310
1505
2676
2372
3236
1157
2298
4893
286
1507
3723
4322
96
2419
4143
2345
1258
2056
2504
386
2139
2087
3600
3197
3519
2470
1646
2390
3024
4457
2895
1751
2795
1113
3946
4669
599
3769
1081
295
3809
1770
857
2995
2907
4760
3072
984
1527
764
1556
3800
1866
1094
79
3282
133
3532
1071
2267
1490
2992
1831
2473
3681
1065
2726
4396
2341
2797
3367
4532
889
851
4329
2685
2710
529
1448
2276
273
2808
2942
3148
828
4574
2540
2786
3656
1601
1497
180
1097
3811
2221
1407
132
835
3200
3661
4285
199
936
3047
2464
505
3428
4563
2353
4743
3054
280
3170
1523
1458
1839
4877
136
4591
1228
112
4407
330
4068
2926
3324
4217
4789
69
2302
994
3526
3655
647
1339
4275
1222
4281
2563
746
1535
3178
1722
4802
1924
2049
2708
430
3939
1791
1577
1351
3256
3154
3534
685
2235
3781
2777
4423
3099
4070
2386
3293
1467
1038
1739
183
11
2382
4250
3520
3794
4736
317
4197
3127
200
76
2572
2505
1245
4080
558
594
4148
1920
3662
2160
2414
2922
1871
3708
495
2533
2912
814
1044
256
276
1167
4816
3698
4033
4100
2261
4602
866
1741
3050
1998
4191
2940
2578
1672
3866
1842
576
1508
3377
1416
611
2558
2776
1251
2844
4624
4437
915
4339
4617
3097
4781
948
4017
291
507
1422
35
3122
2917
3657
2173
2204
1620
347
714
4710
4232
4836
4896
1263
4233
3830
1488
4804
1874
3917
4839
2732
681
4870
2914
2626
3603
1562
1606
1855
2415
1008
3643
3764
913
323
3414
3630
2853
3614
3837
367
4531
4621
2136
4702
510
4787
1821
1203
4072
3102
3095
3729
4524
3853
4833
1657
667
4675
619
2281
2721
4592
2429
2468
474
4083
262
4162
1788
3262
1984
3981
2030
4663
2775
4850
3714
863
328
4623
2431
3547
1611
2354
2985
1220
4047
260
4684
3401
1808
4747
2759
4326
1625
2233
1387
4420
1605
3491
1066
2799
3141
226
3587
954
1767
3699
4510
4332
1512
1198
1107
3826
688
3161
2077
2084
1162
2067
2391
4539
2550
2784
1766
331
156
2647
4798
1513
1654
4183
4138
163
1988
2365
5
1817
1280
1886
21
775
2829
607
4472
1022
1582
4635
1372
2465
2918
4309
3776
661
964
2765
4374
2008
2871
178
3191
3259
266
4505
2656
2646
922
4615
59
4594
2783
4343
1991
4383
3394
3341
4022
3160
520
1644
4038
1837
2789
1573
2054
2053
25
3013
3392
1993
4841
219
1292
3972
4338
3734
2518
316
4761
4723
1425
4097
1184
1087
3177
2081
1906
1212
4751
4567
4631
3732
3539
1652
31
768
4246
4410
4826
1610
4026
2513
500
4362
3433
731
2878
4641
4628
4123
4368
228
1558
3633
2316
771
3020
4634
4568
3965
209
1934
4864
2800
708
1935
635
240
3422
944
3410
1440
1643
572
4307
2615
2544
2821
1004
1545
658
2715
268
2701
227
4632
930
2086
3801
2206
3385
150
2418
896
897
2100
2450
1640
4843
3471
1366
3194
3070
4287
1772
417
3430
4037
1875
825
164
1459
4748
4844
4759
1474
4565
3687
864
678
1325
1979
2251
1045
3140
4680
3770
871
2755
3713
1794
1655
1827
2130
2186
190
1517
4528
3484
13
2584
203
2980
649
891
1345
1845
3351
3521
2507
4099
4813
998
371
2694
3067
68
4140
4193
2555
2988
2103
4239
3654
383
2619
1907
1230
189
2790
2720
72
3722
3793
400
2202
2497
988
3205
3466
4347
1790
971
1194
3338
2512
1917
278
1880
613
843
52
4386
364
4391
3998
2609
1202
424
1941
2369
24
4142
1890
526
1249
4745
2580
4351
3555
511
709
2515
1347
3989
17
2900
3292
2758
3725
2978
902
2094
1239
3031
591
3608
1138
4788
2225
4541
4774
1371
4297
470
1238
1255
2698
354
3880
4889
4200
275
3251
1727
2695
2893
3005
3329
3591
974
767
4648
3510
1961
2203
2645
829
1538
3411
873
3843
2216
1783
1293
4773
2005
761
4452
3666
3008
1420
1361
2364
4829
2977
1660
4610
3846
3429
1112
2185
4733
931
187
1588
4580
3644
3373
2339
2761
3458
3771
1053
2963
3677
2738
2015
1948
1137
2290
2887
241
3787
3477
3561
1261
3134
3098
3028
1412
1163
1253
1409
3789
3538
3964
3702
2796
648
4267
1286
3184
3408
2260
1911
1587
1147
3371
4238
1423
1062
339
3745
4881
721
941
1684
3569
2134
4040
3748
4373
216
4665
2792
321
4513
1612
3554
3756
2933
1233
792
1762
2528
2268
4857
3347
4780
977
2444
2226
3065
2508
4057
174
2915
1309
4474
1637
4450
4268
123
1145
2500
2856
1348
252
2451
2867
3398
3921
3343
2684
2058
2877
2102
1223
1031
4098
3613
642
4301
3369
3535
1304
3495
1990
3772
2240
797
2467
561
2524
2764
3222
1965
2857
2466
2824
1543
4550
3010
3565
1185
3241
28
3627
3447
381
1171
911
4775
3982
4023
2222
2707
1669
1436
1250
4194
3320
788
1719
951
118
206
1929
4400
4838
2018
1417
2055
3232
2399
3718
4519
4054
1574
4546
3365
1241
1400
3195
4295
4518
2989
1418
2607
735
2076
2581
2733
3092
598
575
491
4443
1500
3855
3947
2542
3453
1765
3081
1894
4506
2875
3893
4659
777
4445
270
3602
3426
1085
4365
620
4763
458
4211
2096
3775
2184
2181
2409
2033
1364
4547
