3400
1336
1608
280
2944
4134
759
1731
754
1215
1483
3401
3027
4780
3914
121
2983
4603
4002
874
1016
4658
446
4875
669
3431
1415
1604
2163
2608
4237
76
2019
4212
1969
4843
4468
1739
254
2413
4890
1143
4434
3178
3282
2080
2878
2419
4720
1773
2426
2653
657
1427
2247
933
1673
726
2666
2894
3340
828
2020
4518
4717
328
997
2590
365
3332
3885
2073
687
1062
4267
4188
3869
2201
4586
4339
2616
265
87
2905
2300
3553
4426
3970
2877
1715
3097
1875
4808
1976
1452
4088
963
35
3051
2872
4163
3819
1251
3517
3784
2706
565
2982
2091
4409
4679
3445
3046
2060
917
3871
2458
2740
2122
306
1380
2008
1752
3856
4539
3988
2594
2930
4204
3155
4863
4149
2123
4503
1851
4215
423
4533
2494
2498
2488
2138
3706
4749
1247
1416
2685
1497
3476
1709
2023
133
4130
225
4452
1995
2079
3173
3497
3675
3487
1180
3261
821
1490
108
1611
863
4420
4256
1727
2739
1944
686
3878
1289
4668
241
3717
1848
2179
1153
4369
2153
3475
178
4432
3486
1478
2029
1209
2580
1911
4032
4842
28
3484
4729
3611
827
1005
3245
4523
3300
3308
2327
4430
4653
3107
896
928
3632
2630
20
174
4311
1489
490
2198
3803
4080
2730
925
1049
624
10
4488
2312
434
3177
3926
1293
3385
613
1366
1509
2777
2062
3069
2987
3146
2647
3835
367
3877
2558
3875
2468
1864
3629
3772
2710
1453
1433
820
1863
2533
746
1940
46
4095
1670
2363
564
4399
2652
2273
2589
2282
4291
1928
1937
1691
2106
4495
1139
1853
1228
3148
3001
2750
479
1356
4705
432
33
3310
2480
3921
236
753
219
4365
4536
90
3633
2174
1381
3465
880
4639
1550
1308
4304
1
1220
362
2453
1449
4654
4465
2870
938
2713
183
3566
2752
1899
32
3119
4655
1942
2611
1447
4321
509
1921
1281
1723
3930
2686
4888
3743
1794
4645
1893
1278
1132
3010
700
2661
2891
2083
430
4696
3365
3999
3321
4634
4120
4281
2108
3158
1075
4568
2626
1158
522
2587
4677
1111
2185
1528
1546
83
4650
1108
3816
551
2441
2677
1240
4766
1367
3498
4160
416
2945
4127
1060
4800
16
3164
1593
2512
2405
4252
627
264
1764
34
720
3416
1955
4330
576
2790
3474
1519
2603
3315
1287
231
3123
3827
1330
1842
305
3552
4128
1460
2373
2369
442
4761
1619
1518
615
2596
2256
1352
3143
3397
1640
2914
1798
2463
1048
482
2289
1562
2077
3075
2899
3609
693
3338
2837
4791
1420
4213
3592
3625
3437
3908
428
3481
2113
2452
1504
1468
4100
4138
3334
1286
3140
357
2509
2575
3977
2408
1706
1960
4437
493
4214
1571
2726
3855
3756
1241
4022
1778
2988
4856
3276
4082
1815
3450
566
885
2818
4770
859
1547
1628
2901
721
4522
2525
2771
2284
1138
3141
1548
2780
1463
960
1283
879
4623
1552
4631
4637
3323
4195
908
1021
2004
2975
457
3084
4177
2929
2497
2543
3296
677
3824
3766
440
4469
4013
2862
2043
1860
126
94
2094
4490
1530
230
1002
3525
4612
4755
1965
628
1804
132
3329
2700
167
1210
1244
1734
4825
4852
3460
2556
3005
1121
1008
2447
1634
1710
3634
401
78
3267
2114
4566
4555
3086
2784
67
1886
3529
3062
2734
1746
4340
1436
3447
1667
3936
4776
3356
2618
830
470
4379
3960
2220
840
447
2243
571
4114
301
1993
4400
3311
4605
1052
1827
1802
2392
2908
3335
1469
2472
1280
799
1629
750
3432
1847
3243
3183
2483
823
1625
3285
1056
701
2925
3099
3502
3302
1326
1522
2074
386
1183
842
3751
620
1270
2941
716
4846
4809
2882
3452
2831
2084
1167
4050
2491
1512
755
1198
832
2867
735
2381
1187
2086
2236
932
4830
1665
4719
5
1321
3398
4059
1747
1098
2345
2796
3857
2969
4487
4331
4272
3996
2528
2325
22
4869
2919
3415
579
993
4094
573
3821
807
3891
2390
3237
893
4525
3964
980
1262
410
3407
1117
1895
3193
2357
2781
1560
4223
2279
1095
769
3458
141
965
4528
3583
4478
3939
3064
2311
233
4014
2400
1456
3026
3787
2476
3670
3993
396
125
1714
3446
4030
3906
3216
3949
2683
3507
3426
1656
2269
321
1903
1729
3149
373
4131
2974
1171
4166
1170
2321
4599
814
1276
2035
4461
3806
4552
3616
341
2317
3532
1092
1828
1145
517
2109
1150
4012
503
3228
3956
2970
3293
1179
2364
2745
4129
1328
3537
4085
1704
706
2604
1156
2150
3373
4670
282
2802
786
119
1573
2766
3810
3165
3894
2414
1084
181
2166
2361
4194
3391
38
4342
3206
3044
1315
2505
1605
1968
3316
3954
3399
574
2962
4829
4480
3791
1790
1898
3920
4097
3850
909
414
2895
4716
1919
3619
4515
886
1523
800
1329
1525
394
1318
2956
4732
327
621
477
1188
359
994
11
1160
2838
3563
1926
2655
3636
2230
683
3720
3681
2938
323
2148
3569
1735
1246
1660
3617
334
743
1257
1939
3793
1655
1565
2928
107
3470
4206
2015
939
4317
791
1510
2360
4435
979
2443
1781
338
1414
2427
1085
81
4056
4268
3096
4619
2380
3848
1346
3980
4509
4787
1363
1131
3657
2396
588
1991
289
2145
2209
1402
4734
561
2641
2448
2965
3102
3741
1564
287
4707
941
1042
1751
118
454
4239
4345
2681
2797
1070
3655
3561
712
1938
3919
1029
871
2161
4372
805
1701
4644
1753
123
333
120
819
3974
2334
782
818
240
519
518
4497
4261
4185
388
3663
3405
3037
3312
912
1835
4308
719
155
371
419
1401
2821
2722
2176
3317
555
2041
1712
940
749
320
1102
2778
1615
3740
2487
2222
3785
445
1464
2407
603
734
4172
2422
2623
3304
1674
548
1772
1417
1472
1238
733
3122
502
688
718
3643
3698
2717
881
2560
3020
2278
4142
3263
4075
927
1047
3945
549
2906
2690
4244
4277
245
19
1779
2071
4250
1482
3941
3773
2184
4744
2635
4850
2287
2858
2640
770
4686
3975
2782
4102
1014
4236
2986
595
4384
3174
4818
1390
1112
4222
4139
619
3387
2350
1867
104
1320
2436
2769
3014
1697
889
583
3770
4703
4003
3124
1797
2654
2409
1549
1659
2954
1527
1135
4366
2101
3414
1499
3091
173
1952
2274
4546
1931
4093
1718
3555
1044
1129
2244
1830
3485
1786
1230
684
485
3644
406
3117
2246
3788
4520
2516
3077
303
1511
147
1821
3327
4667
1475
2861
2460
1610
2678
4136
2659
1609
2579
3986
1672
4743
1083
3288
3215
462
3965
1154
2806
869
210
3378
4669
31
2308
182
2731
2051
1388
3134
2162
4576
1568
2026
1258
4353
2188
2657
2142
309
585
2959
2160
52
2537
196
169
3271
1265
3287
2828
422
1375
2554
4847
115
2212
4398
1086
2139
2268
2978
2551
2887
4554
290
3388
114
4292
4269
2761
1259
2149
4245
3226
322
4243
1642
2340
3364
1418
3313
632
4620
558
2225
2377
3605
2548
191
1974
208
1457
3952
344
2315
2913
3807
1124
1989
4540
175
2096
2735
3232
3933
4607
3534
3826
3441
3376
2943
4118
4796
4606
402
4595
4235
4895
4343
3665
2475
1517
1455
135
2621
1254
106
467
296
1616
767
355
3264
4076
3479
996
954
1387
2383
2266
1726
1035
1434
2697
951
992
3683
2971
1405
1476
1716
1602
1724
1303
1914
659
198
3747
3728
2147
1676
2393
1036
922
48
663
1831
2404
4724
3428
465
3181
187
1189
4116
4558
2540
4007
2645
704
3710
246
4031
3733
4233
1009
1359
4664
3324
2758
298
4790
1249
3370
1782
3109
1431
3214
4580
3550
2890
2131
4393
2343
3839
2205
2259
1891
3923
1333
1854
2701
1395
2014
1892
4463
368
3831
3403
794
4055
495
2952
3546
1822
2513
3572
608
1224
3030
3865
990
2523
4234
1155
2853
3792
4219
1191
2502
3898
3204
3543
337
829
1310
1271
681
307
3846
4471
4628
596
1732
3817
916
1059
3594
4648
4431
1360
3198
3808
3090
3729
2306
2121
3737
569
747
3023
2478
70
1471
777
4797
532
3367
8
3837
1279
959
4630
25
3535
4313
4574
2994
3392
3828
715
2679
1876
9
642
3031
2410
3779
1365
460
3192
101
2972
1297
2721
1681
3151
1394
3794
4795
1237
2088
4857
3065
4567
1763
2319
3971
864
1202
3029
2154
3513
3221
3678
2538
4642
1698
2349
1172
18
1242
776
4144
2927
3984
4098
3229
2474
1412
2744
1480
92
3559
4395
650
413
4816
247
361
4635
1393
3054
4532
1740
661
2192
1033
1485
1347
4309
2951
1073
2206
1194
3775
1012
4837
4383
347
825
1872
2291
2466
1572
1177
3063
2844
3247
382
3718
3704
1203
4202
4141
4511
4661
4150
3138
640
2065
3395
3829
2433
3153
2597
3116
998
3991
3858
3774
2076
318
956
1186
968
4731
2467
2836
540
1799
2125
4886
3103
1355
1080
4482
1513
4041
3732
675
2961
1814
703
2504
2746
4466
1980
504
4227
1901
1079
476
3179
2535
3346
4530
2947
1979
232
427
1176
429
2100
3558
3472
2152
2490
1762
4848
2055
4585
190
2728
266
2871
3902
3355
1384
3536
15
1301
4427
390
229
1767
3519
204
1913
1103
1313
2336
4572
3726
1233
4312
797
4023
3931
2595
2232
884
1880
1920
3168
4698
4336
3060
3606
51
924
2911
4735
3845
1846
2310
1575
1107
3480
1744
2057
3435
4740
3286
3231
85
2980
2059
1043
3098
3468
1737
1586
559
3259
910
71
3709
77
4179
1182
2275
1638
950
4579
1711
171
3696
492
2699
4676
4889
2200
2561
2565
594
4597
1777
761
3978
4695
2120
3695
3423
2612
2729
4788
4817
2402
3007
1063
4849
3934
209
1253
1078
1994
4672
2496
4453
1923
974
2736
2444
199
3864
1874
3938
3755
2406
1322
3666
4733
1796
286
4096
744
4768
2445
2194
1362
1577
2049
4083
1996
3612
1532
2886
392
508
1542
65
3154
4823
2471
2614
3641
227
4694
1666
4851
3220
1335
4549
707
1369
1205
2883
1696
3361
1437
3209
2931
26
778
2689
1554
609
3767
1721
505
962
475
3444
1533
3866
4680
2510
1627
2834
2909
2263
905
235
4133
4467
304
1003
168
45
2435
4454
274
3410
2619
4814
676
144
1502
4265
593
4413
2662
4307
3314
4641
2948
2985
1930
436
4161
3503
3035
2506
3692
4499
273
2052
4119
511
1082
850
4086
1074
4259
2762
486
2211
348
3522
1306
1686
354
1169
2809
3797
4190
4024
3201
1801
4775
3473
4880
2968
3360
314
2804
1792
1116
2223
914
4689
3150
291
1061
651
4224
972
4646
3723
3393
4422
1477
1588
136
441
2354
1879
957
2159
2702
3983
3967
2305
1733
1015
387
610
1951
3455
806
80
906
4411
3240
614
2860
3686
4682
2245
3516
283
4346
4448
3093
3118
2519
2040
4739
4258
1422
1758
2009
4524
637
4798
713
4306
3618
2134
3255
2888
3248
0
408
3034
3252
1887
4879
4477
3294
72
1217
1566
1624
2997
4754
899
113
849
774
315
1064
4513
728
4652
2847
617
244
3750
738
2829
4621
3889
3142
3028
449
3540
4563
1741
904
4010
2171
461
1935
1985
1076
2097
4462
634
2642
1245
515
2348
4367
1717
4474
4862
4389
500
450
1118
206
708
4896
2493
1978
1738
948
4562
3790
3759
1192
4502
742
3872
4401
2265
156
757
2636
4433
4675
1255
2156
4392
745
542
930
3130
1017
4288
2294
30
534
4415
1351
4327
4792
1508
444
4493
3047
2032
1641
3088
4351
2552
2173
3752
4681
4042
2425
253
1421
2129
3707
1264
4020
4047
4684
3565
2967
1526
1450
4105
652
138
1730
4328
3464
3724
2307
592
3241
4209
4332
2489
4504
3059
4819
911
2668
2397
4135
858
837
4017
2501
1234
3669
308
2235
4820
2208
4764
1688
1006
3219
4765
662
1813
3601
4266
1309
3039
4838
1494
567
4196
4550
4783
1054
4137
1370
258
557
4126
1496
2772
1858
1072
2104
1197
1713
3114
843
3045
2090
1541
2848
1833
2415
2799
3660
4348
3893
1323
2562
1221
1441
2214
2384
1199
2068
2803
379
2421
1227
1784
2011
3211
2776
1007
464
4019
1337
2301
466
512
3789
3079
4578
3251
977
1334
4590
4751
3449
3564
494
2950
139
3551
4416
2609
4660
2313
2660
2622
4767
2724
3648
259
3345
2572
4759
463
2461
3667
3730
3900
1216
4183
4240
1663
525
1403
2711
4718
2403
188
2676
2989
2849
2115
2464
3429
3873
792
2742
1818
3944
3266
2812
2228
678
1340
4773
1958
4564
4121
3491
2846
2127
84
3662
3982
638
3189
3647
60
729
2755
964
4408
2428
1720
4584
2625
685
3738
3576
1910
163
4108
2534
284
4602
3912
4009
4481
2429
4146
4021
1268
4167
2591
1151
3587
3162
919
36
1917
1284
3963
1368
2783
403
3689
40
2257
2673
4803
4315
4864
2574
383
3731
2258
4683
2759
3278
4807
1069
2511
563
1386
4712
3981
469
2365
3966
731
1576
1100
854
3087
1962
4062
2667
2391
2822
2599
1159
4449
3677
3548
2840
2613
2056
3330
3700
3482
4397
3230
285
2517
3427
1719
3883
2420
3436
2672
96
3943
3049
4738
3690
1865
404
1999
2568
1208
73
4441
1582
140
4870
248
4609
239
2386
2813
2190
142
3337
1305
2455
3607
813
3957
2024
988
1950
4436
37
2515
1594
2624
2292
1109
4370
4824
1019
1120
3800
1959
1377
1551
4072
2283
3852
148
4834
1897
3754
1877
1004
3762
1232
2216
2401
3104
3840
61
3359
1949
2557
3493
2432
2417
724
4636
3076
4881
4587
4666
2168
1956
4045
1290
580
154
3409
2033
302
2366
4257
4087
2151
2339
3905
3713
2576
1291
2335
978
4106
2649
2302
2810
2864
3038
1626
1612
1506
2898
2793
2876
1454
4151
3203
804
3748
1894
1273
2195
2567
698
2521
647
1613
1105
4117
2226
3544
1292
3911
1344
4656
1516
316
4231
537
4486
2378
1606
2430
1231
4028
853
2329
653
817
42
2355
1409
2879
3508
3805
2111
1584
4455
722
431
4485
3167
2439
3350
2078
590
2293
3492
4230
4756
654
4845
1581
3650
3489
892
3081
1678
2937
4154
3152
2694
2054
982
3223
1168
1428
4673
862
1423
4125
600
981
4316
3870
1850
134
3771
1031
3003
4601
2093
4063
98
3910
3844
3736
1411
472
4361
1736
3863
2362
1521
4046
1768
1595
2320
1536
1750
4883
3811
2725
3325
4173
2819
4026
740
4417
257
4861
4571
3725
2005
224
2854
3309
263
4066
3703
2751
3175
2798
3262
4065
4505
2545
2923
1088
89
2107
4152
4198
3568
2183
644
185
2973
2164
2399
4035
1081
1596
958
3163
487
846
3778
194
3197
4611
3159
385
2133
1195
3851
3744
1385
4517
3336
3434
1000
3413
2167
345
945
1614
2715
179
4866
3404
3841
458
2186
1147
4378
1657
918
4473
2333
4218
2105
4394
725
3499
418
424
3765
3600
1793
3823
3369
1992
2140
1645
4512
3275
2688
876
1096
4174
670
292
3277
1569
451
3882
1484
2553
2889
2920
2069
3998
1524
4242
2629
2756
3590
4238
1687
43
4871
2233
2719
480
21
4077
1097
4286
1529
668
4334
4657
2990
2359
2446
1986
110
2792
2295
409
3073
3213
2664
2522
3394
4229
4034
3129
2693
2341
3438
4396
3253
3796
1682
4867
3094
673
4492
4444
2352
295
2992
3972
1553
618
3043
1695
2202
2566
3518
622
1597
351
3929
1030
3935
2437
3101
4715
4184
3613
58
4211
3280
1383
3541
2794
2172
2526
4647
57
2787
294
474
803
1350
4500
4228
1661
2674
4294
2893
2398
4573
4089
4774
4458
2995
2242
363
545
2495
1067
3147
3727
4604
3331
4736
4297
4794
633
4472
4124
1574
88
1870
2484
2541
4822
523
4140
2520
3890
3924
1932
4064
2663
242
1636
4241
4247
4832
3639
4357
2708
499
3628
1984
2351
4537
250
861
473
2549
1800
1214
3343
137
3579
484
2477
2207
1646
1341
1445
1671
3992
3786
4786
3714
1152
3249
1013
1144
3656
4627
946
2199
4884
3987
3222
3860
4018
1130
3258
3880
2922
3339
1578
3820
1826
95
1317
1113
3145
2006
1296
3922
584
4772
2779
1263
3916
2103
2479
3994
1970
3761
2841
1832
2747
3989
2999
319
1026
1493
3009
1374
1119
3236
2081
3362
3990
4290
2966
3
270
2815
352
2827
2585
2532
2031
2830
2904
4714
3466
4373
172
1514
360
3157
3570
4643
4403
3547
1314
4057
1032
1243
3068
4112
4352
1426
1971
150
3685
3768
3161
4591
2698
2457
4143
1622
667
4882
3638
575
639
1677
2628
4489
999
2180
336
766
4043
4391
177
2044
1653
3422
1707
1089
531
3244
1748
4058
1267
1174
4577
788
2637
1091
4799
2272
3501
3305
4069
3637
3735
2547
1408
2
2570
2025
935
3379
2260
1963
4615
4310
3886
3574
1148
216
4442
975
93
3382
415
1900
310
1844
2451
920
3836
1041
2092
128
816
1689
4484
1164
1633
3715
764
3739
4005
3172
213
4688
3653
696
1161
161
1200
1902
783
4750
4811
1039
612
29
1057
3699
2367
4203
4115
2237
3567
1812
4044
1125
3139
1816
4713
4831
267
27
2112
2387
3955
501
3815
2953
59
329
4155
2371
2593
4827
547
2136
529
2473
3862
3927
3108
1127
3937
1623
1756
4526
3716
189
3156
602
4189
4891
3454
2555
538
4622
1272
1357
4545
330
1324
1451
1909
2833
953
1448
2703
1866
2921
4812
1531
1399
2643
2459
1142
3019
4547
2002
2977
1861
3804
122
86
2042
4298
1839
2027
3780
2239
4208
4629
4711
970
4804
4894
671
1583
3899
3217
1543
3602
1982
732
4274
4828
625
3273
586
211
1442
4519
4859
4722
2003
471
1869
2704
3072
1461
4318
3604
2324
736
2416
426
2382
2578
751
3291
3610
2082
3195
1933
1680
149
4033
3702
376
3036
3976
4561
4067
2918
3366
1675
4662
4624
3687
3462
3085
4782
2933
3199
2764
3620
2251
417
985
3597
4176
4199
3694
226
1018
1589
1896
2309
162
2197
3050
4438
1766
2089
4283
4068
3136
1492
2865
1037
3500
741
630
2240
4727
4763
1652
4826
3573
2765
4008
398
3408
2229
811
4390
1212
2917
2297
802
4053
2935
3306
2218
2627
1743
1055
2187
420
1225
2530
3947
1219
913
4421
1038
1432
1459
4778
2634
1649
2720
3928
2110
297
3196
2007
3691
3371
1668
3082
2063
3032
1146
1358
1924
4813
397
901
3299
907
2605
4762
3801
1929
2748
2805
831
4440
3830
2559
3357
4806
3538
3531
3556
4589
3322
2050
1045
4665
4000
2234
2141
370
2067
2733
1010
1288
1046
1761
3596
3011
824
400
197
4757
1396
288
1651
1997
1981
3188
4275
3818
3645
4159
1643
4296
1819
1760
2957
4725
2932
3874
3623
660
3512
4582
4855
4748
4071
1349
2691
790
252
2470
4618
784
528
4074
1295
117
4737
3958
623
1954
2356
3506
4287
109
1398
516
1034
1252
2143
2238
3297
4216
1229
3812
2563
255
3353
4081
2346
271
4559
877
4439
1943
468
1540
3734
24
3372
1458
2902
1859
4381
838
2823
2048
1371
607
3584
353
1058
3917
405
3186
2644
1975
4326
2880
3250
1558
4510
217
2117
160
1620
3272
4897
4876
524
3859
2577
437
3176
2165
1430
1927
4424
672
1339
261
4784
4354
599
3514
3705
626
2620
277
3953
2542
1137
64
4122
2254
3363
2503
2770
3608
2718
2347
4649
1444
2963
4854
3711
3057
1173
773
2037
50
491
3586
1855
1912
164
2600
1343
1325
2264
2775
2675
2388
2277
2926
521
1025
3589
4387
2248
2648
1443
4633
541
2330
865
3456
1140
1840
4793
4192
3224
2038
3191
2424
3809
4325
4529
2217
2546
1621
1563
3381
3283
3289
2098
366
4835
645
4145
2592
3783
3769
648
1889
380
2900
268
4200
2061
1011
4747
4858
872
1947
4752
4263
1410
1632
1694
1372
2395
2571
312
459
3433
2835
1725
2181
969
4496
2368
2028
4337
1149
2210
1178
3749
2843
4210
952
2047
2768
2631
756
3494
2869
66
3530
4359
798
49
1439
215
3757
3969
3180
4833
4721
4457
1500
795
4169
2942
41
3581
2785
105
3318
1285
3676
949
2507
2808
834
2687
170
4613
1690
3825
1592
2859
2607
3281
2271
1226
709
2372
898
3496
4255
1193
2252
4450
3425
2907
845
3246
4132
2021
2126
666
4358
349
3238
649
689
2581
3078
4447
4148
2130
682
2500
4614
1693
358
3822
2550
2665
2219
4386
2285
324
201
4186
3753
2261
3190
4885
2727
1122
2013
326
699
1487
4594
205
923
658
82
1998
793
279
1342
897
223
1972
335
1201
103
186
587
4322
4730
3849
1658
4544
1218
3668
1104
4632
3595
4038
4844
2189
1001
4600
1806
2850
1207
1795
4878
4402
4535
3225
3412
2064
166
4217
3111
655
478
2085
3083
3418
4374
4521
3126
4314
591
801
2885
3471
2881
3627
1559
1185
2606
4162
3582
1603
2680
3523
299
1961
1467
3918
4273
3406
3182
1925
2892
496
2773
1843
2338
1973
131
4377
1446
836
2374
1440
4697
2465
399
1462
1556
839
3015
2774
2615
768
4616
4406
4295
4742
1579
3562
4617
3106
2658
3719
3390
841
3896
4350
1977
4324
1274
3442
1699
1820
3383
212
809
2696
1488
1424
2058
2539
1708
300
4039
4873
4385
3169
4052
4248
2795
3798
4205
921
2434
4091
3354
2518
3430
510
1607
1419
723
1338
2825
4575
3386
2411
1635
3688
3776
1294
2940
3351
1332
4470
2454
2012
4874
3303
3212
3834
4777
1319
3897
2034
752
2514
2017
2714
4451
4305
3012
1275
2791
2524
848
3764
391
1376
1823
857
3279
760
3892
2376
2322
1466
1181
2656
903
2651
4051
4805
2801
4551
4840
3693
4341
3842
855
2936
218
577
3554
3915
453
1498
2022
926
1298
2671
1617
2039
3185
4687
1404
2757
1066
674
4153
3384
4092
3341
3542
3925
1650
4692
1157
1948
4723
991
3112
435
2912
2949
4640
2531
2118
1481
2316
4569
513
1501
3868
765
456
4685
39
2492
4319
1834
2253
4070
737
2707
2119
3040
112
1166
3646
4663
915
1770
2204
4699
3052
1862
2816
4382
2897
3603
3814
4006
606
2481
3170
4090
3511
4836
3380
4423
4501
3066
129
1957
1600
339
4527
3017
14
2116
2095
1520
1545
4651
1087
116
3048
544
4516
4507
4029
165
3200
1587
2072
868
1647
1918
1425
3585
79
4037
3946
3461
3679
727
4225
3210
553
2842
2250
1077
1803
249
3932
3674
3630
4877
1964
572
936
4543
3615
2786
3624
4360
2016
929
2499
1873
1028
54
1776
1090
3621
1881
2939
2196
1630
4853
1769
844
4508
1774
4049
448
2215
3205
4054
3024
2903
631
1133
3135
1260
488
4347
665
4693
2934
1849
325
1908
2358
346
870
2976
717
4753
1248
1765
1141
646
539
234
3879
1567
983
269
3661
3813
1373
3909
1631
3509
1679
4278
3642
3113
3959
3207
1438
412
4180
1331
2323
1196
3132
3631
4320
3298
543
1669
4040
4364
2946
1535
332
2743
4285
2227
4418
3208
4079
4349
2709
771
3795
2998
604
1223
4335
944
2955
2868
2984
4405
4084
4113
3018
860
3194
238
4170
1824
281
2010
1256
556
4704
3979
1780
2800
256
69
582
1429
184
489
4626
4700
4445
4678
2224
710
3504
552
3160
883
377
1705
3268
2749
1810
4107
157
714
4249
4078
1683
3722
2418
2610
4887
2288
507
1389
4491
4702
1162
1829
3440
2817
3832
75
578
1391
3712
3056
1890
3758
91
1775
2353
2582
1354
3488
1856
2856
2438
1987
4802
758
3654
1250
3526
4302
4289
4048
2124
1817
942
1022
1051
1406
1599
3022
4706
1755
4271
3033
3290
4156
2910
228
124
4741
2851
3887
372
2146
2045
2221
4506
4207
1300
275
3478
2379
1988
102
1379
4270
1585
2788
692
111
2760
3110
3671
2958
775
3833
4025
4356
374
2632
56
1788
2099
1239
3284
4375
1922
2036
882
4581
3041
2314
2684
3651
1503
1184
691
1299
4376
2646
3672
4598
1618
62
1953
3239
2650
2485
1479
2177
2255
2839
4483
4556
498
1382
2638
4221
2716
3701
1544
2875
4839
1190
2737
730
833
1907
1397
2182
4860
4123
4404
2389
1505
808
611
1312
1474
3218
2682
1126
4412
4728
3861
2191
3961
3843
439
2763
3802
12
1966
629
3171
4175
1282
3453
787
3235
888
694
4534
971
1841
237
331
2754
4264
1754
1836
3903
3128
1722
3115
570
3000
4746
2267
2482
3951
3120
2741
1791
2144
961
3853
1068
4560
1165
4815
2884
690
2157
1557
395
1101
4362
4419
4709
3781
3377
4368
1883
2814
2712
3227
1837
1757
3560
3571
1311
2046
2394
3307
2916
3133
4625
151
2087
393
2767
3347
3451
2633
3187
4191
3652
2231
2874
99
3533
407
3144
1805
3483
4893
3626
1745
4280
4060
3467
3333
1206
2993
193
1040
4329
47
4181
203
4583
3575
3682
987
1570
2584
6
2536
481
1106
44
1435
4892
4760
4282
4789
3260
4323
2449
2544
2241
3254
1904
3402
4299
2602
656
2981
4344
433
1878
2450
4262
3166
2070
2155
4674
4178
3439
601
3942
3055
1946
2866
1378
4671
3520
3469
2170
63
1413
2000
3782
2128
1507
562
4459
4779
3907
411
4428
143
3234
4708
4542
1945
4254
852
3985
421
1134
3524
2669
1110
2789
636
2075
3071
4246
875
4187
1065
3588
1491
2852
2896
1307
4414
2326
1465
3521
966
23
4593
3420
195
3457
780
4872
262
4011
1787
1838
1473
3881
4801
146
812
697
1684
789
3016
3599
4027
438
3295
526
364
127
4276
2344
2193
2276
2281
3042
4104
748
3515
796
3968
4301
4701
1742
4514
3658
3137
4498
3950
3448
3742
772
381
4548
635
1345
581
2169
