2102
4333
2544
2736
3212
4172
9
1808
4530
3324
3586
906
253
3884
2876
1161
1055
4366
4125
2185
2684
4656
3277
88
3869
1154
3846
3675
3917
932
1577
3703
4324
1332
4565
386
42
2767
4178
474
1828
852
3374
1485
728
3996
1796
3958
48
529
2583
3816
4336
1420
3080
4650
3420
3349
557
4199
4847
1365
1558
582
4885
4014
990
3254
2756
3552
1471
4196
430
4509
3840
1060
1086
1278
3238
3862
563
1275
1155
749
1315
2595
2677
593
3120
2569
3914
4538
3824
4412
2791
4275
45
2747
2294
490
2610
1355
4469
3643
1219
83
3596
2207
4503
4429
2140
2968
4715
517
3362
1216
254
1306
1353
3827
1595
3818
2203
3083
732
3579
1010
2730
1256
3684
2491
457
3517
662
1981
4472
3563
4377
2877
3154
4853
532
1398
1865
4817
4009
1502
2104
815
3955
885
3190
2459
934
117
3940
2986
2878
3370
3172
4850
81
670
886
888
1348
2563
1158
1585
1184
3086
2181
883
1020
3629
743
1487
1241
1975
1811
3790
1293
1325
725
4304
2252
4273
2627
536
970
2269
3635
4881
393
787
2138
321
4421
2721
2937
2049
3625
1665
212
4184
3937
4332
388
4220
4062
538
3852
3808
4358
1613
3493
4585
3723
1156
1804
702
49
3638
3522
1694
3081
4502
2292
585
2395
1554
4265
3656
874
1361
4632
156
2631
3731
2921
2397
3987
4082
1356
4814
2375
891
4348
2229
2396
2874
2769
1068
3942
1347
3342
1952
2353
4278
1458
3806
4279
841
4391
4686
446
945
3223
3224
4717
440
663
761
2732
3690
721
626
1521
3168
4032
2839
1919
1324
2513
2212
1732
2493
4285
4561
2658
4288
2913
2266
1115
4522
487
132
1445
2834
588
2256
4515
2659
3804
3044
1296
1621
2475
3810
2091
3995
4468
3777
1638
1629
4658
3450
3103
1648
1242
3893
2330
1753
1996
125
1562
4433
3052
4291
1552
4134
2940
4198
1849
3879
417
4298
412
913
954
4692
2565
4624
1539
4084
3265
4059
1379
3304
1631
4594
293
3664
4163
4750
353
3574
3062
1942
4871
2231
1652
2609
4179
1447
3182
1285
3447
4368
2183
1032
1896
2462
4526
957
2657
3244
3296
1318
4568
4631
4726
4709
1802
2985
1057
465
2270
2611
2039
4401
2777
762
1418
4123
1385
3188
1257
827
3735
3681
790
634
1557
3141
1390
4731
2626
2276
2644
3482
4050
2151
2098
4872
4161
4152
2416
73
4552
890
4396
3539
3174
1406
170
4684
1466
4212
4576
4259
3075
4434
1233
4436
1971
2485
1450
2599
3888
1267
828
1426
2022
3084
1903
3198
4404
2888
3865
3640
1888
1473
1990
1960
279
782
1411
4130
3115
3786
2013
4407
32
3069
1339
3613
3658
961
95
2118
2298
481
2406
4204
4484
1540
4734
2531
908
2377
1593
1266
901
3982
1329
1777
4392
4487
3113
889
2664
1366
755
1608
983
498
611
1493
1542
3678
3738
1592
1599
364
2742
2410
697
3225
4603
4663
2263
1688
781
1669
2897
1264
3055
4869
1642
2929
1414
3573
3122
817
3359
2927
4048
1295
1528
640
4116
675
3783
2233
33
3628
3615
993
562
1749
2841
4796
1607
625
894
3135
372
2637
2602
2115
750
2440
4000
2227
87
2071
1388
3700
3980
2584
3407
494
287
4079
712
2554
2977
3236
4524
757
3158
4325
3965
2289
4458
270
1661
3015
4724
2121
4008
3532
1223
324
1959
425
1842
4463
4788
3270
2854
1663
3970
3284
2338
3798
1744
3139
4416
1917
1900
878
576
384
1492
2843
1958
4475
1470
2425
4606
2170
2312
756
1302
2809
1133
1899
2922
380
4329
3137
2938
4453
2740
1697
3112
301
4459
3831
3460
3468
4840
968
2936
928
3399
3859
2754
4799
3235
4053
1824
3571
1747
1059
1489
2214
3410
4255
1409
3665
2345
4244
1444
3181
879
16
700
475
4001
1124
1569
3585
411
148
2971
1616
1172
600
1218
3153
1850
2159
1349
4457
744
4380
4497
3856
1791
418
674
3264
3090
3525
849
4007
1125
4755
3074
3973
2603
4677
2875
3715
4702
1597
2268
4556
1061
2849
8
573
3241
2750
2402
655
342
1025
1890
1245
3155
146
2900
3177
4818
1956
1934
314
531
2803
4895
2823
3
326
1909
911
2243
4267
3187
4511
397
178
4036
2055
1173
621
599
1138
1343
2811
4139
2892
4678
4222
1632
1314
2725
839
1307
2882
2394
26
1239
1624
872
3001
4533
4338
3406
2948
4795
230
501
643
2007
594
3058
2522
220
4639
2100
1986
247
3758
2335
3998
4078
2253
2463
2237
338
3128
423
870
1579
1146
4784
1519
1170
3751
3476
3495
1861
2434
647
1729
1580
1560
2867
2486
4783
3724
754
1180
4771
2193
2696
2588
3534
4780
213
162
3028
1491
740
4376
2202
1451
4874
4102
2110
2388
2359
3330
3326
3829
4605
3498
416
1230
3316
2038
3542
1943
2224
166
184
1504
1276
197
3096
2812
4553
4133
2132
1099
2180
1817
4410
1370
4180
1187
3877
1377
1911
4044
2847
127
2474
24
2308
2085
1683
1028
2173
753
4347
4637
478
2519
2837
1496
952
4893
4208
2444
860
2857
2593
1939
1269
234
2219
2275
684
4384
1868
419
482
3559
850
622
1226
1240
1727
1346
784
370
2271
2814
3185
523
1065
185
401
2405
119
104
509
311
4319
275
3867
1792
371
266
4154
188
2549
2274
2735
1801
514
4712
1331
1687
648
1614
2853
424
1001
38
778
4229
2172
614
4685
98
4604
1280
274
802
3170
1964
1425
592
4667
4828
284
694
4819
1700
2918
3519
10
2244
1567
1209
3925
2920
4573
3229
65
759
2088
877
2687
2614
3023
1612
1277
1075
2235
1287
2337
937
2382
4061
2547
3402
3301
3281
1214
3782
2713
2328
3646
1117
3721
2318
1178
273
3773
111
3461
1189
1978
295
1431
2953
2324
978
3340
3633
180
3056
3936
1309
4732
2047
2718
1202
1259
4577
4676
718
1953
921
4236
1740
78
905
1499
2704
981
3650
2040
4439
3929
2079
296
2810
4144
651
1574
196
2944
1534
3639
1816
4192
2160
637
615
1316
1931
601
2251
4855
4721
4090
100
4792
912
2084
922
4572
4591
2201
3193
1800
2694
37
3260
3752
686
3823
1035
2424
4665
2262
578
999
2063
1818
2737
1961
3039
2503
2615
4877
1036
3699
2021
2393
376
4217
4260
1667
1163
1692
232
1941
4769
3251
4193
3481
947
4867
3337
4346
672
2139
3548
4761
943
988
696
3283
3024
4630
3581
3234
1475
3971
3328
493
2516
1147
1094
4069
654
2303
3308
3173
2378
1344
409
3997
1972
1898
510
2532
3290
4142
3541
407
3250
1476
1461
2818
268
3932
285
94
399
442
1984
1848
2075
3880
283
4588
228
3274
2296
4415
4800
2676
3589
3478
3881
4033
627
1382
1271
4465
1229
3864
4135
1507
4599
4234
1543
3465
4232
4718
286
951
1756
2760
1925
4824
3353
299
2996
339
4272
2081
1308
822
4094
4564
4884
3805
272
1299
2464
1446
673
91
2371
1606
1119
4481
2389
880
62
3382
3748
2808
4768
1198
173
2836
1527
4873
4207
1400
3466
1423
3614
1677
90
2342
1064
3070
1249
4060
2912
3381
2501
2601
203
1883
4399
366
3034
60
567
1784
568
1102
2883
4051
3288
1008
4296
51
4054
4099
3992
3217
1116
2691
1995
4068
53
703
1894
201
415
3707
915
811
1040
551
410
2026
133
2162
4203
3562
774
1636
1440
2553
2316
2533
1044
4759
2423
3967
747
583
996
2786
518
1481
3872
4427
1950
3201
2988
575
3926
348
2879
2015
2326
1991
706
644
3077
3583
3253
4805
926
962
1587
2044
1386
2072
657
4167
248
3027
3556
3206
3017
1767
1338
3617
3025
4640
4728
1627
4823
2145
3361
2432
3882
2962
2831
4559
4369
2313
3485
847
1228
1634
4579
2400
1993
1742
4022
4405
340
825
1049
2993
2467
2844
944
2917
3928
4756
3035
3895
2006
3874
1852
824
2288
763
4525
1763
43
796
2407
2510
876
1628
4040
4263
4634
4593
2323
2307
1649
82
3506
823
949
4251
2356
414
2165
2443
225
4878
4454
199
2341
4689
3999
2360
4894
455
707
1072
4268
315
3734
3400
2163
1139
2067
3645
548
1819
4601
2711
3809
965
4886
3616
1127
4758
259
2111
4303
4221
3041
2555
2898
2380
239
242
3915
1490
1297
4176
667
445
2472
4845
974
726
3360
4519
3849
610
4378
831
2914
112
4411
1145
3587
814
665
2625
236
4413
4437
1814
2103
4024
3554
3262
4359
2189
4021
473
54
3295
3763
3291
4162
4754
2216
46
1550
2009
1916
4126
3669
3273
4397
103
746
2598
4246
4362
265
11
2366
3076
1048
452
219
350
1261
3733
2692
3611
4444
1549
4215
2080
809
4266
1787
1126
153
918
398
3435
1600
3484
4387
4464
2868
4306
3909
1000
1525
661
235
2620
2131
121
1858
2197
1056
986
3983
2430
183
542
1304
1179
3022
941
2363
2617
2622
3728
4075
4501
4114
3744
1866
3607
164
1317
2683
800
1093
1401
2991
77
1019
4335
4826
1799
1644
2821
3099
4660
2654
4287
624
2548
2910
207
530
85
2178
3885
2123
1510
4004
101
3203
2561
887
4261
2717
312
2908
807
2157
3732
3767
2989
3341
3991
3550
875
805
2906
3799
2679
395
2112
2261
2196
1088
1497
3134
3464
1544
4512
2773
4096
525
2624
2048
1709
4763
4323
1153
2778
2455
607
752
4343
2340
1679
2785
1181
249
2517
2177
2354
4680
3426
1526
2260
1421
4521
833
976
2217
3151
4777
2074
1716
864
238
4583
2817
2826
1611
2349
1726
1576
3911
3142
181
994
929
31
1686
1464
1250
2941
3227
30
99
2428
3272
2284
2890
3162
1977
2965
1066
1395
1807
3178
1524
844
1745
4442
4420
4789
3269
2057
1143
1222
1387
1590
2964
2347
1793
64
277
3538
2199
636
2728
3275
2726
4883
4171
4216
144
1884
1774
1
1710
1737
4127
4280
2668
3413
4440
3578
2961
4361
2909
773
3020
3817
4498
1798
2632
4344
1408
2649
2439
4829
4395
4382
2943
1330
1870
2240
4642
441
618
2665
1885
4713
4645
3218
2258
4238
2537
2246
3209
335
2960
892
4186
4010
1630
336
3014
102
3063
3908
1980
3569
3924
3606
3649
1380
3278
4835
302
4441
4870
4790
2538
3123
2228
3636
1872
3709
2419
1862
209
4700
2045
1288
580
2945
1433
4290
229
200
4574
3903
3848
2891
1854
503
2772
3220
2391
1794
2528
374
2967
175
1693
2546
1167
191
6
1762
713
967
2788
570
1037
4474
3813
1071
3968
2060
3919
3315
2304
3306
2924
714
3282
1976
2893
1887
4482
1199
4672
3515
4851
2452
2365
3898
2025
3866
2715
3305
122
617
1933
727
2911
2191
927
682
2033
4086
4602
2096
3621
3101
3456
4450
4701
3166
4532
1097
3842
2495
1856
436
639
4813
129
3222
4548
3043
1512
3118
3376
4861
4326
2568
4809
1764
2639
3210
2441
4041
3904
4863
4331
798
4149
1551
2572
2322
4164
1689
3623
3117
3841
2509
2832
4628
3743
1583
306
433
4711
4225
1282
1783
1541
3125
4804
4879
2498
1741
1383
2220
2745
3050
3529
2621
2515
4308
2398
3202
4093
3528
2512
619
544
1920
2752
1537
2500
4175
1054
2982
3346
3256
4446
3791
4131
4528
3619
3237
2520
1427
3092
3087
4408
3677
3889
1928
3073
2656
4636
1559
1731
157
159
4035
4720
737
2590
2794
4148
3487
4242
3228
2046
4491
668
4749
4517
20
1449
4189
1965
3048
2761
3211
4638
2534
379
124
4760
2029
4422
3437
772
4535
791
3091
1751
1144
1778
1416
2776
3912
1480
1769
3266
693
469
3457
2415
2168
535
2963
4076
1831
4880
2695
1434
444
690
3436
1882
4523
1015
2780
2978
2981
3401
1618
2206
3094
4295
1506
4045
2367
4710
2107
256
280
834
4254
2709
3762
4716
4104
3822
1073
2514
4141
1671
1135
463
1448
4520
4072
631
4385
1846
3899
4030
4056
3659
1026
4055
768
3332
3486
4647
4649
660
116
1938
4118
676
3412
4314
1027
3261
2175
4773
4740
821
86
705
2919
1886
3876
3292
1231
3383
3325
4248
4063
2697
569
816
3933
1132
1946
1376
2146
4843
2171
281
3240
1535
4868
221
1820
402
2753
39
1279
2355
1289
2364
3393
2830
3144
505
4811
3391
843
2932
3742
899
1662
1369
1357
448
18
2666
3439
1452
4355
1921
3338
1523
3630
4744
2458
496
751
3568
3701
2955
4722
4253
881
1565
3390
4621
3002
3459
2153
2113
3176
656
309
4428
4312
776
2669
4270
1017
2277
973
861
1982
2706
3409
794
2850
4739
1103
584
2949
2451
4109
454
3566
4581
1006
2822
2264
4781
1966
1435
1546
3216
2106
4357
1604
642
307
4816
4029
795
1159
403
2016
3248
3502
161
2983
4859
1979
4023
3807
1067
3377
2300
52
4147
4643
1659
97
606
989
4612
3242
2859
3033
1274
1016
381
264
3411
1790
3323
2570
4704
1412
4473
3764
3801
2167
3705
192
1676
4693
3870
2904
1108
2344
4302
1904
2232
788
2141
3078
427
1101
2409
4808
590
1702
2429
3756
3946
3175
1341
3375
630
325
572
1105
900
512
4065
3894
2958
3755
1673
1373
2242
3314
2672
3784
4375
1651
4776
2525
2980
540
3386
2471
1581
1988
1788
3152
4694
216
1895
963
1945
2099
4153
4687
3398
3082
1566
1248
3671
3488
2105
4876
2894
1227
1455
4627
4157
4274
2707
3719
3167
1855
3871
4495
1454
1913
2082
3347
3344
1974
3897
3358
4058
1109
4115
3604
1758
2714
2653
261
4891
3423
1372
803
933
3102
4659
931
2331
2282
1253
67
1052
1530
4518
4690
2208
2558
4321
3561
115
520
390
1755
4239
2979
853
1874
3536
2923
4057
3408
1863
4445
2329
3469
2506
4174
1483
2942
4018
4798
2846
130
355
3415
3679
2334
4328
813
3951
3523
3989
240
123
1391
462
3363
2763
1707
1757
4892
3194
2974
4652
1795
2083
4283
4140
3725
4827
437
4317
1042
4508
632
2651
334
3527
2317
2158
4806
3428
4289
4802
4485
3637
1821
4390
1033
3329
224
4083
2477
842
2655
4596
2575
4747
2648
2764
3641
290
3949
2825
1513
1392
3954
2272
1853
1548
208
2311
3131
435
2142
4398
715
187
2027
4191
1876
2024
3828
4182
107
1907
4214
1441
1405
1797
1682
942
3395
1029
243
3696
526
1833
1786
871
1359
1494
2934
4725
748
2790
1327
2663
4345
378
4551
3138
2383
118
484
2729
347
1561
128
3051
3781
507
3943
1224
4767
140
2184
3811
2629
1573
120
4269
3046
4648
4156
3530
4613
2399
2576
4200
1123
689
1602
3892
2479
3692
1924
2635
450
547
330
2896
69
2325
1298
3540
2957
3230
1645
2179
2028
3516
1937
451
458
2628
4571
2819
468
612
2390
4297
4070
431
3200
818
4449
3507
2782
1273
483
1873
459
4782
1120
1165
4646
1468
176
4197
506
2218
71
1098
2689
695
3814
3969
1137
4393
1897
4666
2061
4414
165
1869
709
1735
4540
3845
186
2259
1352
2698
3549
2161
2855
4531
17
4006
2043
1399
1424
1715
68
1881
4089
2862
745
2130
1122
4896
2933
1360
4205
3446
2490
3354
4213
786
193
4586
3839
936
3600
4500
3883
3927
1104
799
3682
1906
3159
4330
2449
2280
3208
3945
4787
826
4168
2597
4547
3467
3962
785
4699
4043
160
1479
916
3371
992
3379
3508
546
2064
683
2018
1168
3760
74
4074
729
4432
950
4012
779
106
4015
489
4897
1664
2236
3372
3268
1114
110
1657
2755
1087
1121
3521
620
3551
1803
1208
488
392
792
3397
2114
61
4620
2421
3923
3741
3318
1932
3184
1954
169
1761
1908
4741
2299
2643
3584
2414
3054
1696
3417
685
2813
1641
2869
297
1417
3977
4544
3886
1625
4499
3367
3047
4100
3803
3189
1997
1711
2613
4582
179
3110
4550
2550
2865
2947
1674
3214
3910
1515
2042
537
508
2369
1875
1079
770
4653
859
652
553
4119
1723
4688
966
1300
2418
1668
502
4461
2638
3180
2606
1484
426
1058
438
4095
3793
4729
2361
1752
2801
2154
1517
3414
3832
3430
3717
1704
671
3837
1859
344
4271
4786
4669
382
699
1286
2701
4825
2703
2526
4132
1157
246
2739
4466
1646
4837
2930
1270
2660
2492
3042
4124
2770
3708
3582
3196
4610
1809
4595
3986
387
3127
4305
3067
4231
3060
245
491
735
4066
2487
3453
2505
327
545
4342
3757
1429
2751
3500
2774
848
2352
3518
1781
1564
2616
4489
3403
449
1320
3434
3979
1212
1381
2693
4887
3666
2582
2946
2708
4452
3526
3107
1459
1294
1973
2901
4143
495
914
3698
3531
3454
4794
2852
377
2445
3720
4488
2748
4695
4195
320
4226
2612
3900
308
3431
692
3003
2403
1728
479
1893
4448
3770
461
2250
4019
4563
3095
4243
2984
195
2535
1944
3463
3565
2156
2925
75
1012
2766
3509
89
1838
641
2758
856
2757
2636
972
0
3577
3896
2716
979
4705
3483
1200
4470
4751
998
554
4170
1750
4609
3504
3147
2358
3226
680
3071
466
2412
2392
1046
552
1415
2128
3844
837
1684
3343
3511
3588
3368
2097
3097
4480
2036
1265
975
1225
527
1572
1837
2150
1262
3007
3564
2461
3768
3726
4400
3916
1013
1203
1141
3750
2287
4456
4081
2
141
214
3012
3475
1681
2674
3008
3985
3258
3754
1650
2775
609
4856
3422
4350
2442
628
4337
4807
4654
4417
2787
3302
3706
1197
258
3148
2031
1183
3350
1918
4865
421
29
3191
4775
2137
4052
434
72
3458
4201
775
3779
3298
3718
453
2488
2005
278
3663
2279
2733
2086
2931
1989
2564
2543
1591
836
1589
2594
3232
4409
2309
250
47
2527
1829
294
3239
2864
2972
806
2600
408
923
4002
2247
2094
1721
2562
4888
2225
3850
3474
2815
1805
4309
3612
19
4723
608
3512
1914
2907
1004
3321
638
3501
3491
3821
1151
1998
233
3442
1626
3688
3327
2895
154
3432
1584
1336
2254
2127
3934
4403
4210
1337
2670
1830
4158
3891
3745
4608
3164
3950
2604
23
1152
556
1823
3847
1834
2951
3031
1171
328
1910
1334
1402
3567
1047
3875
3255
4492
3369
4320
2518
304
4889
4537
2339
659
3038
3300
1514
329
2433
1603
4311
139
2362
1610
1478
581
2245
1771
4318
3729
76
4300
3005
3537
4374
4797
167
845
189
1654
3976
3825
1538
1166
2476
1367
1378
2302
4611
948
499
171
534
4230
1195
2749
2556
1891
720
938
4633
282
1045
4026
4105
3957
3605
3036
1014
1724
3335
4101
2552
3704
3445
500
4190
3975
2915
2001
2995
12
3655
4820
522
2799
2301
2734
997
3440
3667
1511
1969
1192
2880
3016
1003
464
1453
3546
3221
210
428
1150
4623
2478
4067
4691
44
3618
4541
405
4451
1992
3380
2650
1354
4292
741
1176
4858
2793
1255
4587
317
35
4733
2320
2468
1498
633
2370
2700
4315
1970
4670
3952
443
3647
3470
135
2192
255
3309
3093
804
2053
1658
2578
131
3787
3161
541
1685
1238
1619
3140
4307
3192
4764
318
298
1940
2521
3387
955
3057
2204
3737
150
2401
1922
3631
4607
1252
3836
3956
2166
2802
3676
3089
4864
357
343
4277
4160
3106
1207
2783
2566
2108
1128
3609
2567
1720
616
174
3668
4129
351
4092
3105
1845
3948
2450
2117
2899
561
149
4832
4276
940
477
3591
1647
3887
2619
2863
4367
4258
3215
4137
1112
4743
3993
420
3820
3030
829
1326
4233
1364
3289
4770
4615
4316
2999
704
1134
383
2662
59
2267
4187
4077
4674
4697
555
873
862
857
2685
1695
1947
432
223
4073
4766
4150
2861
1149
1503
2680
4064
3739
1081
2828
2827
361
4372
1926
3116
935
4424
1111
1994
895
1915
2634
1034
3345
25
168
1474
2133
365
2633
2935
2642
830
1844
4821
760
4322
1701
3610
2134
3560
1130
3747
1912
1160
910
3597
4005
1281
108
3861
840
2069
349
3826
1987
3815
4854
1640
3930
1091
3961
3674
3424
4516
1193
3449
1005
1311
3994
1363
4478
980
4443
3378
4618
352
3443
3963
3373
1393
4020
3427
4785
724
4363
3780
3716
1633
4188
698
2529
2903
3126
2143
903
2608
1185
3766
136
4406
1096
396
3489
1404
504
1092
2297
4673
4202
3653
1234
3626
717
635
2125
3317
513
1340
4578
958
4543
1717
2885
2647
987
4513
3890
2652
4529
1615
2152
1362
2255
1217
1106
3336
1021
2092
3425
2905
1594
1810
4360
4037
3939
1488
1213
4570
1877
2052
3130
4028
2210
4113
3624
2618
3858
1533
1009
1350
597
984
4793
2975
2887
2524
3280
4181
1578
1675
1879
678
4860
991
4103
4504
2682
1188
4505
70
919
4738
3513
2003
739
2321
3695
21
2059
2805
1690
4866
2640
1571
1712
3471
2497
2077
4546
3049
4373
649
205
571
1698
3935
4833
3496
4085
2333
4560
4558
2976
4301
1949
4706
1291
1368
1857
664
1090
758
2797
653
3444
2889
3104
4017
4812
3348
2234
362
2211
3204
2456
1748
2580
1754
172
2265
1077
237
3594
1268
1118
1110
3026
3714
1428
244
3543
515
4679
2014
2916
1983
3834
1806
360
560
3438
3009
3545
2673
722
1196
4341
4206
3778
838
2438
1582
7
134
4681
3662
2054
3765
3307
1843
1495
262
1371
4757
2144
300
1210
1568
4527
145
3800
3981
3922
1243
3694
3654
2248
1708
1678
2866
3394
2195
1653
4025
2408
1505
2348
2928
3319
413
565
1140
1596
1672
3535
4557
2990
4778
1605
4122
4839
96
1929
1622
373
2446
2147
2346
3334
3433
4575
2050
3186
1221
1871
3333
4310
2431
1902
539
2223
3156
4641
66
2727
3252
2559
598
4111
1303
4848
3293
1847
34
767
2089
4349
4425
4664
2483
2387
3006
4151
1305
3068
2000
884
1164
3132
2482
2586
3213
2136
303
2688
1063
4616
3686
1211
1246
2966
723
858
138
1759
896
2789
1389
902
3843
288
1733
158
1637
4765
4476
4580
2373
4549
3727
2541
4281
2738
1131
1419
222
1148
190
3972
2784
1082
2019
2129
2023
5
143
2290
152
3072
2213
3620
4097
4683
4106
1706
3045
2954
3299
126
1080
3100
4293
1358
1439
3145
687
4388
3479
2848
2291
602
1935
3642
333
3644
114
3796
3960
4774
1609
4011
2581
63
2796
1456
480
855
4554
4185
263
4589
2188
2557
3462
2164
1500
4745
3171
4145
2198
4857
1827
1290
3547
2720
4862
1718
1775
2190
1563
3480
3199
356
2116
2902
2469
4668
2508
4003
470
2273
2350
4177
691
2523
3146
3018
2992
1923
3913
1313
3157
3632
211
681
2004
710
4389
3010
1107
1430
2417
2607
4460
603
4644
3313
3124
2589
4539
1244
1394
3510
3195
1878
969
3355
1639
2623
742
3959
3691
2437
1328
359
267
1699
2238
1703
1841
623
3396
4340
3365
2155
3497
924
3722
1948
1520
2122
3788
3287
893
977
766
476
3772
1284
2310
2008
2281
1258
658
1556
1725
3555
269
2095
3257
564
3657
1482
4753
985
2956
4098
3246
1142
92
3366
3672
331
1547
1826
1832
3472
3452
2845
2987
4803
909
1443
3838
3966
322
1901
3670
808
3061
1070
1714
3013
354
1536
346
1182
3651
2460
995
2939
1999
3111
1206
3592
4510
867
3769
2759
4194
3789
2835
2502
4110
2332
447
1765
801
3599
2222
1889
3941
549
2681
1422
1069
1237
1532
3697
2257
3294
4651
4071
4
3774
3868
4249
1410
4039
1201
367
2705
4742
2453
3088
4299
589
3711
1936
3207
650
956
4635
1666
1460
533
1575
3990
1039
1089
271
4801
797
2807
1407
3553
227
1963
4882
605
2306
3974
1030
3830
1477
1260
2285
1736
439
2466
3310
1413
3150
3503
1438
964
897
4462
1205
3029
1773
1457
2017
4567
1436
730
2278
316
3570
305
4209
2560
3165
1322
2872
2959
2661
2779
733
982
3064
406
3019
2386
1738
3197
2293
2002
1620
4327
591
1169
613
2646
2952
2605
2372
3011
764
3595
3279
2542
4286
215
1323
3853
3477
1746
528
4844
3680
4542
4746
2484
3835
22
1730
1018
2645
394
4815
4661
1085
4822
79
3775
543
1283
4136
1739
4038
3286
4227
369
3079
400
3169
1508
3066
4250
1968
3297
3205
3736
310
3851
4657
1129
3795
2540
4600
835
291
1384
2973
2076
2577
4241
917
4240
1374
719
4381
3311
4047
2545
2856
819
3608
4536
1263
1351
3247
765
319
1251
3032
4598
56
3855
3322
2327
2470
586
3404
4584
1880
4836
2056
1623
3776
832
3906
1555
4088
4235
1779
2283
3524
2368
332
1985
404
2315
4455
1319
4356
2997
3857
716
2404
1760
251
4830
4471
669
1722
15
1235
2200
3759
4737
3785
1789
2873
3689
738
1186
3746
2066
3627
882
2376
3712
646
1345
204
1310
4655
1050
4027
4438
4031
3710
3421
3920
519
3673
4379
4080
2314
177
2411
3418
313
3713
2174
3059
566
4703
2719
3271
2286
1822
2126
2820
2357
4224
93
1586
4730
1113
241
3693
1860
3603
1545
3108
1776
2871
4772
595
3267
3133
3794
4245
2413
4169
2070
3429
36
2722
3490
4394
2205
4351
2926
3494
206
2579
1043
4675
3499
155
4016
2010
2816
1570
577
1403
866
3878
3505
4219
2744
4447
1867
516
3263
3053
1825
3947
1100
1785
1083
3634
4707
2041
3384
4419
1588
3285
3902
820
4490
4049
3687
1955
375
3473
2536
4108
4483
3953
2020
2187
257
485
1680
2226
4430
3593
604
1465
4426
2109
323
2573
1301
4735
1705
3000
2829
587
3129
1601
2078
2093
1930
4423
3964
4353
2034
1835
218
27
777
3231
3451
3245
1743
579
231
1768
2149
1656
4566
260
4087
2539
471
1232
4842
3833
2454
1292
2667
