2062
4448
735
2473
1863
3088
1193
1568
1124
100
2352
699
2504
2766
2546
641
3447
205
2200
4365
2405
2863
4195
4069
3213
4051
484
4101
1474
3114
4836
3830
4133
3200
1742
1062
4782
263
2398
3861
584
911
709
4317
4393
2622
4676
1602
2864
1167
334
4042
2946
4779
498
175
1007
2883
2535
3380
564
3394
2638
3416
2595
434
4894
324
3692
1853
1777
4791
3032
2852
2381
476
4802
2086
695
3187
3803
1336
4518
4694
4396
2008
847
2677
4709
1846
3663
4783
4651
4865
93
1042
2464
4335
4281
4295
2919
3178
2652
1913
4377
1261
2958
2961
2147
488
2893
2482
4851
3615
2657
3490
3993
1227
1414
2222
1457
2728
177
1368
1697
276
2156
787
693
3621
1753
4247
825
932
1393
4131
140
2805
634
2758
3403
1521
2120
2859
3606
3506
2634
2013
2039
3242
428
2843
4142
1263
737
3583
3165
4530
2998
608
1381
2024
3504
3859
4529
3639
4429
4512
2722
592
1907
1650
3978
380
643
762
1935
1281
307
2436
2295
764
4553
4400
80
4327
4408
1406
2609
691
150
293
4200
1637
2983
2109
2528
3461
1522
887
813
4653
197
4860
2448
2628
4804
3004
287
40
47
4215
1847
4362
3888
2853
502
4712
1136
891
4874
3143
2322
841
2932
359
2655
3229
1750
3494
2481
573
4148
4569
2527
1732
3293
1707
2299
2674
4544
239
348
176
155
945
987
4814
2233
3717
2965
1500
2812
578
4483
4853
4412
4246
3236
3062
1335
4455
3811
3003
4648
3471
3299
2216
1123
1773
4797
4439
1343
2717
25
1301
1640
3565
3358
3574
4459
2525
2941
4288
1718
313
3745
4579
2356
2360
1898
456
3375
1714
3737
2637
844
1951
2472
1389
1649
2676
3460
3462
3109
4503
1447
4048
4136
1565
463
2311
3476
3217
997
4762
782
2840
2746
549
2687
593
1716
4757
1329
4336
2135
2590
996
1497
1240
3417
4895
2128
2985
4192
2633
4816
2887
3703
2625
2905
3312
3736
1749
2113
1794
2648
1487
2957
2049
1942
308
2139
2121
2614
3371
2781
2455
4618
995
3589
2942
2686
501
1443
1461
191
4626
3810
4769
3840
3360
1068
1285
3564
178
3643
2820
2643
3332
1215
2265
1147
3672
3708
1011
193
1723
512
3319
3966
631
4564
809
2259
271
3505
1171
87
4698
2664
270
3147
776
4629
2694
4349
868
4394
4781
2025
4231
1955
973
698
2098
2519
1095
3715
4523
1045
1912
1048
3445
221
793
1454
554
3769
3965
2462
3053
3009
4322
2465
2716
3481
274
4819
4268
3210
343
3976
3789
4425
872
2925
2316
3438
4748
450
2650
4750
3642
3873
4646
1236
415
4662
4328
2184
4463
4838
863
2290
2313
2078
596
1088
2564
4538
811
466
352
2270
664
2032
624
3627
203
4738
2279
541
1274
2498
182
3286
535
4834
3770
3474
2696
3800
280
2198
304
3190
2901
4074
4591
4751
269
2070
732
669
3812
1598
3050
20
1107
2847
102
2752
3833
3754
4706
4616
689
2102
2931
4254
1189
3021
4188
1071
4451
225
3815
949
2980
4221
3156
791
4173
4442
1973
2963
186
4002
2545
3146
2604
2735
1914
1517
2669
1528
2739
3014
2600
4066
112
3858
2203
3024
32
2586
4574
4537
2126
555
2524
16
652
4850
569
4604
3464
1527
3408
2540
821
4475
2365
644
4062
775
1507
4671
2656
4033
2104
2582
3794
3026
3724
1481
1971
346
3802
4872
3179
3369
4111
3321
220
1040
4094
1317
1662
438
2644
2930
1331
3273
3128
2515
3072
4647
387
4697
1932
697
3677
1934
3435
2857
1713
1604
3962
2575
1081
4414
3961
2913
3534
1248
738
4778
1334
4770
350
3348
896
2327
3603
3248
2123
1549
48
2292
1869
3870
4161
2418
1067
4669
585
4846
2321
909
1999
3374
1302
3202
2134
1112
3726
1842
3401
1770
2754
1034
1362
1199
3055
4419
2167
1098
4479
577
3683
4596
1944
478
587
2136
953
3082
407
3280
136
4678
553
4541
4202
3383
1233
4450
570
4788
2836
2188
830
3267
2408
2738
4443
1415
4224
1091
1645
1110
590
2785
2971
2829
947
4325
1875
3342
2920
3702
2005
1664
3949
3696
3338
2636
4756
1409
3650
2654
524
3959
4832
1232
2169
4476
4823
3039
3515
1630
2052
4324
2217
662
1705
375
683
934
117
4044
318
1671
907
1625
1254
1225
4893
1672
2678
3133
4000
3709
1657
2431
3894
1137
4367
3958
3928
4108
3304
2047
2093
4534
2302
4181
2987
2641
3774
4458
1784
402
4666
4656
4522
4752
4659
3164
3453
2019
1078
2421
2433
1654
4134
3729
796
3618
914
3099
1129
3035
81
4190
2881
1168
1349
3940
904
4203
475
620
1685
2810
2088
1024
2231
4209
4472
1915
4642
4197
3060
3992
2422
3224
3671
4211
2861
3350
3860
1984
485
3644
3807
21
1689
4815
2234
3607
384
1241
1655
1644
2027
2334
3704
4504
1099
4691
898
2079
4363
981
2632
725
3215
37
2774
2817
3008
3792
1255
1337
3113
3025
4084
2841
408
2314
4699
381
1247
1097
3473
2751
3941
3071
2242
1504
3876
2502
1265
2190
2834
2530
4474
3891
4185
4162
3043
223
1972
4563
3189
3182
4635
4481
1926
4085
1611
3154
4313
2046
1963
4877
468
288
4068
2621
3588
142
843
617
3007
3757
133
1486
4768
3516
492
3492
1563
3619
3691
4482
4274
4360
2439
2591
2305
3111
3957
852
2377
1529
1615
2298
4454
2346
3790
4611
3509
4299
4567
1514
3782
650
1238
4595
1057
2060
4143
936
1663
1532
1921
1219
15
4634
579
2953
3681
439
567
4179
994
1316
3211
3989
181
1774
4380
3422
4378
4384
2344
1398
3463
2415
4672
1790
2906
3046
219
658
2243
1808
3270
603
91
2503
2779
4058
3355
2898
3318
128
2163
1051
1597
2611
3387
2933
1893
3854
237
1886
2407
3591
376
1008
4434
2529
4812
1159
2951
2011
2789
1556
4582
1546
819
489
4008
1977
2012
1553
2023
137
3410
306
636
4159
1076
2556
453
4880
2460
273
4776
576
4773
612
3168
1176
3586
1618
4868
1622
3402
2521
3121
11
3194
3761
4599
1493
2757
3203
2813
3628
1582
2997
4689
3254
3484
4096
3711
3176
4233
4545
4056
3027
531
4003
495
784
729
1600
4452
707
2215
2108
3065
2620
3283
85
2183
3309
4351
2715
1813
2771
4020
1260
210
2274
4126
3241
975
2212
2880
1222
1086
1039
756
4059
1727
357
1089
1478
957
2409
4119
3597
3077
3725
1402
4184
2423
1475
3415
526
2699
4878
4608
2180
1212
1573
2769
1939
4082
3526
4825
3682
831
3449
1658
4237
2210
2074
374
4514
4758
2043
2747
1424
525
4120
2709
4149
1429
938
2218
673
3970
3112
1539
138
1442
2499
2809
2520
2706
3151
4695
4711
2443
2176
3243
4110
705
2945
2289
2666
2211
95
2553
3084
1956
2073
2449
1465
1093
2475
754
3539
487
1661
2059
3107
783
4411
41
1169
706
266
4012
2690
511
2762
615
1313
3212
4852
3086
4230
2411
118
1737
2392
1142
2029
164
857
3487
4064
92
853
3791
4478
3960
2908
1163
2142
469
2018
56
2050
2116
4025
4038
3443
4403
2063
1961
1938
3638
4622
1925
218
298
169
321
4764
3169
2071
3935
840
2837
2162
3695
173
4440
979
1854
937
296
1315
2814
3936
1113
1476
2658
4577
2877
545
583
347
908
3778
3656
3409
168
2227
878
2866
3451
509
340
3028
2672
2450
2432
4557
2318
156
3344
4141
192
2784
876
3741
3508
147
1115
3372
3587
1105
792
1037
3127
2929
4212
1694
0
4705
213
4300
1579
4364
1895
2248
4517
4818
2639
4004
4470
2020
3569
1485
739
681
208
4114
4743
1677
1144
166
2566
3069
3175
638
1719
2239
3253
1185
206
1785
1817
3206
413
4493
3727
4366
4667
3328
419
746
3002
1431
1360
2110
3573
2867
4578
4798
4248
1669
2369
2199
703
1028
1629
1146
88
2118
3647
1545
3049
228
3000
4527
595
2597
2955
3329
2080
3814
3033
716
1614
1029
2926
1448
2844
1118
199
2899
4568
401
1296
1656
243
3498
1631
2339
3345
3302
890
1026
4140
4892
4139
2354
800
4625
148
4536
2399
3549
4507
4194
4437
3271
1897
4170
3665
3581
3446
4049
1148
2382
394
4620
127
3874
4840
494
1700
982
2549
106
4721
1583
3991
431
4249
2783
2711
1590
2558
2907
4615
2191
3123
3412
1789
4217
2196
4273
4875
2565
452
3122
216
344
3678
3441
497
3686
1608
4829
2283
685
961
2767
254
1224
992
3514
2850
190
4883
834
4862
4117
2250
2619
774
4314
4284
2796
1425
2489
2469
3465
845
3023
1809
1267
272
3108
3997
336
2420
3548
1833
717
607
633
2616
4679
3842
22
403
905
4016
1083
4555
435
816
3675
2959
3161
1405
499
4520
916
132
1952
1273
2045
2319
4692
3911
3436
2296
2815
723
993
1992
1318
3584
2788
1127
3862
701
1917
2569
4445
4330
2138
1087
1243
1945
1968
1000
2916
3186
4420
235
939
14
4741
885
640
1771
3012
645
758
721
882
1492
1207
1259
3687
1820
1462
2603
1580
3705
3542
3232
1436
1558
4265
4792
1251
1291
157
1289
1660
2494
4357
1990
2782
1450
4078
1456
864
2909
1796
3411
3571
2848
1634
4154
1323
4702
4847
2185
2697
3120
829
2753
2378
302
440
4830
4251
2171
2760
51
445
2823
1791
826
2112
3263
799
4549
771
2429
4333
319
807
1293
2551
3779
3258
3519
1449
328
3101
2618
889
378
90
3773
3364
1979
3231
1165
972
363
3749
2671
4371
2568
2938
332
3489
1355
2505
1036
3916
3259
4789
4716
2042
67
3554
1211
4848
2297
4803
3382
3001
1359
3335
4841
3716
1725
373
3513
3545
1452
3570
3839
4258
506
3067
360
1681
3368
3661
1933
3633
4376
618
1816
581
1599
854
209
906
4036
794
3495
1687
180
2849
851
3585
3887
2315
4256
4253
3984
2791
3699
2294
899
4176
1856
605
1347
4088
3174
837
4469
162
2083
4407
1621
3413
856
4725
1960
2284
3
4630
4433
1284
4863
4024
1324
2668
2342
3566
4391
1453
3056
123
3838
3240
1515
1432
2361
3390
292
49
4763
3047
2585
4729
883
3511
3637
1451
3040
4600
865
4592
867
3567
2437
3748
4492
4277
1339
2872
2934
2496
379
888
4341
1109
3975
1472
3623
1825
2306
690
3282
1880
2975
3159
4460
4820
443
988
7
1421
1006
129
3897
4843
200
4639
2653
741
1887
3655
2035
3470
2474
1373
3990
827
1795
1174
1976
1873
1264
3819
1483
2626
4621
4121
3881
2732
3297
2115
1542
3955
1859
3330
1378
1768
884
2402
2939
1765
4873
2416
574
2330
3804
1348
3483
4405
391
3544
4613
989
2170
4356
2335
1202
4744
4001
879
2608
282
4685
422
1950
1548
3599
1679
3932
4294
1
3381
4560
3392
2531
3423
12
4276
183
3404
2720
4379
2858
1751
4486
464
1370
3822
812
561
3632
361
4032
3869
1588
2775
3491
3275
696
1557
3255
1680
2224
702
2015
4338
1811
1578
1745
2806
933
2419
1985
1998
1116
653
3005
1325
55
3923
4740
1035
1919
527
751
3895
3973
286
1311
4150
367
4668
477
4831
1286
3322
2745
616
3879
4594
1857
3688
3799
3512
4799
71
770
4321
1653
2201
1936
1221
1748
3119
3346
289
3520
2452
171
4623
2428
1444
632
141
4688
1235
4627
665
1799
930
2371
1643
1901
1802
1924
3852
35
767
3479
2332
849
2376
3674
2705
1184
600
43
1815
246
4614
2723
4373
460
2182
1292
742
3768
4654
2497
2424
3466
4585
2258
4461
894
4303
3379
2663
2430
399
4533
4467
1575
777
1902
670
1778
627
1164
822
3732
2574
3821
817
3939
4822
1299
4766
3892
753
2477
1891
679
3777
4262
1065
928
2364
862
3658
368
4304
2624
444
2333
437
3937
4214
36
1810
1341
4435
3264
597
2228
31
4682
759
421
3788
113
4227
322
4590
2894
3890
1130
2819
1849
3533
3743
2846
2304
2085
2675
4610
1946
4424
195
4416
1430
3031
1050
4561
4643
3608
75
1812
1032
2069
1269
2495
3129
562
3755
2066
457
704
3365
4509
114
1438
1703
2892
1510
3080
3944
1595
2875
1025
1470
4293
342
2007
2159
4387
1214
886
655
1617
160
515
204
2426
2801
1434
2492
2454
1058
824
4833
3942
2756
3389
4719
1312
3439
2689
1419
4856
766
2154
1518
3825
917
3795
3054
1772
2995
2828
803
2385
26
983
3126
1584
245
3641
4267
3831
963
606
3017
4339
3896
3160
504
2384
4312
2969
4785
663
3016
1188
1072
536
4638
4037
474
3400
3600
1756
2630
1829
4717
1103
1468
2401
797
1711
2026
4540
3609
1905
59
2665
4869
4473
4054
3384
2842
2206
970
1780
2056
482
3125
1823
510
2232
1916
250
196
4551
3134
215
3999
1270
1534
2999
2379
3079
3057
3096
4050
3952
4296
2016
2954
3317
4636
3170
4795
1151
836
405
2345
174
2981
2944
3719
3734
718
420
1280
3659
2904
3646
591
66
3363
383
4291
2338
4092
2034
2544
3982
1642
3578
3244
2835
4760
4198
3167
4261
4897
4640
2949
2649
1342
2879
4794
3185
3502
4039
2874
2647
3145
3432
1433
107
3614
1423
3925
3740
1070
3486
1351
2508
3882
1839
1766
1330
2824
630
3664
711
1958
314
24
1821
3752
4244
733
3353
1596
1332
2237
2780
4491
2550
1587
4511
969
187
3933
2355
2661
1177
1469
4166
1760
2700
1253
4353
1708
3886
2870
4118
790
1249
433
4070
4158
2133
2581
1385
4264
2249
2862
1041
3289
688
1779
2777
1046
4556
2910
256
3797
3137
163
349
2764
4370
4005
3986
1175
4519
167
1150
678
1246
4027
1141
3849
2386
3845
1741
3926
3268
3626
248
2293
2799
3507
3261
749
1526
2197
3918
2036
2534
1403
3829
2064
4289
45
656
2476
3362
2536
4617
4290
179
1797
1688
1064
152
962
1570
1191
3579
3223
1307
4749
3294
1540
3900
3138
2514
4658
4080
2490
3956
2680
2320
1982
806
1268
4187
4402
4346
3527
3594
503
4438
1170
4796
4735
1888
3124
671
4266
4747
565
4550
4745
1440
4397
1848
1503
3559
1776
42
2226
76
3756
2512
3532
1512
3801
1388
2081
4395
4340
1957
3649
4091
2488
1636
682
3501
255
3872
3276
3538
3251
2309
4727
2673
2741
3478
677
3568
1160
3598
2712
3908
400
4525
8
3010
2446
4124
1005
2798
2403
3196
3085
3136
2000
4737
2444
4477
4422
1981
3011
3092
586
1666
3576
2130
3459
3537
3499
2127
2606
1179
951
1092
2022
1304
2324
4218
2152
2329
3343
2973
3106
1523
4156
412
4316
1620
3477
3281
2896
1535
4644
4207
311
4055
637
4664
4
935
3679
2092
2161
842
3616
1781
1390
2878
3747
2947
3805
4817
4601
4125
1192
1183
1052
985
1229
1380
1890
2255
1031
726
4589
4465
1374
2175
3427
6
1524
2048
1744
1577
534
1172
2956
2770
1686
3612
657
3184
3234
4576
3306
1918
2993
1648
3883
619
3783
514
4107
3946
4021
3377
902
4415
1495
1868
2900
3762
1023
3670
1731
4079
4369
1245
4255
2380
4229
3078
184
2994
86
976
2704
2006
3947
2272
4718
743
3624
1717
661
3611
4077
1377
4029
2238
4516
1252
3832
3341
1995
780
3488
1490
2792
958
1117
1418
594
832
4889
4286
1239
2067
4067
4528
1675
2141
4175
2511
264
3480
4675
4824
4160
2571
4710
3653
1569
2100
33
1257
2507
1080
2253
1983
4884
2209
1066
277
919
3457
214
1860
4857
4886
356
238
660
1282
3828
2868
2808
2610
4810
666
1734
2635
2891
769
815
1554
1965
1609
2685
1404
1162
1303
3475
3214
768
3772
1133
3230
1764
3927
1735
4505
2979
1762
327
1835
4242
4849
4665
2271
3458
3592
116
3634
1216
2055
2336
2964
1967
676
231
795
2451
3204
895
247
1181
2009
2936
3373
4484
1413
2967
4457
580
365
242
79
358
4805
3713
3291
1309
3313
2702
1416
722
2397
2827
3334
954
58
4208
4137
931
436
1850
2267
3988
4700
990
2763
3867
4177
3420
672
4447
2903
1962
1866
4426
4220
3308
4283
4655
240
1882
2768
892
4329
2140
4771
1763
3015
4305
1633
4392
122
1867
3863
490
3531
571
2629
2434
1498
110
4015
1100
2522
429
341
4808
505
330
2223
4772
3562
4535
752
2567
667
2370
3917
798
1203
72
2886
1581
1667
3556
3595
881
2220
3442
4498
2349
3397
2193
4809
4780
185
1845
1396
1607
3857
3723
4204
4398
3510
4734
2149
2845
1047
4347
4554
472
4496
1056
2044
2978
4587
4546
4539
1322
2731
2177
3905
2737
922
694
1002
2882
2286
2486
649
2021
3763
2001
1806
442
3654
224
2179
789
3902
4543
3089
1152
377
4399
4827
295
4670
2895
1698
528
2592
1585
1410
2816
4453
1131
2391
119
4334
700
2275
2917
4730
850
4147
621
648
2982
1691
4409
44
3181
2090
3183
1308
3305
1369
1827
4488
3540
1218
3868
3560
1426
635
4660
1463
1161
3399
4282
2776
802
4680
4252
1073
3605
3518
2539
4441
611
629
1639
1277
3158
3349
757
1943
2726
4588
3198
2552
2114
522
4859
4876
130
2478
2358
1283
1020
1217
161
1941
3300
1858
4609
2871
3983
1651
4382
1740
4298
2989
2778
1234
329
124
3301
724
3766
3758
1272
4219
4632
3667
4828
3274
588
3454
4275
3087
2822
1400
4157
626
2389
4677
3472
4690
2869
305
4359
4887
4201
1387
4580
2500
910
1484
761
3771
3209
1279
3835
4272
2695
3781
3953
4547
1852
3347
1767
4506
2417
2596
1125
2563
98
3921
921
364
2560
3153
1696
1793
4619
1889
108
3070
3785
3493
1049
1520
1242
1690
1187
537
3359
3550
566
2068
143
371
2833
1384
2350
818
4471
4896
1395
3806
4337
4100
4693
4746
3722
3596
4087
3668
370
628
4701
942
2028
4753
3222
3855
4510
3764
4495
39
3985
2839
1345
1119
2359
1702
3910
2393
3551
1659
1706
2651
249
2773
4427
3022
1589
1297
4842
73
540
1826
3149
2368
2832
198
2256
69
3680
755
2526
4332
496
144
3968
1354
3037
1200
4598
268
3767
3865
1326
115
1333
2219
2
1455
3912
1911
1061
2921
2165
668
2915
4155
2487
2688
2280
2325
2094
2106
2485
2605
1356
1038
1502
974
3105
2742
2572
1102
3500
3042
4835
4844
550
2119
2730
427
523
1458
3728
508
1603
1783
2506
409
1572
950
991
1353
4318
3034
747
1220
880
2366
4183
3485
3398
3424
2312
3669
3969
4432
3662
2480
3426
2729
3110
4006
874
3336
2038
4307
3284
1154
589
2153
2091
1876
3303
3866
353
261
4513
1366
1759
2825
1471
291
539
1298
1782
392
1122
3996
1053
2579
2718
1978
252
3444
278
121
3693
3834
2273
1140
4146
4456
2640
3269
3256
1012
2561
3929
3019
4624
2996
1908
1210
869
331
2749
4742
303
4500
424
2593
1278
3813
1851
2457
708
4374
2247
229
257
3529
3083
4186
454
3298
1601
2991
4532
3140
2576
4090
3091
2396
1743
1909
4174
34
2310
2181
801
3919
1158
4839
3856
4767
3631
517
3742
1801
2363
27
1861
3735
1173
315
604
4722
1792
1536
3817
1375
2414
2456
4315
2205
4606
1344
2542
2075
1752
4417
430
3690
4344
3115
1262
2244
3094
785
1367
1295
2040
1974
241
2235
4072
4508
2790
966
294
3893
1975
4093
760
126
4278
977
4115
4566
1108
3235
1724
299
1480
516
646
2269
4372
2516
1428
158
53
3851
4355
4178
1407
2889
2811
4879
462
4116
1612
1489
3901
3171
3706
4446
778
388
3152
3528
3878
4462
4494
2447
2547
1940
1305
1674
325
2410
89
4683
4570
1446
165
3287
2291
1738
2300
3116
2645
2580
984
4238
1606
4526
3750
1111
2537
3075
2435
1828
2051
1230
3684
1878
3421
4018
2854
3038
1610
4081
820
2818
4065
3909
397
4786
861
1271
4301
1626
2714
3311
1754
3228
2682
927
1101
2693
1505
1710
283
4444
710
3753
426
4663
3440
1408
2587
3904
1467
1435
2143
1244
4060
2918
3645
1683
530
1652
2554
4449
3370
432
3044
3018
2787
3914
873
1904
1997
1069
3780
4502
1695
3844
4259
1712
560
2442
674
2471
2189
312
4807
654
4558
2557
1276
470
870
2343
1709
3430
544
4603
1844
366
4028
1928
823
4017
2374
3172
3652
4681
3707
4319
2743
4302
3141
1798
3733
551
3864
2225
2902
1494
3058
70
1693
2065
4686
1022
2748
4292
4821
3139
1541
2927
3357
602
3786
4787
284
2612
955
2559
986
4297
3354
4280
1300
1422
900
2491
333
2962
441
3954
4123
2483
2830
4250
520
1104
4572
1824
3199
65
2230
1054
651
3048
4241
4733
1877
493
2724
744
3320
1525
4696
4245
2972
3980
46
4326
61
3482
1033
1954
2518
3718
2988
1496
4800
2441
2684
2509
2373
4428
4031
4167
4480
120
1139
3751
202
4223
4075
2510
808
2326
2173
3710
3036
4169
1775
4106
772
4083
1969
875
1586
28
3521
3098
2328
3378
1884
4285
416
3880
3853
4521
1077
3885
2888
3816
2623
1464
259
1947
4320
998
1843
2054
2260
1986
3450
1106
3530
3323
390
547
507
4040
2208
2681
4774
3307
2276
2646
4562
2532
3998
94
647
4406
924
201
4542
78
1605
4583
1386
2351
2263
3218
2795
1003
230
2096
2031
3386
3388
3245
2251
1862
4189
1466
4436
2125
3972
458
4269
2160
4030
3391
1412
17
2155
4097
2317
2077
1894
1994
4552
2061
1729
3216
1258
4524
1623
1340
3524
1980
4761
2719
4386
4388
4352
2914
4007
2698
2691
1668
3262
2288
2948
3871
575
1085
1736
2617
2010
4035
1730
2734
2348
2388
4720
1670
3225
4754
3884
3543
226
1531
2229
1538
3552
1143
2523
4612
2589
3456
3352
3497
1190
2873
3278
2794
4013
3064
2111
3118
1364
3739
2453
1906
3327
4011
345
4649
2952
4464
448
2660
3898
479
1903
3467
3981
2984
968
1665
2144
2303
1883
4497
2885
1145
3850
3239
4368
1237
3277
4104
337
2740
1511
765
1739
2800
3666
1989
480
4423
4581
3406
736
3396
3694
920
2357
3563
2755
4045
153
1769
2445
3613
4358
1401
1646
3102
1513
1566
3097
3503
483
2860
3257
2003
4707
2613
3759
339
13
2058
1564
3020
1896
3252
2807
2974
4128
4548
23
1720
3593
1837
559
1138
4168
4531
4674
2089
362
1959
4421
135
659
2966
4806
188
3657
2727
805
3193
1075
3784
4047
4871
2151
2014
1397
473
4573
418
839
3314
3602
2347
1226
3877
967
1320
4279
385
915
532
3351
3197
675
2221
3428
3938
4073
2578
2406
2703
2413
2950
720
3051
1516
4354
533
4775
4855
3620
3920
2493
4348
3142
4490
4684
838
860
4071
1544
417
2707
3577
275
625
3414
2772
2281
714
2041
2856
2725
601
1321
582
3296
3063
4234
2057
211
3967
301
354
1832
1836
1920
4641
2266
866
4144
948
4661
1014
959
2202
3367
3517
1178
4103
3191
740
3523
2468
2186
3776
2588
323
82
4726
355
692
513
1733
3246
3006
1357
2937
471
1063
2890
2053
4565
4345
1004
1758
4723
4637
2166
1574
139
1879
4499
1996
4023
236
2174
2470
3580
2394
2440
2268
1314
913
4210
372
4343
1991
309
3522
2627
2207
3333
1632
2786
3590
786
317
414
217
1721
4196
4260
1937
3760
4102
3541
3155
4401
4385
131
2037
609
3100
4061
2301
2679
4095
3310
4145
1391
1927
4673
1803
4870
680
1673
3846
2642
1499
2240
3546
1676
1692
3697
4515
265
281
4206
2412
1561
2631
4811
146
2172
447
3226
926
2968
556
1310
1090
1567
3418
3093
4112
3979
3875
4239
1460
2117
3676
3913
4657
4410
310
4240
2187
1197
3848
4882
859
4193
3066
1376
3180
1166
3331
1931
3157
253
1044
1473
4041
2765
4014
3561
858
2615
4182
3272
267
3525
2466
745
1757
4309
1530
4489
1519
1788
3188
897
1328
125
3720
244
3059
2458
730
3836
3622
1881
2033
871
4034
3419
145
2467
2082
1830
1488
3290
2030
1593
189
2928
2555
4271
2599
4430
956
3249
2129
2337
727
3045
1550
3324
4135
2876
4793
1195
19
3572
944
1728
3536
1017
3994
538
1479
3948
4631
54
4597
1361
3316
2178
1059
2387
2538
3535
411
518
2341
2821
3132
84
4602
1157
2331
3987
2865
4022
4732
788
2659
684
2501
2912
2479
467
1363
1074
2257
1814
4650
4263
4099
3205
1010
3073
3425
2246
3818
3964
2461
3150
1198
2710
2095
4487
4130
572
1910
1923
3095
1949
1800
262
964
1638
1204
4163
1128
3924
4235
3469
3292
425
1477
1441
1082
38
3575
3809
423
4867
389
639
2736
3775
4132
62
99
2594
3326
4381
149
9
912
3366
598
779
64
3029
1922
2395
320
3826
1001
3166
2607
3889
3340
4575
68
980
3030
4571
4633
1394
1132
828
713
2733
2137
814
104
4342
3744
1624
3798
3090
1126
1149
3604
1294
2797
3013
3555
2192
1439
599
3452
2400
4216
1635
2986
1379
1319
2383
1864
451
491
455
2911
2838
3995
2533
3361
4645
731
2855
4784
151
2990
750
1228
1021
978
3385
1871
3192
3148
2282
4728
4063
2264
2517
1543
1627
4076
3841
2924
2261
4046
1628
1838
3547
1647
1948
3951
1382
404
1722
1786
1482
2254
1084
233
2084
2721
1027
1009
1855
3265
77
552
2602
4105
1153
251
2245
1807
2977
4164
3617
952
4171
1987
4138
2992
2584
3945
918
4225
1365
3907
2826
3135
234
326
965
1870
3610
2105
2195
2367
1346
3266
1616
3557
2692
1509
3698
2390
1055
4052
2252
4226
1288
1953
2372
2670
3820
3233
2543
4122
3405
848
335
4714
2004
227
2761
