2041
2892
479
4167
1455
43
336
4404
2615
4349
1467
3038
2274
3556
2429
4011
2868
4142
730
784
3495
3459
3639
2228
3035
1752
571
3812
227
3892
3902
1804
2582
1767
4650
1110
3778
3621
250
2898
1709
2099
1871
3212
4717
4623
2046
1862
4598
2190
1317
194
3829
4452
3015
3661
1154
1725
766
3008
4806
520
1428
110
324
1755
1277
3052
423
513
2216
2185
3747
242
1708
3173
1857
1329
2042
3694
75
1563
1126
4026
321
2331
980
4735
2548
1053
2519
812
1841
3481
1530
1009
266
3685
2236
2340
798
3456
162
1722
1878
1798
377
3686
444
4106
3130
2303
3026
4812
1952
785
574
2521
938
3768
1285
2029
4730
3842
1375
4765
1047
1524
3957
2877
3730
2961
4803
1662
2121
39
696
2818
834
1912
4747
2901
4590
1406
1198
3801
4120
3032
1669
756
3259
3583
2984
570
188
2518
651
2731
2884
2249
2027
1476
297
174
3324
1751
3482
1188
3659
4435
4473
4471
539
4785
3282
607
4855
1528
3797
3799
3092
3791
3202
747
1310
319
4575
4691
2398
633
2023
968
1637
3950
669
1286
13
147
2670
4619
3564
1207
4545
989
4786
2102
1418
2294
2162
1893
16
2071
1781
366
2295
2617
511
2846
3228
3925
2662
4237
4032
525
2637
2079
2305
3891
4400
2010
3012
1273
4053
2406
2237
2407
643
2005
3913
4194
1506
1497
1923
1131
5
4224
120
3611
1090
3878
3502
3578
728
3602
4283
3133
2038
299
2484
779
1900
2451
2462
868
3368
2694
3915
2842
10
1377
4256
247
2097
1531
3555
2149
1706
2631
4289
819
2802
2266
4204
4089
3579
339
3027
226
875
138
3457
3225
289
2830
749
2650
3083
508
64
2328
4680
3626
351
1737
661
1281
3297
534
3398
3550
913
1087
4430
4739
3541
945
2337
2697
4329
3756
2018
2358
1002
1378
1568
1117
3537
3569
1806
328
2009
3788
1370
203
1097
4724
2748
982
1696
3054
4890
3062
4073
869
1894
3125
4677
3446
24
4396
688
4253
416
362
1869
2752
1536
2372
1360
2452
2765
4585
644
603
1303
1785
2822
4861
1963
1015
3554
2313
4152
1030
2109
2568
4416
2750
3758
4101
1324
1975
3540
353
20
1775
1230
3798
4222
2940
285
102
2917
66
3362
4158
4296
1271
3828
1699
3317
682
3485
1331
2749
3886
4180
3280
4417
3657
2420
1986
153
649
2104
4483
1567
1301
4116
1660
1206
438
1977
270
3616
4531
161
2044
4084
1083
1921
3407
3181
3486
4656
1402
3159
446
1981
4087
2496
3604
3608
3753
22
3746
41
739
4246
4385
3549
2479
1616
1902
3563
111
2932
3817
3750
244
90
4828
2905
2361
3876
4028
3029
2004
2347
4047
4173
4597
885
2721
2835
3071
2707
2463
841
1379
370
3094
3712
3265
1570
2551
114
4792
4235
2826
3662
4187
2299
2951
3393
949
1316
1890
3841
3544
4513
4234
4422
4829
1355
1979
3603
3752
1731
1408
4757
2219
4892
1282
434
445
2543
1445
4071
454
4517
1630
91
1493
4335
3595
2925
2474
2047
672
2438
2798
329
2832
3975
936
1663
493
4754
3609
1219
828
1748
3309
4124
2729
2296
4760
1839
4012
2524
3846
4145
1038
4811
2379
3018
3847
1252
3927
3245
38
180
2799
2169
1646
128
4257
1069
2154
3429
4188
3234
1727
3479
2112
1167
4694
4565
3803
1818
863
1172
229
3739
3490
3395
2943
844
760
4652
4856
2399
808
2307
1763
4426
4395
4715
4879
3005
1208
2642
3318
3507
457
1650
4198
2522
3278
3242
4507
3315
583
3139
2610
4184
3189
1864
1215
1715
1898
4412
4314
2778
3896
2924
855
2989
1390
4749
2254
2931
1552
602
2387
1855
1550
3187
1515
3503
3494
3508
2444
1031
3989
3512
845
2787
3220
2339
3017
1718
2998
2659
1161
2188
4697
2525
2178
4133
517
3994
1910
2546
2128
269
3100
4230
1980
4627
4066
2111
1325
4609
78
3597
3674
3874
4036
3237
1362
1824
2002
2942
2604
4038
4348
1866
1719
401
83
3438
256
2812
3161
3551
2388
3852
1512
789
3129
3061
4854
4240
2579
963
856
2949
4227
82
4137
1205
4330
1042
408
958
1844
1466
4662
4732
2183
850
1498
187
3990
1267
3638
4617
1620
2657
4670
4271
207
1847
4489
3439
1359
3741
1029
2653
1145
2278
2413
4059
2994
1670
4334
550
1520
2233
201
3671
2777
1561
987
3967
4696
1374
317
4303
4486
2290
4323
3619
2209
4247
224
1741
4620
378
1066
4705
1967
2928
2013
1429
1488
50
4469
3675
745
3723
71
2820
4297
4689
322
580
3504
1940
4179
3030
4740
2239
1704
4703
3095
3332
501
4804
578
1877
1424
193
3794
4255
4443
1823
4304
4403
4014
3011
2255
1803
2982
3538
3373
2902
310
3064
545
1140
1987
1946
2491
1633
1859
4341
4107
2627
1742
215
1926
225
3582
1465
2472
2145
2238
4779
1667
3144
3610
1430
1643
1234
4359
3468
2106
2024
3431
4700
3543
3848
4629
4192
3956
879
1853
36
4424
543
3869
707
2851
2756
3571
623
358
1964
800
947
409
3389
642
4745
3089
3630
1562
2997
3188
3033
4882
2493
627
2268
2365
2445
3519
4205
1966
4584
995
4783
3233
4577
2725
1081
3888
2434
2052
3086
3764
1659
4504
1435
3284
2078
4776
3337
2646
2513
3293
634
4094
1416
3205
1187
130
4621
1721
2171
1677
435
1518
2715
4332
2182
720
1417
295
3880
4490
815
2774
2909
2794
4546
3650
2058
1947
1369
447
645
3517
4593
3581
2475
2821
2481
2609
4759
1817
4753
1886
4519
1786
2449
3108
4191
2840
4122
2508
2351
1248
2059
4453
1619
1072
4653
916
724
1335
4685
4324
3462
4820
4338
3472
176
4699
2164
1557
3938
778
157
2390
2352
1766
922
2559
4096
2468
2499
1269
2933
2716
2576
3137
1114
4130
2849
1596
4210
589
3837
2439
4300
1356
2345
3821
1185
1085
1403
3409
439
4006
4790
842
4176
4498
3937
4373
4793
1695
4117
2854
1884
3124
3651
2986
1385
1293
2122
2706
1985
1105
597
1687
3907
3194
2547
4559
3731
1787
659
3058
3813
2873
2558
1095
487
4331
2336
4568
2517
2754
2139
4143
154
3135
1439
657
3004
1242
1534
1384
309
3415
2373
2441
538
192
3877
4109
3980
4721
4599
2992
186
3770
2410
2036
1628
4097
1036
4880
3701
1024
4832
4805
618
2533
4799
1906
2064
4651
4431
655
2431
2583
1621
124
3364
1828
436
2563
4250
44
4118
3622
4220
3949
4612
2433
2939
2076
4078
1245
3740
3335
2990
3290
624
854
2467
3331
684
4475
2636
3918
4702
109
3574
1990
568
652
4638
4633
499
999
2477
46
3271
372
3991
2062
1178
2032
4529
15
4798
202
81
1382
3715
1405
243
1656
1678
2053
1012
4126
1792
4317
2537
1200
1347
3053
2904
3223
3514
3172
2414
3350
1431
901
2910
1821
2277
1989
131
3221
3645
2515
2908
3924
2679
1393
4726
2843
1156
4571
4285
98
4818
274
1070
1441
4080
206
3968
272
3413
1609
4497
2808
2779
823
3099
3625
735
4156
2899
2555
1010
4276
733
177
1147
3176
1086
3749
903
341
3454
2847
2259
119
981
3951
1284
4072
3455
2119
1026
3709
2100
4208
2762
306
2115
292
931
654
2318
4056
3301
4847
1019
1939
1784
4466
3511
1929
2103
2086
943
2311
483
1813
4583
2704
4360
3291
939
3587
2995
3179
3835
1399
1214
910
2755
4135
3954
2469
4563
1483
3079
3777
822
4853
2831
2539
1850
2768
219
4367
1291
2957
1836
1770
4015
3613
1203
1948
4580
1343
3931
4707
4644
394
2682
2129
4058
125
899
2367
2823
4534
4055
610
1799
3911
2575
482
1537
3851
4337
4719
4319
1834
425
994
1865
1984
469
4174
4067
4241
2911
2355
2325
283
1783
1640
294
2166
4476
4100
4665
535
1342
1171
2638
4741
1588
183
1791
4376
4819
4000
3728
494
2006
3807
3634
395
315
1279
4365
350
142
714
1438
4493
3448
1481
3654
4298
3044
791
4831
2068
2761
2970
2788
3893
3366
4245
2621
3168
3783
2419
1135
1456
3200
3559
167
944
3477
3096
1101
775
1974
4596
1437
2157
2037
4216
275
536
1464
2740
9
2033
4844
2156
1266
4752
1759
2600
1913
218
2269
1421
4681
3080
2641
2028
3380
1549
3239
3180
2289
1920
132
587
811
27
327
1018
2733
2497
626
4873
2256
2891
4060
4407
1300
129
2297
3470
3354
3897
768
888
529
2326
4313
3343
3417
2214
1672
1931
1999
3528
3195
3201
3744
466
1358
3642
1332
4041
1625
2598
4420
1617
601
4252
993
786
4163
3767
972
349
1318
3944
2916
2177
1776
1447
3376
323
3666
2242
4520
4664
556
3546
2447
4111
3804
1060
248
1700
2528
4825
1272
4150
509
3339
2215
1251
1675
748
4463
195
2572
169
2742
595
4608
763
1194
3023
470
840
2870
1593
1661
4886
4611
3586
553
2710
2131
21
3383
2861
2816
28
1526
3355
1611
2966
4756
2275
2540
3663
4437
3298
1822
4761
1143
4181
1365
754
2346
2580
4206
4535
3344
1882
3326
3031
2565
729
2634
1995
1471
4624
2881
2073
284
410
4770
4858
907
632
2691
902
1870
722
4501
2737
4822
3196
1065
4509
1050
3178
795
3921
820
617
4418
3692
2240
2574
3558
3963
1487
113
1003
4207
788
997
2082
4676
3509
2350
3307
2252
3890
3972
3889
4353
4836
926
2060
4802
1348
1244
1746
2629
1978
105
271
3836
4859
1908
213
1863
3822
2316
1057
360
4114
4153
2871
4456
3858
4262
112
1276
3695
2801
2019
4361
3672
3458
3374
1084
2581
468
1880
2226
4086
4197
2125
3815
2885
3009
4503
2608
2975
2394
4613
3022
1915
2170
67
365
3034
3792
4632
2502
4281
342
2567
3443
4521
4682
2165
957
2470
2738
1933
3077
1130
4325
2688
3215
3153
3091
301
3833
4157
1368
2134
2661
4127
3596
369
2205
4170
1885
2212
4384
1938
1692
4557
1337
4601
330
1436
1582
4888
1996
3060
367
1392
1565
4708
1486
463
3101
3562
3131
253
2501
4356
569
1754
3204
3724
4668
1832
3754
2523
1199
3522
3314
3781
4738
1499
2953
3391
4544
491
4709
2300
3928
4236
1904
234
4581
4775
3961
1035
3160
1881
2780
564
320
2702
397
2965
2655
2417
676
3152
4427
3148
1608
3884
3288
1540
1594
3919
151
4869
3190
313
3386
467
1243
953
1175
4567
1580
896
3375
1928
1564
504
1768
2207
68
3910
3875
3763
2203
3313
3387
3070
3401
1062
3116
4093
1298
2498
145
4630
3465
1334
1495
159
1037
3305
4659
1641
4542
3499
3553
4857
14
4864
1453
4249
681
2817
1888
2422
3929
1713
3700
641
3303
4797
3020
4018
1109
417
4446
1653
2728
4251
2668
647
1411
2348
853
4290
4462
3667
1757
1909
364
1945
141
1125
2362
710
4177
3505
2292
473
178
1006
4406
1099
744
1336
1698
4433
337
930
1513
1225
4010
746
265
3316
3547
3984
1490
4675
4149
3525
3617
3441
3598
612
505
1622
2320
3727
2225
4767
1726
3810
2549
2890
4686
2003
2717
1444
4040
605
4326
4616
3397
1153
4762
1958
4558
1623
2516
4185
865
3900
1354
1246
4606
2241
2712
708
4328
1330
4042
928
961
900
1288
2962
1228
2485
4399
3864
3150
2714
4550
121
4816
2795
2264
1092
3360
776
1982
103
1960
2391
4845
826
2063
155
893
2152
1341
1274
3734
4736
3704
2570
2448
3154
3690
3995
3167
3056
3295
3885
4827
4119
4541
3988
3238
838
2544
3572
3186
1764
3577
4893
4123
706
622
3349
4027
4182
2026
146
4362
2490
1149
399
862
537
2246
3075
1275
1830
3531
1808
474
1874
2903
1434
690
2335
3513
1452
1932
4286
3396
750
4125
765
1584
3523
2786
955
814
1404
1014
1482
290
2504
637
3217
912
2132
1899
94
7
1396
430
1919
4108
2973
388
1327
100
613
1724
1631
1657
4244
481
3084
3565
4398
4029
1905
1144
4085
3779
915
2456
3430
1794
3917
4439
2403
1211
1511
802
1371
3444
3887
1745
2959
4007
4103
1089
404
887
3370
2746
1480
4731
3713
108
561
1538
4110
4688
833
4259
4226
702
3757
4409
4674
1020
437
2189
4064
810
233
4672
1256
4574
1121
2625
2143
1959
2283
280
3838
2590
4618
2428
3323
1383
1254
450
2695
2123
1226
2389
699
886
2401
4294
2701
2678
4258
3069
923
1007
787
400
4588
1655
582
518
948
2366
462
3487
182
1793
636
2919
4077
719
942
818
519
4628
2471
4368
1647
2850
2601
2640
1861
217
1758
3580
1856
1108
228
2968
1155
1195
836
2860
721
687
4316
919
1400
1326
1965
1604
2138
3755
2007
3475
4273
1636
2322
4052
2369
3934
2298
3873
1170
3348
541
4366
4212
431
4238
414
1968
2900
1074
737
1373
3157
1255
1849
609
1040
734
172
2280
4310
4877
2800
3908
1805
2952
1522
4603
4480
2146
3542
4049
335
3338
781
235
573
4491
3904
88
3719
2258
975
594
1627
3423
608
4648
3534
2809
3253
4342
1071
2530
3149
2922
2611
385
1346
2453
3300
877
2690
343
4311
4625
876
4492
4308
4408
1193
2727
3545
3249
3717
3941
1519
3136
1716
4660
992
2265
3736
4604
1137
3322
1802
4525
1049
522
1690
1098
2187
727
4233
4842
268
2262
1815
4840
1683
2534
8
4527
3432
2330
4363
4432
3782
1313
262
1652
2466
3365
3843
1212
596
4004
2687
3296
1485
557
4377
984
3059
2532
3953
1196
951
3402
4467
1747
2764
2386
3552
3128
2719
1478
2015
858
2159
3702
4837
1394
4658
3169
4511
3272
1597
311
2045
1848
1345
890
3416
2141
4821
4213
3140
4824
3868
204
809
3342
1560
3923
1837
239
1592
412
2500
2220
552
92
2595
99
2133
4147
230
2895
1868
2378
165
1000
1710
3283
2977
3090
3206
4784
1141
4657
2025
2562
391
1854
4470
3624
576
33
3308
3427
4405
4667
4269
3735
2066
4278
3003
4129
1610
827
117
1514
3827
1851
2091
1344
461
2930
3363
4846
2667
1204
3434
773
3942
2950
1028
3670
3461
1728
2836
29
1367
3226
3279
2887
4225
606
116
4166
4835
2418
4219
3082
4748
164
1810
2838
678
3589
2751
562
2789
4771
363
3268
4706
4506
3498
2955
1955
1302
878
3971
2978
673
3818
3641
3141
4576
2597
3898
3006
291
4309
2713
1398
2914
2841
2408
4564
4098
711
662
2883
3568
1240
3879
2828
3665
1189
3385
2720
563
4387
604
1107
1289
3353
2087
1339
805
3548
1192
1760
2783
3369
3733
4895
4729
4339
3198
4532
817
558
1307
1333
2051
4231
921
656
1951
4838
3000
3689
488
3287
2080
4889
2400
2945
1876
1949
3684
759
2364
442
1340
2971
2796
1233
1553
803
1173
1735
3460
3970
1819
2506
4774
909
1176
1833
4801
1739
3974
3521
273
3854
1674
4457
1372
4704
490
1500
1543
3618
2286
3341
709
3262
1041
2168
3263
4088
1937
2554
2993
689
2941
3979
2011
1961
4095
4347
2126
4239
1907
2167
2436
2769
1632
2753
1532
1304
2186
2834
3992
4022
648
4614
4865
4113
3260
2458
4445
2464
3419
2584
2643
2935
1556
133
2785
4477
136
3834
2514
1220
286
1607
4344
2054
4772
251
2988
1001
3939
3743
4642
2084
671
2446
4813
4867
1658
4562
1496
4582
988
421
2972
1056
4280
1017
2734
1734
73
198
2000
695
2040
3729
1846
3045
4780
3247
1829
2174
3591
4671
2852
4336
3147
3832
874
1253
1790
2061
4162
1489
3321
2085
1714
1581
967
465
3483
122
390
3346
1457
831
4640
1953
954
3658
3760
1440
4155
1021
87
941
974
2872
3055
3932
1449
3497
2613
3648
4655
2964
4154
2844
59
1618
1911
2958
4343
4874
1529
2937
1507
2096
173
3969
4602
2245
4248
3998
2699
2741
3796
214
4553
1148
4485
3820
3114
2094
4190
2550
3787
1566
694
2473
1051
1682
19
611
57
1809
2384
3706
475
4734
2944
1492
895
1738
4375
1349
979
2689
1290
586
1976
3057
924
2663
769
1287
2315
2371
4003
2483
4413
2273
2
4131
4419
2915
1523
2918
2460
1257
3966
1777
1811
3895
2173
137
1033
796
4264
4454
3102
51
104
4397
1936
45
677
2875
990
4687
1769
3285
4333
143
3151
4894
424
530
3533
1425
65
502
3229
304
2507
2257
1068
600
1595
1063
4370
2107
704
4773
3261
2760
4727
4458
2858
2644
774
653
1450
3399
2867
1693
4045
2198
2093
4440
2293
1376
1756
3072
2864
1685
3952
373
1797
1555
1027
4144
4711
2057
1013
593
1998
4270
1043
547
2411
1468
3165
85
4023
1413
3871
3978
2791
3899
3241
4566
1645
3050
1605
3480
4554
2797
1583
498
460
674
2622
806
3437
1474
3227
2542
166
3680
4068
663
245
3516
1575
2561
1542
2110
965
1867
2859
4669
4159
2092
345
2620
348
1133
3232
4500
2117
740
4496
4810
3506
440
3678
26
2588
4872
777
4037
4592
898
1032
3306
3286
2602
2839
427
4555
1505
2666
625
307
1925
4502
4712
2043
2200
2022
3592
31
3636
2317
3425
4766
3520
1612
325
3047
3347
2876
4148
1648
3518
2342
4720
1733
2229
3019
680
3489
4211
35
4878
1264
4425
126
861
1789
135
260
314
374
1106
2288
839
1845
3809
2578
2591
4530
1527
3997
333
1308
4896
904
3412
1753
1827
2072
2234
2457
403
168
2272
2813
3958
2804
935
426
2593
2552
259
4057
4161
544
3720
2936
752
2116
2709
2416
4070
1361
3471
484
1598
3627
2775
956
2067
197
3400
2790
1688
1054
4382
849
4690
63
2596
835
281
3469
246
575
2202
3632
3440
4474
406
3107
4292
588
3795
4105
3171
1260
2196
3623
3983
4421
3785
1887
4637
908
2921
4076
209
3273
3329
79
3629
2589
1469
4183
3024
905
3037
2954
2224
3258
3930
4808
3964
3467
732
3527
12
615
2432
4232
4009
3982
621
3745
1104
361
1901
3025
2664
3863
3193
2260
1227
2703
1573
4132
495
1152
2743
2541
3040
3823
848
540
1159
847
2108
1730
149
2896
2341
3420
2960
2415
3028
1795
3274
4033
2267
1668
528
4054
4556
4277
2321
4834
4139
4692
3411
3406
4340
555
4223
3996
884
892
3649
3882
3113
4850
4626
1025
1547
1217
2512
700
3013
1473
2773
3208
1835
772
3216
4272
2070
1470
4306
2440
851
2735
2380
590
1825
298
4199
1579
4615
2077
664
521
3246
506
4537
3289
1602
2363
3122
3068
2090
2151
3945
3041
170
331
2323
3772
1262
1807
4228
300
3142
1521
4758
804
3311
3866
1586
523
497
3814
4693
4075
2736
3981
4112
3442
76
3536
3926
4364
1732
3584
2511
2089
2359
630
1840
3118
2535
257
4291
3352
4195
4863
1459
1773
1102
2827
3304
1545
1323
2926
1942
40
1142
813
1296
560
4737
897
346
1957
4044
1299
150
969
3492
2194
882
825
3450
4104
881
1166
4215
4516
2455
1460
384
2113
1689
86
4354
3860
548
1606
1997
3708
4378
2101
2824
1600
1930
937
646
255
4885
171
237
156
3390
2148
2353
1701
4202
1061
4823
2880
755
2645
3358
1222
3771
2726
3985
3109
1973
106
1574
2135
1577
1707
1924
3687
2459
559
4468
1665
3014
2065
3948
1309
140
725
3382
2923
3210
3277
1679
1994
1022
1008
3914
2478
3267
2049
4063
549
3566
3175
4522
2282
3143
3845
1162
3567
1475
3103
205
3174
3333
4061
713
2684
420
123
4146
2285
2175
2312
4883
4140
4787
1891
2938
2693
2247
3330
4200
4394
25
1229
3336
279
3039
2487
3319
635
533
1681
1082
3933
3655
527
1494
929
2560
4268
3243
4275
1045
4301
1235
1541
4201
3620
1703
60
906
1551
2557
4355
3404
2665
4701
3351
1638
2705
4518
742
2160
387
496
4415
3394
4465
1590
3635
716
144
2807
2810
880
4102
2772
2967
792
47
1508
1259
3640
2270
1183
449
1501
1934
1749
1
2509
940
4442
4538
2805
3936
1427
2310
3345
1779
620
4875
4043
3855
3588
1073
4523
1943
2150
3789
1599
1736
1091
1539
2421
4479
2848
3856
4390
4254
866
3646
2784
3222
584
4092
4482
3048
210
867
1352
1697
952
4755
4293
2199
3269
4025
2465
3683
2248
2698
2184
3213
3182
4876
2759
396
3830
3976
1644
2204
631
3312
212
3774
4099
2837
1826
1407
3359
2035
2356
4728
222
4299
2301
3049
23
4284
628
1004
3163
3166
4464
4013
4171
698
2329
3219
4263
3669
354
6
2435
4459
1509
4081
1129
4346
56
2492
1312
4716
267
4392
4512
2505
1664
4683
2946
4488
616
3197
2672
1079
966
3703
1132
1420
413
3081
4871
4371
3529
1970
2635
2333
4327
2083
1446
1705
4777
4138
3606
3218
3576
807
3254
1778
577
4002
3155
4005
4809
4320
1160
3334
1380
2144
2276
3310
4494
3557
4410
2776
3256
1080
976
4552
1448
1842
4684
2382
223
1814
3002
4750
4203
723
3811
2147
2660
1461
3063
4481
3973
3093
3252
3466
2700
4168
4315
1944
2405
3790
3532
1319
1765
305
703
382
832
3826
726
1258
1615
2592
448
52
1614
4136
3384
368
2618
3473
152
4600
4352
3696
738
1729
3865
1210
1918
191
2140
2030
282
614
2974
507
2304
1088
4814
1750
17
334
4595
1163
4743
3230
2647
441
3560
2161
1292
332
2874
3007
1801
1941
1410
3977
1587
1578
4722
894
852
2409
455
184
4172
380
316
2450
3327
986
3628
1780
2556
629
4438
697
2488
4243
3088
4649
4826
925
220
1419
1702
4389
3184
2136
1311
2014
889
2566
3965
2396
4849
2763
4295
2397
2614
2181
3637
715
3867
1916
3078
2648
1265
1058
4495
1820
2856
1059
1571
3947
492
1232
1917
3515
398
4508
1363
318
1391
4607
658
4193
4461
1231
393
2334
932
2424
1771
524
2158
3765
3943
1075
4447
4217
2981
1451
4444
2482
3192
4429
2211
1873
3905
2711
2360
3379
2605
2626
11
1076
379
2074
3132
1046
1761
1011
1740
2343
1676
2385
998
1174
1993
1112
2120
1510
782
2999
429
4450
3677
554
927
2587
4830
4666
3488
1603
2758
2221
4839
4841
3123
3593
2527
1366
1812
964
996
1351
4851
3679
200
1788
2677
592
127
1896
3264
2056
4288
1956
3097
1364
1971
4591
2685
4134
1118
1093
2619
1305
4441
3748
3906
2811
4151
2586
3127
4833
741
2782
4586
4318
1064
3010
3526
3299
4460
1843
3742
4423
4782
1651
4229
1397
1772
70
3751
1409
1484
3999
1914
4074
2607
1462
3126
2757
4897
3816
1044
1388
3660
2722
4062
2442
471
238
2201
1381
3722
1297
4031
2308
2612
4781
69
1096
2853
1516
476
2357
2192
1491
1263
2155
2656
2118
3292
1852
2569
4645
3901
864
1077
4884
1576
4540
1454
4209
415
4265
3105
3340
1897
371
2423
2012
34
4381
762
1774
2039
1744
638
3065
3894
4594
830
3710
2963
3207
797
1591
971
4718
3600
670
3452
2603
1179
1111
95
74
277
3491
2893
973
2671
4164
3881
3673
2163
2829
2649
857
2048
2427
4386
4769
2724
1180
4358
4866
3051
2573
4788
1138
4434
2577
1052
3117
139
3721
432
3711
199
3644
1879
254
660
3433
1680
2793
3463
3177
1124
4115
211
1433
2651
1150
3464
3016
3162
3378
1115
3668
2130
3145
3357
3302
2332
2669
516
4610
1250
118
4345
4661
2833
2825
1328
3861
701
4383
344
2503
80
2437
3211
3806
4428
1320
288
2531
2606
3138
1796
308
3825
4321
2983
1443
1525
3408
1016
962
2976
3120
3784
3250
4579
352
293
4449
1113
2284
4643
2969
2179
2494
2654
914
1503
240
510
1585
1626
3224
1213
1123
2412
1353
3436
3707
181
1694
392
2176
189
2319
4020
2934
4789
2314
249
3793
2553
1236
3676
1831
1190
4560
4505
1048
3615
2681
4160
692
3539
4302
3231
4868
18
107
3042
3831
4393
2947
2889
3476
1463
3104
4186
4402
1922
2095
1423
2730
959
2745
3067
1629
1477
4050
2020
3251
4870
1673
1479
1991
859
3115
1892
1357
3418
2803
2376
4090
4287
54
3199
1157
3121
1184
1338
3960
1988
4807
3857
1903
3066
3501
84
2680
2623
3484
970
4069
1181
2538
546
3203
1314
3403
3098
2476
2430
4357
1517
1559
2723
4261
3776
2819
764
4401
2526
3726
1544
2863
55
3986
1554
1165
4679
2302
2564
3428
1875
1270
2338
1055
2979
500
829
2327
960
1247
303
1613
2879
3573
2208
3872
4551
4274
1624
2231
72
983
3652
53
4646
1816
1120
312
2261
3698
1169
1895
751
375
453
4001
2263
946
3046
1558
3775
4713
1691
407
30
1535
3903
1634
736
3422
4034
567
3594
3281
3955
232
2222
464
3773
3769
115
2985
2696
2223
3682
2882
531
3870
2781
2193
3356
4881
911
158
2281
2991
4414
2124
1039
1800
472
3656
2344
794
376
4141
4641
3599
451
4678
1182
2855
359
4763
1202
2210
2673
1119
3802
1218
1684
934
2271
4794
4478
1216
4189
3800
3987
731
3819
1306
2001
4815
2639
2393
4046
824
4374
666
2888
2771
1100
4746
4654
4017
1950
1078
2675
2375
163
3780
1972
3320
2480
3524
3074
3612
2235
837
3478
3737
452
4710
2232
950
2105
1239
1005
4035
1872
1023
148
1136
2869
4196
486
4083
2674
2630
503
2676
1782
4589
3705
3883
160
179
1221
2153
2461
2529
1261
4587
3255
4451
3643
58
458
1666
2886
3270
4778
480
175
3691
3381
2251
693
1395
933
3372
1601
1504
3844
1249
758
2383
2008
4795
985
1723
4635
4768
4848
4510
585
2683
1158
208
4242
3424
4543
3191
4515
4030
1315
89
4178
3276
1128
3445
1654
459
418
4569
3725
49
278
4528
3916
1283
3714
3325
1414
