2693
3065
1326
4244
1263
4710
460
2349
2597
2538
2649
69
1173
1731
1137
1911
2224
2403
260
4391
882
1616
2945
482
314
558
2308
2316
3660
1200
1989
385
3319
876
1065
2093
343
3039
4004
2158
1374
4397
3297
3124
3710
1825
458
4307
4063
3472
286
678
203
4194
2518
627
1544
4669
2435
1563
2627
4595
724
1813
832
4535
4008
786
2057
1582
1139
748
4076
1984
3986
2651
1341
2251
707
4330
1396
659
3634
1659
1397
84
4180
2897
3559
1003
4246
301
1715
3395
4721
3075
1540
2720
118
859
2178
1859
3982
2773
244
1455
3243
2663
4720
100
3071
1924
4654
141
4627
3273
3929
1533
2951
4022
4220
528
3110
617
3014
4290
1090
3397
880
1411
2738
3850
3362
658
3259
3042
667
3430
4600
4080
3143
1590
483
3810
2179
1336
3109
812
1243
3806
4043
1652
2230
2259
1379
4077
2148
578
4288
3024
1273
3448
463
1304
47
1028
1008
4087
2379
4544
1642
2610
4093
4530
1146
1520
248
3015
2170
233
198
4557
2902
2527
105
2146
1423
2844
3368
2539
1126
1094
1664
1570
4279
2993
1073
225
621
4037
2848
3713
3576
4010
947
3119
2566
2155
34
3772
3987
843
40
836
176
992
561
4320
3338
2350
4877
4471
2468
1316
2212
4697
727
1777
1346
4074
3125
1323
3646
22
433
2245
1453
3909
4150
1890
508
2937
1479
1375
3805
2910
3920
1176
4066
3594
3069
4465
1836
2886
168
4693
268
1567
1551
274
1036
3776
4609
744
501
594
4233
473
968
4110
2402
4604
1048
2968
4181
959
1147
3627
1640
2785
2590
4014
4121
4057
1436
2476
19
1970
1736
1931
814
837
4217
605
4422
183
1298
1861
1644
303
3973
2942
604
791
4248
2489
2674
4591
2707
2281
1764
114
2558
629
3901
435
4242
202
4051
712
2743
3865
4489
262
3652
1585
2991
88
3222
4783
1711
3823
402
4372
2077
2466
3720
449
2233
4135
612
785
983
1475
289
1074
3145
3911
4816
1235
2388
1794
3628
1136
4752
1150
3437
2823
2408
2776
391
1694
576
1802
3093
66
4116
2572
2790
4068
3672
2948
739
1011
2847
4193
3457
130
4801
3507
4560
1170
369
3873
1547
4670
4002
3659
269
1799
3077
685
2495
2204
1817
3620
2810
375
4174
4385
2955
1862
1869
4095
1767
2207
2531
1513
492
2938
4525
2001
747
3428
4254
776
516
2592
3415
1255
4296
4079
405
2423
2891
4823
3896
1790
3869
4258
4887
359
158
590
689
1902
2511
1284
3244
3547
2152
2957
2376
3983
4311
4660
2899
1418
1039
150
1807
3231
1741
3838
4871
1120
328
3274
232
2011
3407
596
2781
3447
2541
2171
4425
3618
4861
3377
438
851
1865
4161
951
1545
2853
1999
1070
4771
3266
1850
1889
3287
4753
4490
2903
1042
21
3661
4118
2255
2039
1167
3076
4615
2873
4653
165
315
3078
3385
2189
2354
1593
3613
2040
3688
4478
4399
1247
1229
4168
1705
3691
2714
1034
2218
1057
1191
420
321
4620
2733
3299
3957
4064
4324
4172
4033
288
4475
4131
1264
520
3262
1956
3283
2915
3038
4003
3913
3553
2000
1187
1443
152
546
1163
846
2766
2174
2321
4389
3438
4016
2857
3791
943
79
3537
485
434
2326
46
3514
1157
2950
4331
3392
3091
2014
3100
3254
4758
3945
615
1151
290
213
1055
2695
4862
3637
3355
186
2193
3386
4456
3095
1503
3058
952
337
505
4376
2347
845
2617
1909
2561
1331
1202
3478
2157
139
1815
3689
2411
3729
1955
2202
1368
4023
2225
1732
4177
1538
4518
4210
3329
4281
944
4442
2195
143
2618
1712
2168
2670
4214
513
4482
188
2824
713
2661
3451
2884
507
1306
3248
3642
2859
4695
4886
2830
4409
1766
4851
1954
2272
3928
2455
2122
3565
1348
1128
1868
1791
563
1220
1740
3250
2893
2228
703
4713
44
4553
4494
2450
4559
1049
3510
451
3009
4813
1820
560
3602
4575
1891
2799
3311
466
3946
2485
919
4396
1445
1934
3612
869
4463
1384
737
2390
50
4292
1923
652
151
3331
4304
3899
1693
2974
4153
4692
1875
3137
3085
525
131
700
3654
538
734
514
3403
3844
477
1529
1847
2812
3807
1286
1922
2523
1376
3853
1171
3021
1135
3995
2686
4634
1295
987
4212
4754
4360
1804
1811
163
3037
4549
4645
1920
4658
2385
237
3888
2334
2277
4211
850
3106
1618
4437
1244
1762
3526
4156
2594
1367
3815
256
1572
1843
2124
1380
2931
588
103
338
1001
2813
3768
2868
2360
2339
4857
4863
3481
4641
2803
236
4651
283
2236
1495
4869
4864
997
3066
334
4459
1101
2488
2062
2092
3966
2793
1260
1775
4443
3123
1005
2141
2443
1194
1219
3714
414
2232
3522
3278
1674
1726
2944
4844
295
923
3743
1096
1992
3735
4272
2882
3969
207
1720
243
2924
999
894
4814
3549
4021
4017
2462
1447
2880
2614
2341
1812
1663
3221
1837
3508
2972
76
1402
1637
2336
4
3394
3340
855
272
1248
1190
1439
3938
3568
2265
2151
418
3402
1450
2914
259
2364
679
3489
2658
1388
4520
1719
4524
2330
3738
1787
1548
2734
821
647
3626
3187
925
27
3593
1881
4449
1122
3684
195
2596
801
201
3170
4328
1609
3285
4249
3591
4164
2034
1948
1305
2603
4134
4163
2427
3675
4845
1444
2037
1144
3725
1753
441
4799
138
2943
2519
932
3086
2269
4464
684
3223
3252
4728
3102
4015
805
4047
3411
2458
2067
365
1555
4785
1357
3019
769
878
132
4169
4793
2469
3182
406
875
4207
4411
1222
778
3387
3277
3648
3064
1461
3824
2120
206
4684
1691
3466
4435
675
1983
2024
2520
3718
1230
2798
3644
3051
2368
306
455
2845
2076
811
53
2147
3882
2626
1780
1760
646
59
826
4786
4007
3053
1009
4363
2849
3780
1627
1698
85
3645
2144
4027
1360
818
411
1012
2234
1916
3619
640
3401
17
1318
2374
1737
4843
625
2949
1792
2672
41
2934
2983
4602
3165
3940
1434
1988
2697
3556
2625
1363
205
2370
4508
4026
2473
2267
2292
3197
308
4817
1010
2629
735
4034
4874
2439
989
4810
382
3313
2935
521
1757
3852
90
488
649
1623
544
3388
4570
121
2422
2640
108
3935
489
3126
1289
2940
2704
2883
3663
3132
1161
4000
4398
842
1366
3429
2312
1389
2200
1442
918
2548
4574
1550
1507
3490
1646
863
1675
4498
408
3047
317
459
4245
2817
956
2911
4222
4213
4837
3174
3040
903
1178
4868
1189
2878
4606
2410
2933
4415
2822
1946
531
3186
2088
1044
573
602
1062
1089
3022
2906
2768
4724
4297
672
1067
4054
1883
2779
1462
1051
2724
2871
2728
4407
229
2535
3716
383
4759
1433
4335
1268
1046
1069
2749
557
1405
4085
3956
3704
4743
530
1328
3555
211
2923
2208
3171
2508
4083
4012
470
709
2512
717
2581
3820
4261
4756
3708
1027
1115
2481
710
3150
1299
2492
342
3357
631
3622
823
1022
4318
3225
2624
2895
915
1577
3265
404
1559
3855
1638
1234
4322
1252
4795
4474
977
5
3372
4446
2976
1657
4686
827
4656
962
437
1525
62
3981
1591
480
4667
1422
1936
4538
1168
2286
4349
2521
3531
450
1747
2980
955
4284
704
3857
1188
2111
4252
577
2655
3013
4730
2796
4784
1165
3115
1622
4631
4578
1175
1733
3608
2932
2580
2808
4171
893
2051
3552
994
1581
3924
2149
4352
448
2533
3419
4408
2668
4312
3405
2094
3194
25
867
1262
1631
1006
3487
356
2032
4534
2365
2261
316
4256
4262
2448
2240
873
1387
1494
2355
2290
2777
4696
2188
4617
1578
2438
4306
4555
1530
4203
1744
4522
1485
670
1517
2515
2540
3944
1050
3468
1975
4515
2676
4594
904
1621
2060
2270
1778
167
2071
456
1566
3424
3656
1119
2979
661
2244
4781
2811
3354
1981
4225
2128
4639
1340
1523
1636
393
4423
4218
4303
2961
2525
4550
1643
2947
1329
366
1321
3605
91
2887
3616
1085
2123
4483
1510
4812
3079
3701
3975
3581
4120
87
4434
3002
4228
4603
1553
3356
3146
57
2373
1108
1060
1019
37
197
2612
2510
831
4089
1648
3496
4637
3499
4513
2428
1358
2615
4013
2050
562
3012
909
696
4585
1124
4148
4601
3598
677
3324
582
2287
750
1377
2176
881
1394
2282
2382
208
1686
1599
2912
38
3596
2854
4849
4096
60
3927
1814
2484
1466
1249
4612
749
3061
1597
427
662
3578
3485
789
4679
3404
939
924
220
3509
910
4274
2058
890
1267
3112
412
1624
2662
2772
2843
912
2276
2046
3264
4122
3879
551
3382
1826
4614
6
327
1552
1386
1292
4379
1390
913
886
1651
2745
1216
965
3224
187
872
3089
3003
4605
2567
4663
3210
2565
495
1952
1350
2918
895
2631
3934
1449
3961
4243
2313
140
462
4215
1272
1604
2463
2089
2746
4173
3010
2654
4751
3931
218
2739
3760
783
4643
2061
1974
1324
1429
3862
65
4790
4113
3721
83
2586
3734
2252
1425
2101
2256
4286
3217
1751
4024
3052
841
3511
2842
3520
2997
2229
3951
1964
1706
478
135
3484
2335
28
3512
824
1424
2732
2418
1256
4526
3723
4505
4368
1280
3790
3902
2770
3316
3301
4175
782
1162
3676
380
4448
3220
974
2930
1918
285
3580
496
479
415
2820
1723
517
1745
1409
4832
1610
4487
371
2389
4462
4071
3160
3731
1420
4480
822
1277
386
4735
2908
4189
2194
3492
178
4143
2939
3777
4154
4484
2759
2186
3348
3657
3101
802
579
32
4020
3180
3339
2226
767
4178
1886
3284
4263
300
3698
421
1478
865
3030
4132
1261
3748
3043
3157
1203
4275
4092
1840
4098
379
1579
26
2096
2154
3306
2182
4184
4888
1476
2840
1097
2970
1809
2211
3839
884
247
1078
3175
4529
1232
3004
1226
11
762
1131
2522
4649
2
3406
3269
2751
2396
2398
2505
3840
1645
3185
752
3173
261
3255
1526
2905
1317
2322
3802
701
1978
3390
1206
4625
1474
2953
2692
1615
2033
1084
2825
775
755
3378
4424
2675
58
4674
4507
2239
3117
191
3546
2869
2719
4833
3843
1099
4160
3707
4722
3440
3561
4460
3755
554
2778
820
15
4374
4691
4516
3018
3658
655
4470
2185
3305
4648
166
597
1276
2150
2529
4455
3133
4158
4723
2571
1625
1195
2556
585
4716
1365
180
614
568
2818
1846
4589
4070
2380
1697
1668
82
3135
2183
3550
1725
3268
3816
2677
1960
3952
1208
2546
4204
2827
2598
4388
2066
4067
3239
4293
2417
2835
4468
2870
1345
2706
3813
2137
3916
4433
4362
3962
1406
2486
318
1800
3836
1561
4338
4247
1088
1498
3343
1212
809
1110
2073
1708
2099
8
1806
2356
1043
3515
14
4860
3080
1564
2243
3999
4731
3370
3353
834
1629
978
2532
2184
2181
2222
4392
3643
4573
1033
3630
287
4523
1852
1130
3113
1236
1265
1459
1052
1750
153
613
1569
2791
250
2839
3147
2846
4347
1214
1653
1626
2254
2400
3215
1077
4611
1991
4872
1949
2399
3050
475
1536
610
2865
4253
536
3361
825
3821
1860
3445
986
4155
4846
3023
555
3153
1639
3230
77
945
1032
2952
4492
3977
2888
4712
3529
1061
2100
1181
3921
1159
2302
1953
2294
4441
1749
3883
487
3763
3615
4815
1465
961
2797
1421
146
1884
1605
3346
892
4486
333
901
3560
2982
110
1772
2404
3257
2690
1707
210
1104
1718
1
1773
2006
2987
2126
1278
774
1242
1056
2199
4622
331
1354
3759
1614
927
4289
3227
4556
4856
1271
1769
4706
1334
4830
3462
4001
2735
1040
2725
3398
147
1938
2863
1491
4006
2112
3709
4582
56
2196
512
2064
373
4618
1014
4850
4802
2424
746
911
2671
3968
4081
1275
3826
310
4126
2206
2850
2048
3570
2021
1141
4889
4541
3057
3131
4702
3416
2452
1018
4479
690
3819
2978
2783
1201
2119
486
332
888
3281
3500
2015
4302
4329
2657
3391
2164
4571
1819
3434
2901
3752
858
1583
3588
2304
559
282
3041
2307
4769
3488
4365
4426
1541
1339
4236
1962
1897
3845
1143
1484
2969
1393
2514
3800
3480
3426
1829
2167
2153
4439
3655
322
2920
2257
1818
2397
97
1155
3670
468
3459
48
4149
2544
743
3167
2169
3782
3166
3828
1756
1714
4025
2595
442
1192
1283
1980
794
1658
3861
4282
240
3302
3908
2459
2210
24
1288
813
1221
4445
732
897
1441
1926
772
953
1481
4664
472
4334
1041
620
1592
4431
3979
3505
1635
3574
3937
1620
3609
2819
3917
4410
1500
3569
3431
2500
2425
4878
4661
688
3425
2343
1290
4011
4141
4060
1109
3098
586
3139
155
3152
64
1695
1270
4745
2678
440
3309
3884
4866
4890
2756
1237
745
3972
4770
1505
2127
4240
991
2065
4078
3111
3558
1408
4698
1372
2026
3090
2008
2480
1880
2005
4364
2992
2086
4039
2741
1177
4115
1020
4569
2763
856
107
4718
3589
1114
2795
4238
4590
3238
815
3463
4227
1965
3690
4791
920
1083
958
447
900
4325
1081
3007
2800
2988
4444
2344
2456
2747
2656
3863
3753
2559
2460
4688
253
985
1682
3134
2960
4873
3199
156
4566
1300
3827
4583
4599
3347
2134
3854
793
4390
1692
1501
660
4772
4659
194
3629
3994
1789
2030
2309
2680
1958
3878
967
4587
1702
3360
2861
736
1240
1759
2043
1928
4687
2816
4104
1519
2381
3971
1410
2916
1197
2730
3739
608
2268
2713
129
3444
275
552
3068
4800
329
2826
2623
2946
921
3001
324
3592
1945
4251
2862
857
1532
780
2967
4854
1132
1437
497
942
499
4539
4596
1537
574
929
162
1068
2012
1689
2583
1017
2284
702
2371
656
657
2786
3503
2393
1467
1016
1072
2604
1330
4747
1972
940
3205
4183
1285
93
2036
4069
3811
3320
4809
1414
757
4895
1100
398
1140
2487
1990
3350
571
43
348
3749
3294
461
1134
4884
2699
3868
267
1508
3664
1927
545
4613
2837
1709
1301
589
2723
4310
1647
2091
2616
1514
4420
3527
993
3991
2973
2482
81
926
4891
182
3408
4273
2641
2593
1023
3686
3465
3195
976
3413
600
2249
4223
416
4327
2632
4461
2498
75
3551
3606
2584
4506
2549
3070
861
4803
3789
4542
1961
4652
2711
671
1867
1576
29
1671
2534
1678
2994
4048
1976
1251
2242
4896
4294
3864
4624
1224
4208
928
4298
3875
3452
255
4130
3950
4309
2042
3108
3168
4504
3323
1045
221
3263
1308
3958
4834
1391
2047
199
730
931
3632
2493
2971
4778
3732
3458
307
2247
864
4196
2644
134
4881
3441
1937
1362
3506
2927
3072
350
833
4705
768
3885
3610
4201
1912
2727
4676
829
161
3258
1125
3096
4644
3491
3521
2504
1426
164
4382
1233
711
1690
653
4357
1511
3359
3493
4662
995
3256
715
3860
2867
2215
3604
1914
2696
1531
4704
2275
4056
1722
3082
2436
1225
3107
706
36
4642
4429
2814
936
3196
4511
2004
3455
2300
4744
2653
446
1454
3286
133
2501
2622
3494
2890
3379
73
946
1580
1129
2143
2635
4344
2715
3417
271
2688
2900
2506
3584
3801
2069
319
4109
363
2138
2587
2017
1486
4337
1844
4241
1516
4162
2648
3638
78
2209
3234
634
2018
3893
2764
4584
4831
4577
3761
3432
4807
4640
572
2156
1824
798
3087
1156
3954
2263
2765
4825
1685
2133
777
4533
1047
2981
1196
4226
3783
1739
721
454
3097
4285
984
4635
376
4727
2637
2775
71
3947
2633
3373
2162
1661
238
2664
2787
3483
3533
3498
3169
1827
4260
357
607
209
1058
1670
2306
2836
2329
4707
1729
4264
1727
2643
1174
200
896
4234
235
4190
2082
4117
902
4493
3351
3736
264
3719
2645
2035
1821
1834
387
297
4321
2755
1735
3866
1107
1239
1987
1087
2526
2769
125
970
3886
3062
3955
1483
4827
1701
3271
1351
353
2419
1279
2442
4875
2879
2409
3877
3330
1117
4527
3088
3817
445
975
3204
796
3812
4427
1665
179
4366
2074
2131
1291
2421
4671
1874
3887
4841
2956
204
3880
1785
4672
51
192
1231
3724
4828
4726
1755
3906
738
4219
2528
2990
4101
3308
4186
1431
1172
1370
720
2248
1816
4058
4387
94
4075
3586
4858
630
1142
4497
3240
2919
4371
907
4383
3260
4473
930
3325
4647
2103
879
1866
4510
2634
99
1332
104
2010
524
4050
7
2966
979
1667
2273
3788
2203
4086
695
4689
425
3892
1164
1204
3681
4354
4105
336
1322
3525
1779
2078
566
1246
2926
3122
4543
2517
120
1943
3847
2809
2366
3409
2856
2132
3600
637
1793
2357
2502
3226
4469
234
231
889
304
2858
3161
3650
3469
3181
3322
1877
3312
3787
3530
2659
1776
1053
4708
3891
650
4300
1504
3639
3000
914
3414
1673
2679
228
3808
624
80
3939
1355
4562
810
680
601
2407
541
3904
2449
719
593
4185
1925
2049
1427
3769
1743
4369
1470
3104
2530
4133
1835
340
2754
1617
1502
4848
3334
4568
2332
4531
916
1966
3624
4267
3435
622
4650
2673
3036
2375
1746
3203
4762
3798
1939
4773
2589
4680
1071
1364
2070
424
1602
4114
1133
2387
4065
2054
1878
3192
1337
2213
1565
575
1428
2405
547
372
3563
3486
3774
668
2109
567
933
4144
1699
807
1015
948
526
4588
3190
3907
491
2160
2416
4221
96
3421
1967
2163
2318
2833
4416
1446
3967
3832
2369
4182
1158
870
633
3341
808
1613
1282
4749
4638
2600
2958
788
1598
3189
766
1080
2941
346
2246
3083
395
515
4370
1054
3184
3730
4400
4481
3744
2324
349
3747
4413
399
86
797
795
4457
4418
124
3573
4237
3985
697
3035
410
3715
2372
2031
3804
4280
4350
1468
4740
2758
2113
723
509
3454
2962
2907
2475
4610
2187
4558
222
3219
3794
2383
728
1601
922
1524
3384
3756
3342
3242
3742
2646
294
1148
4682
2681
1458
2608
2576
1309
2691
2874
2701
1969
4436
3063
92
2221
4563
2260
113
2223
4393
3540
4072
3460
3758
740
4394
3577
358
4099
284
1098
4616
3874
3504
2262
2499
3427
1281
2491
361
4167
117
1103
716
654
4485
4200
4623
368
2115
2338
3275
2767
1241
2280
3105
377
341
2013
1250
4548
1688
2165
403
3162
1169
1392
122
868
4742
4129
1118
4794
4792
1730
1995
3601
3740
532
443
2494
3757
4521
2059
2729
1782
726
3942
1660
3410
184
2392
1469
1887
4700
4191
1919
1982
2454
4202
2085
891
189
2975
252
2700
4170
1030
2351
2359
127
101
1783
2305
3120
2116
3418
128
2315
3859
4540
270
171
887
4767
2784
503
3898
583
877
2545
3809
2620
4205
2075
3364
1473
3188
292
216
3473
1287
2698
312
212
1950
3677
3158
2774
3245
1477
3206
3636
4685
4142
4739
4876
4509
3849
3539
452
4466
1327
2367
3978
112
1933
835
263
4711
2718
246
4055
3535
1942
4235
123
1830
1607
196
2852
4532
2963
1193
804
1515
883
3848
3544
4359
4082
422
1312
1893
2401
3247
4197
3741
4678
2291
4073
1079
1716
3910
1432
1669
2406
2744
4179
2801
2348
1123
4741
860
16
4502
773
628
852
3214
1573
4655
636
330
906
1457
819
2709
3081
3433
3054
4259
2283
2328
0
2605
3307
3464
2928
2271
2722
751
4295
1687
215
3870
1257
106
694
2636
89
4592
3587
687
3128
765
3034
2964
9
3597
2555
866
453
3164
1038
1672
4159
4165
1417
4255
3557
1612
1562
3148
217
2666
759
1896
2557
963
31
651
898
3543
52
3383
673
1979
2894
1788
3229
3055
2477
4090
3666
2274
2999
109
754
806
3212
351
1831
2479
3895
2279
519
3733
2909
3903
1721
3475
457
2607
2650
937
2029
185
2537
3572
1910
4787
1076
2913
3363
1901
3614
4897
3367
1758
3965
3792
3279
3919
2929
298
3717
1728
323
3470
1007
2451
1556
3696
374
1838
1594
4564
4343
1179
1075
3202
2804
1066
828
3328
2687
2642
1452
2429
1872
325
950
226
1419
1864
4351
3094
3439
4734
2509
3694
1333
3528
1031
2619
3216
1063
2317
3534
4472
742
3345
3662
4775
4377
4346
1254
3779
998
4894
1574
2467
4040
3228
1182
1325
4565
2097
1679
3567
2296
611
4414
1596
3
1656
1398
2977
3948
584
3607
3142
3179
390
2298
1440
844
2757
708
1904
30
3722
1460
3562
2084
4788
4356
4811
3237
1534
2041
3830
469
4737
3025
70
2320
3011
159
2917
1913
2016
4124
3930
4323
3218
389
4607
2660
1546
3027
3381
817
2860
2876
3423
4405
4401
2877
3183
3524
1093
2056
3765
320
2237
4151
643
2748
3140
3518
3032
4514
2142
2838
2201
1944
3336
3974
2325
2703
2984
245
1342
313
45
1899
3293
102
4276
3280
2426
502
3831
1589
2027
3746
23
1770
3327
1106
4373
4746
1383
3890
3443
1000
3751
4332
2989
392
3154
3943
4646
3380
279
1761
3679
3641
2019
3786
4668
1448
142
1518
1683
2794
3017
4257
2444
1856
54
4626
543
4361
1935
1654
4782
2665
3172
522
2214
632
3617
1903
2353
779
4209
763
4500
4440
3712
699
3399
4454
281
4666
1774
2490
1947
1228
3842
154
3495
4879
1227
2250
2669
4005
549
2630
4453
4305
1997
934
4112
400
1198
12
3841
4270
3476
484
1438
980
1630
344
4690
2098
3996
4777
1180
1822
1253
4231
2575
4450
1154
2588
2081
1586
3651
1353
277
3300
362
2130
2470
4406
3130
598
3711
2497
854
2904
2705
3894
666
2828
394
4125
257
1138
3673
4853
3835
1549
35
2780
1025
278
3233
1037
1487
2889
98
3005
2238
4395
2574
935
644
1294
1917
1680
3941
1842
3872
1940
4188
4822
1595
3317
2570
4404
4768
413
2802
756
683
136
4045
908
3033
4835
1349
4094
1435
3315
954
1021
4683
2278
42
3745
1185
725
2579
3548
3471
3453
1557
1973
3276
419
3371
1310
115
302
3326
1713
4278
4547
941
3366
2585
3288
4384
4597
3241
3603
1795
3833
4893
4488
4765
982
2892
2639
230
1985
3321
2547
4009
4187
3059
2377
364
2792
4430
3766
2205
1160
2771
2736
4088
1676
4608
2472
4301
2524
609
74
1539
964
2683
2107
3799
790
4725
4776
2885
4038
3764
3611
241
55
1522
4428
2806
839
388
1395
4709
2689
4192
3151
2191
4097
988
2925
1113
838
1480
3989
409
4127
4761
2936
4503
2241
407
816
3754
2684
1199
1853
871
2560
4715
3365
3936
1998
2447
1832
2175
3918
2114
2782
2299
606
2331
3502
1382
3623
1499
3992
2340
741
4287
1207
1571
2753
4883
1781
2121
2055
1029
1888
4839
4780
4229
464
4157
396
3926
957
1845
3141
10
3767
799
2414
3697
4774
1092
581
3249
2145
1684
3856
1506
4870
126
569
2708
2172
3136
1082
1543
2412
4586
381
4764
523
3699
506
1482
2025
4317
3984
4375
3770
305
3144
4865
4681
4451
1986
548
4882
4313
1873
1588
1401
160
4580
3067
949
4842
1704
1238
2496
1183
3253
4036
972
3695
2742
426
4458
481
2052
1296
676
4632
1356
3121
2483
1771
1013
3964
2569
2896
2087
1463
335
1259
1209
2102
266
3193
1895
2750
3049
3396
1994
2028
840
4166
3517
177
3177
494
4546
474
1121
4703
4137
4554
3046
1471
1266
2159
1153
3474
1091
384
529
3682
3671
2609
1863
490
587
4826
2432
1803
2578
254
172
4805
61
3685
2536
1456
2253
3209
4140
4819
4804
4216
181
3251
3585
4438
1223
1876
1810
20
4091
2104
3871
3198
296
1681
3912
2420
3446
2216
3667
1399
2068
3114
3678
4315
3099
3442
3949
3653
149
4107
3980
682
4447
2173
2227
1269
2996
4271
3344
3289
4345
973
2136
1412
3703
1808
3201
2342
2337
1786
3728
3775
4044
2682
3822
2551
4789
4319
2105
3953
2198
1554
722
3031
1371
4419
2832
1102
4059
1488
1805
4029
3773
2921
781
550
1415
618
2197
1184
1492
367
4206
3554
1828
2866
4336
4421
2461
471
4808
193
1145
4139
4378
1002
681
1857
764
2562
1763
705
2053
2986
2445
3074
1848
4717
1490
4108
4512
3545
1849
619
1059
4779
4269
3048
3914
1700
465
591
3358
2599
4106
1611
2295
1710
3516
3876
542
570
4381
733
4339
3261
3156
2358
2821
1245
4136
3631
3665
784
3028
1344
4496
996
2314
674
4636
3200
2985
4031
2628
623
4035
2694
3420
2180
4714
3976
1319
4657
1628
2431
2090
2503
792
239
1603
3272
2959
4628
3376
1535
3449
1105
1210
3127
1898
4348
2264
2430
2345
3625
3006
4358
4049
760
1677
2441
1404
4412
4675
4333
3680
1885
2740
3477
1400
1892
2129
1509
3897
116
1528
4501
2563
1464
2288
3700
4738
169
2161
3796
1666
3693
2712
3997
4820
2513
170
291
3889
1930
3590
2577
4757
4797
3314
2954
355
4316
4824
4198
753
849
4341
3536
2807
4145
4342
2922
4028
3818
4119
2022
1303
3970
2118
2303
2647
3412
4326
1215
4176
565
641
3176
1858
4266
1314
2434
3389
3599
1968
4111
642
2079
3270
2289
1086
2219
4719
2352
4152
265
1796
4103
2437
249
3541
1833
718
1497
1905
1496
224
3060
1854
3571
2788
4491
3291
3044
223
2395
360
417
3867
853
4402
4701
4100
4852
4138
3178
2327
1315
693
3834
4561
2872
3497
3621
4340
553
4619
4452
3900
1696
3208
299
68
4847
3045
3349
467
2474
1095
2297
830
1307
439
4880
1606
2384
2190
1568
2080
518
917
1024
862
2591
3750
1558
1293
2083
2685
4042
1218
537
3702
698
2044
3795
1127
214
2063
2731
1908
4673
2235
4499
3129
4030
1882
3369
1584
4629
3084
3781
4053
2507
49
3501
1915
4019
665
3674
39
347
3532
2285
1512
2998
1993
1064
4838
595
