316
2472
908
3225
54
878
3021
2221
4155
497
4234
1141
1952
4334
418
2947
3675
2746
106
1967
1823
3774
4615
3313
3277
1635
4552
3046
2342
4284
4632
2499
3504
4065
3191
4265
125
1765
587
1489
2804
83
86
2073
2298
3722
886
2092
232
4840
2821
1604
1106
1980
1600
1388
889
1144
4270
414
3620
2548
402
570
4680
1190
1951
4756
1958
4435
3756
4193
606
3777
3250
2651
855
1510
1408
4115
2438
722
3166
2091
4859
2668
2820
1445
1867
4049
1131
541
1336
93
63
1105
363
2486
415
4558
1596
4110
2320
2717
1422
382
476
711
3546
3763
2487
4416
1264
26
2610
2644
873
2715
1082
4303
1036
2788
4441
1411
1475
3014
4368
279
2778
4047
4841
904
3315
4876
715
767
3768
3183
1216
819
2762
4535
1620
3374
1163
2482
4393
4150
1168
3396
4235
1645
663
3714
4375
1724
167
2551
1691
3593
410
4601
3796
1324
2966
4189
674
4879
1810
4137
3401
897
1834
3634
2026
2626
4575
92
3673
1490
146
2399
2764
4044
2937
2716
1134
2179
1857
45
1775
3719
3444
3526
2231
899
3940
3965
3943
4252
56
3199
2409
3236
709
3397
2934
2262
3220
2756
3227
411
2807
4627
228
2465
2698
2455
1083
901
4740
1484
1265
2635
1568
3686
2366
1259
3587
3833
892
1886
4300
4830
3847
1341
288
2006
3109
4001
4692
4116
924
2577
629
4207
1343
3335
1116
1684
1962
4059
3961
422
680
3264
3864
4821
888
1212
1242
65
3628
3458
2185
2322
4833
720
4863
2733
976
1262
1233
4157
3393
4408
2240
3828
1008
4647
1310
2243
3330
4474
3785
649
3210
1789
1014
3367
2574
1503
1044
1563
2663
1461
263
2427
470
2745
1049
442
75
4648
3840
3369
1626
3592
2690
2528
1628
4518
2562
3228
3731
559
4850
4805
2277
1009
4754
867
467
4875
4757
4254
4574
529
1888
2129
591
2154
4262
3705
4681
4504
1518
2160
4351
1890
2751
2477
4596
1983
1843
2979
1155
237
1603
1287
2076
48
564
2963
2282
1452
2729
1719
565
648
883
2059
3926
3481
4686
3829
782
523
4737
3352
2334
2766
2830
296
4394
52
1146
4076
3793
2402
1898
1425
973
2515
2210
4521
3537
1686
4561
4536
1831
1741
4795
2183
3944
3564
1186
1365
1117
1584
3502
174
4305
3037
1002
1062
2281
403
2869
258
2604
2550
2569
610
719
2661
3986
4374
2897
2523
1038
2987
4834
3476
3883
273
4145
3047
507
724
758
1055
2492
3751
1669
4231
3738
654
3974
4068
609
4811
3576
2250
4753
1651
2959
2036
175
1786
4072
615
3928
1328
3580
4727
545
3636
4839
1972
4733
2085
1609
594
1776
3992
4332
4253
849
3425
426
3541
4055
3791
4814
2919
274
2207
3280
4739
246
4629
4257
2822
1288
2422
2874
4565
233
2377
1933
3790
2015
247
4398
4205
2459
2621
2383
3263
1640
3516
524
3679
3740
1871
1936
2352
4217
1506
2617
698
301
1441
4600
2642
554
673
3066
2750
2456
2560
885
2868
2361
2278
2636
3886
4042
1164
2974
294
688
149
3835
473
1322
2615
2932
2527
100
3707
618
962
2005
566
2828
369
613
3292
3131
286
3878
2696
4404
1973
3821
2891
1398
1873
3613
96
3318
1748
1147
1352
3496
3283
1854
2168
2194
168
1424
4882
2510
4418
1078
3281
2269
4816
2187
2634
3557
4407
1757
2336
3517
1875
1877
3908
4639
920
1089
1743
3617
2028
3141
3747
4344
446
4767
308
3041
3869
1540
643
3585
1246
4030
4827
1633
1243
1919
530
922
701
625
1795
2567
41
1091
4732
217
3132
4721
1969
644
1072
3923
3035
3937
2568
4541
3561
2650
464
110
4758
1007
1940
3884
1693
221
477
796
3711
14
1257
2463
2431
148
4611
345
2169
4389
4025
2991
1820
3563
2423
3757
42
969
696
3445
2362
2021
624
1334
2683
1099
2002
3409
3242
2213
2068
3567
2106
4348
4845
1069
1927
32
4893
1073
447
771
1792
4329
744
3724
3139
2249
3475
2815
3160
2744
967
2025
1201
917
4428
4674
2501
3383
544
3963
79
887
1111
1401
3483
3464
4581
1720
388
2489
1697
3694
2718
4020
3978
557
3480
941
1845
4035
1226
1222
171
187
394
3640
1462
2437
3615
4339
481
3660
4689
4283
1417
49
2738
4532
1052
543
4459
1654
2428
2326
3518
738
2950
4726
3966
2110
1230
4278
4014
3911
2126
3539
4177
4646
4096
2735
727
3507
503
2099
3181
2794
795
392
3798
1268
2571
571
2597
3749
4515
3893
3789
910
537
4243
3501
1578
1905
2369
4695
3759
2547
686
2603
3045
2223
3434
4798
642
2612
1161
2297
2117
4082
3697
641
143
903
4228
2985
249
1102
324
1941
4825
943
2681
3670
1974
412
1252
880
1984
655
3229
657
3582
2792
2220
4195
3962
3244
3545
3558
3770
4335
3773
250
4282
865
3395
4551
3601
1258
3278
4352
4450
979
1406
3783
1263
534
4717
4467
3474
636
2575
1018
4414
4247
546
1493
3482
1521
488
4657
1549
4485
1960
2180
4662
362
968
4711
3302
4709
2355
2686
2065
1547
646
1223
3579
2285
1646
1666
3527
1220
229
3204
633
1386
3492
3180
2790
4897
1329
1326
3020
152
4142
2080
1813
2585
3202
4710
3461
2081
1828
4728
3493
2727
4886
1344
2246
3771
454
3548
1738
2584
1397
2691
717
475
4241
3649
3608
1768
3285
2949
436
1305
1245
4446
2587
1665
3976
2706
676
966
841
126
604
4764
4808
2968
408
894
4468
4738
4311
1895
1861
1986
2711
2841
2019
2498
4609
2023
1379
948
813
1458
2224
1410
4355
3146
1382
1680
3062
299
1436
4452
1728
770
4097
2356
4392
2676
2188
1304
1369
2921
2394
3650
3001
3622
1381
4187
1299
598
825
1023
3207
4445
1529
790
2276
452
1543
2046
2747
3685
3187
2454
3427
4293
3892
3298
211
4218
2843
3877
509
2854
3565
3894
4224
1345
3050
1473
4564
1534
3595
3185
2451
3010
2620
405
2351
3550
4281
1110
3147
2197
4209
1189
2837
4034
919
3727
3701
291
11
1656
4605
2343
2945
3804
85
1414
4628
1629
2284
1400
119
3039
4326
1989
1826
4683
1496
1590
3890
4766
3591
98
1685
4887
956
3459
4742
1809
25
2915
4136
220
3651
4873
1911
1149
3073
252
862
33
161
3104
3838
81
462
2977
1943
2606
1169
2609
3854
1858
4053
4197
1293
2852
2999
1295
3016
2353
3477
3350
573
3544
2582
4837
921
678
3939
4543
2389
851
3038
1180
4594
4523
4872
4463
3489
3975
1878
3760
4345
1438
4577
1959
3234
1824
2873
1595
3255
4052
4143
2164
2087
1613
2570
4546
2283
1154
1908
4527
745
1842
4636
4058
265
2846
1076
298
144
4007
572
3290
2067
1531
2990
1639
1279
3862
1022
2111
986
2083
3103
4033
932
950
4883
3405
1060
78
4272
893
4616
2301
373
1066
313
2951
3948
1944
4327
3732
3730
1674
1662
3925
4120
4818
359
2988
1915
3460
2192
348
4466
3111
2290
3909
445
1342
2640
3945
4539
1767
4458
463
1282
2593
1702
3155
4705
913
2358
693
1721
2910
1707
2009
1995
293
4102
4550
114
2954
999
269
1874
3359
1740
4624
1918
3123
1565
4599
846
4294
326
1658
3136
2461
1251
1109
118
2347
975
1399
2452
4499
4089
241
4645
852
2450
3232
4488
2206
4051
2693
2576
7
2216
3843
603
4790
3203
3741
2549
59
563
1363
627
4342
2639
1627
3644
3329
521
926
2136
1124
2166
1017
3129
4631
1405
2831
3177
1619
3552
433
195
4715
478
3659
4417
2222
482
723
3621
1125
3631
3710
2542
728
645
4640
3059
1681
2390
256
1805
70
272
2847
3503
27
3512
3382
518
3150
160
4
3689
3161
2306
2088
4056
4696
1238
2335
4869
1513
4131
3373
227
1907
2105
3950
1821
3779
1855
3098
1617
3486
423
3572
3462
1636
1393
3530
1560
3336
4587
2403
91
4780
2114
1285
4831
1688
1317
2041
1647
2466
245
2658
4494
1566
1580
3108
3219
1228
2490
3596
1037
1650
1749
1283
2573
1468
3116
3922
4531
3844
1599
1021
360
806
3841
338
567
1777
1068
4579
741
203
2038
1192
2728
1573
1276
3291
4168
3696
4263
4789
4865
914
1818
4619
134
4229
4304
4592
661
4773
4250
555
202
255
4495
637
525
4704
2713
1778
3301
3733
694
4315
1249
2133
1793
1562
3251
4862
1101
2677
4376
1332
4054
4671
109
3765
2771
3153
1796
3721
4853
856
4163
1430
4787
1703
15
1949
1648
1985
1914
3408
4112
2511
2607
3865
38
123
863
4122
180
3915
3067
4012
3112
4064
4138
2509
2135
74
3024
2886
4572
1942
3424
3788
2601
3023
28
4215
3084
2797
4440
1527
2685
4649
1170
484
1832
3855
3406
2916
1815
1798
4670
596
3042
1904
4868
3536
2995
4734
4801
3639
235
4285
3398
3389
2545
3801
713
4765
2257
4530
444
4037
553
3172
1302
4366
2079
4538
3766
420
2538
2060
949
1526
3823
1092
2972
2516
762
1780
3960
584
3549
3762
4325
3194
2102
672
183
1900
398
577
1086
153
3407
2502
4403
4290
1903
1966
3671
1139
3772
3097
4019
312
3698
3143
2228
1129
1679
3022
1278
1056
2714
4170
1801
4439
1455
4777
4846
2655
2064
660
3981
1160
1623
960
1715
549
3914
277
2315
1145
3528
1025
4621
2371
853
3505
2388
3850
1375
884
2757
4022
569
3126
519
3268
4050
3831
1588
2101
3614
321
4346
650
4822
76
2108
3209
3167
496
1614
281
2411
1030
2162
2348
4244
4175
504
24
101
4125
3661
4514
3345
1327
4343
1039
2242
614
1294
608
6
1830
4256
576
1225
4884
4849
3368
3525
2933
3179
4778
2387
3600
2622
1175
3997
1994
2960
3201
2467
1443
2313
4641
1723
831
1586
3578
4794
3375
832
2468
2602
651
4895
489
4405
1404
2529
4162
1428
2882
1637
4431
2203
3993
4477
3197
2471
4370
601
3935
702
2758
1591
634
3553
1126
1338
785
1100
874
3896
1909
492
2767
3873
4549
900
1253
3308
1016
4192
1472
2760
3531
4511
2875
3941
2100
3170
978
742
1064
2104
3919
3058
3121
1866
333
208
2014
4583
1165
3776
2314
1239
876
2536
3709
1589
1174
3125
1181
2304
4194
3529
4425
3604
670
2680
3842
716
512
4491
582
3907
2534
1653
1491
4614
1409
2264
1727
1956
4608
2748
364
2678
158
3252
3412
2393
3811
1197
3304
2374
1853
947
2743
3289
343
776
2299
1440
3806
4699
2763
2235
3837
4186
1783
4566
3752
1065
4399
185
3119
4148
372
4654
2165
4618
792
3437
201
1917
3692
2400
3286
1312
3556
581
3797
264
599
4003
3351
3275
2803
794
2426
3574
3819
1930
2524
2156
1464
1501
620
2175
2333
3956
461
2887
3064
331
1955
898
531
4316
3413
429
2940
1742
4667
3906
2310
1085
2202
2118
1787
896
128
982
2649
4866
4720
61
2783
2017
4005
2844
2957
1612
416
1133
1771
4126
1204
4067
2795
4677
4426
2769
4890
4382
2925
184
4386
2628
147
3159
944
421
1519
1971
3438
2993
4815
3858
371
2440
2811
623
3817
925
592
4433
2518
401
2097
3276
3704
1892
3178
842
4697
725
4277
3319
2912
2410
1714
4246
3647
4173
2034
1377
3812
3930
1957
4580
2814
1235
2109
2697
3820
1104
3754
3469
1371
2955
4585
3968
3637
257
4100
198
775
3105
1244
2517
2273
4106
2121
37
4295
2453
2138
1309
2075
2939
356
2546
971
931
3769
4211
2430
3955
3198
1572
3678
2914
1487
2519
3453
1838
3662
4401
2785
2540
1077
3656
4164
695
1497
1731
1773
938
1605
386
737
1736
1006
2252
3551
4410
3799
4544
103
1847
2927
2638
500
2665
1280
216
4750
3026
1247
2247
3004
4819
1187
652
99
4776
3082
1350
2531
2726
1203
2232
3256
3087
2424
2899
3259
3830
4119
1932
970
665
2024
3287
3011
667
4593
3282
4630
4216
1031
400
3299
835
583
4603
4337
4292
988
4650
2594
139
2259
2116
140
2924
764
4422
3555
1756
4230
2029
2429
4259
3946
1339
3034
94
3735
1266
491
1429
3851
2131
1137
4238
490
178
1682
622
763
2522
1735
2178
2171
1929
2144
3655
3520
4006
428
3068
4684
3270
669
151
163
809
3157
2125
3420
378
2003
3744
1355
506
799
2365
2146
4589
1019
127
4113
1054
869
2416
550
2834
3815
4633
4092
4057
991
440
0
1391
129
963
2799
2504
3182
2749
4617
169
2656
1660
3653
4567
3457
4080
2503
4105
3818
1107
181
327
2058
3905
1041
4010
4062
1366
337
223
4542
1616
843
19
355
4018
955
4493
4004
1705
1759
4525
1819
260
3506
1752
1545
3484
499
17
2850
384
261
2372
3784
1199
3214
690
224
3392
3043
3538
1027
1208
4094
1219
2586
4797
4588
4273
4813
2312
1970
472
712
3471
1442
1115
4081
244
3380
4324
466
1779
3513
2209
3027
1576
1643
2420
1392
2673
2217
387
3013
380
3994
2779
3969
3106
3145
4848
2835
3723
4128
182
3568
4810
3320
352
2294
2201
4213
4878
4367
1797
2952
3323
3152
3
23
165
1063
2853
199
206
4350
4406
2318
2476
1988
3682
4183
1152
2962
2530
290
2363
647
2103
4078
1
2877
1535
2967
3164
2903
1113
818
2941
2155
2535
4085
268
1001
2956
238
1476
907
3846
812
275
2666
3510
3071
3599
1260
3054
493
3333
82
1130
1232
3331
1103
4471
1844
857
4114
3542
2507
1761
44
3641
1013
3321
768
3193
1509
2027
1118
1449
3130
4171
516
207
2900
71
4557
1227
1946
1975
1788
2350
282
3314
2703
2961
1088
666
1210
336
1667
4651
4331
365
4806
957
3805
1993
2199
34
4622
4210
3338
1231
67
399
2050
4725
1454
1848
3288
156
797
3454
2339
2239
1729
1947
4703
2866
3856
214
2469
1696
2072
2719
2174
4896
2809
786
879
700
3056
1512
2066
3365
1000
2942
425
1606
2755
3885
1999
159
1084
3594
2611
3633
1814
102
2479
4185
2211
4655
2855
4528
3149
2480
1383
3443
4714
3871
3053
1360
2330
305
533
1770
176
1059
3625
2608
2765
789
3063
2141
1668
1053
3362
3311
1559
2938
4103
4871
2069
145
4852
3044
3967
329
2470
4169
977
3927
3753
761
2777
2780
1067
3394
3186
1011
2172
322
1785
2384
393
4226
2286
872
3726
1463
2520
736
2935
2474
1479
3391
611
1470
3260
2382
2057
4419
2094
2013
2810
4046
3261
2905
47
4361
3403
419
1552
2883
262
417
2904
4533
4534
1564
2236
2241
3674
1331
1537
4395
1188
2982
3742
2595
4597
726
4330
1659
2385
574
3138
1389
4017
4812
1122
2089
3334
2753
2859
4358
2976
2772
2928
4719
3491
3429
2684
1173
3154
1710
1459
4829
826
3079
4027
3324
1541
4498
2234
929
743
29
225
721
1508
3916
1991
1402
990
653
877
1884
1318
1514
1157
3750
2559
4847
882
3767
3583
2768
4569
1045
295
1825
791
2107
3465
1158
1764
1846
802
4510
3584
4152
2061
3192
3717
1127
683
2943
4489
390
2893
2325
4483
1167
2032
4432
2078
3372
186
3605
4354
1384
2842
2980
4269
3794
1081
4679
1362
3076
3470
1337
2688
706
2734
334
2818
2266
822
2052
4240
2417
1483
836
916
3049
2805
4842
121
105
1804
3078
2191
4288
3683
2226
3036
3089
1737
2340
116
3880
2741
3190
3092
2832
2244
4074
510
1885
69
3384
1601
2054
4349
4858
4336
1356
4885
1722
1320
4040
918
1550
4129
1254
995
36
1852
2408
1754
984
2258
3347
2308
4832
1937
1303
4791
1711
4144
215
3900
2708
197
3748
4268
4809
3560
4469
3083
1587
2592
3222
2478
3117
4508
2701
1744
2992
1151
3991
1447
4888
4838
4507
1641
4607
377
2888
1015
1416
4602
2098
2731
4584
3208
314
2405
3174
4149
1357
4373
3852
4759
833
2139
4323
4223
407
551
4673
317
1333
2730
1851
1034
3419
3360
4260
2436
2864
204
2884
3371
1307
2889
2911
3223
1772
754
4642
112
280
1202
2407
4473
1799
3317
1583
1621
4328
4762
1330
2953
3780
3051
3755
605
4341
2341
3171
4560
532
3664
535
1444
3934
1040
1963
3379
4693
3478
2305
2892
4086
3509
2860
1649
4031
2215
2725
2445
3245
3061
3758
2053
3921
120
2851
1488
1712
1215
3718
1071
2386
4041
1485
1121
3959
528
2193
860
2994
3716
254
3931
4117
2488
4267
4156
3340
746
1434
4190
3646
2537
1829
4582
1897
3987
3325
3176
1803
1536
234
1415
1762
107
2204
1592
2309
2710
4124
1598
748
1178
1548
1725
1577
3632
3418
3467
1791
3055
2443
689
323
3667
1396
2056
2030
3080
844
3569
3676
2930
1261
828
3327
621
4502
3355
607
1802
89
2813
4075
4578
2563
2761
848
1446
4093
816
3303
157
3863
759
2872
3415
2863
283
1218
1217
3065
3096
2205
4098
3257
3040
3217
4000
1923
4449
4462
1050
3428
1602
3025
3652
3100
730
1380
2973
3107
1439
3487
1435
4623
3668
2398
1347
3573
2035
974
2679
2856
3867
4378
2128
2263
1979
578
3603
1407
3388
2074
3414
3258
4663
3902
3836
3433
4786
1481
4026
2200
1376
4851
1734
4087
1346
1794
3695
2721
2494
1732
4221
2812
2037
1901
784
1811
788
4084
1928
2590
3972
3031
2337
3447
3663
705
3575
4306
1902
2237
1046
1012
1611
2331
4002
2323
22
2870
4784
4480
1622
3099
3936
4524
4807
3378
1047
3000
749
1433
4420
2449
2182
780
4718
4107
4769
998
4678
60
2880
1746
4021
773
1237
3326
318
2071
1520
4779
2181
3933
1745
3224
2048
3979
375
4482
568
138
1556
483
3189
2070
3148
340
511
3713
84
4154
4415
342
4442
3456
2816
3472
137
3221
3635
2338
2801
2653
1198
307
3849
30
640
4090
4752
3306
1098
1921
538
3175
4066
750
3241
501
3913
3430
3237
4301
2724
4638
4519
2359
1837
2439
1075
3253
1156
389
2321
4453
4357
811
1316
987
1421
1839
4644
1207
2432
2867
1692
3404
1726
1807
4509
4255
4877
2840
370
300
4372
4743
3870
3577
4427
3610
1495
4861
1032
4225
1450
662
2433
1532
2302
2376
95
2667
2823
1542
3860
3920
465
4802
430
1935
1058
4492
3586
66
4377
173
590
2936
2152
18
4429
136
4706
4091
351
2565
3942
4864
2039
1670
1221
3120
2923
912
2159
366
2381
3786
1159
4434
3018
2491
783
514
1593
3809
3102
3872
2998
2293
4275
1502
4181
2151
2495
1755
354
406
117
2119
3231
4437
675
3133
2287
3069
778
4179
3377
4309
435
3426
4200
3737
2981
3887
4365
1689
4127
303
4668
4088
205
1608
4694
3212
3363
192
2421
3571
954
4460
267
2906
3417
2613
602
2705
4505
4182
1423
3881
1698
751
2442
959
2989
4069
3826
2288
4448
4793
539
2700
2419
2145
4379
4198
2425
397
3075
3451
474
1644
1700
3294
575
2618
1574
4322
1028
3310
4016
4013
4362
2349
4101
2271
132
895
4242
1229
3348
793
2274
1492
1420
1460
1739
3448
3028
3081
2373
1250
4844
668
3009
361
1557
3048
3795
4731
431
2630
1010
16
2579
1950
870
73
339
972
1095
51
3929
4166
1751
4276
4280
1325
3341
1138
928
3156
830
1880
2229
2043
164
4369
4264
4781
2871
1690
2894
4109
4206
4024
1256
1594
3357
4653
827
714
3134
2944
2062
556
2583
2230
2462
2033
3562
958
4571
1523
3385
3002
3240
4796
3421
1948
3029
664
4191
1939
804
3017
1701
3343
3390
2605
2660
12
1290
3523
4421
1887
1182
2255
1301
2319
2561
631
585
1494
1431
4039
57
1833
3581
441
2802
829
2497
2406
2958
1507
2707
2824
1876
677
2654
155
2189
3423
31
3441
4430
1353
4782
1191
4555
1142
1074
304
1205
1456
3144
558
2787
3924
1474
1965
1538
2218
946
3983
2596
2140
597
3904
4843
1094
902
1373
3834
2600
1655
4411
3358
2031
1607
1114
935
3903
458
2689
2176
4220
2481
3436
4634
4487
439
3091
2739
4484
2158
733
1624
3954
251
1870
1733
1193
3070
130
104
1364
4204
4860
777
3249
383
4770
2722
1308
1255
3060
2047
4490
2969
2646
3787
243
1087
3807
1176
2616
219
3485
3366
4219
3889
4424
1597
2890
4359
210
520
3643
297
3725
3808
2441
4196
1912
1808
4139
4400
4730
3882
4548
2922
2418
871
3265
4513
2643
580
1358
2878
3273
1080
3215
1469
4261
2329
1292
3734
2233
1374
1467
4130
3988
2379
684
4176
1096
8
2704
1784
4613
1717
2692
890
681
1419
46
731
344
3211
196
2591
3216
1272
2918
4108
1269
456
4889
2907
3346
2195
1806
3137
4454
4118
4239
222
2759
3848
1695
4032
4023
4447
2364
3110
3267
3088
3729
4160
2553
4870
2742
2632
3932
3764
4236
3226
2122
781
4626
527
1856
276
1610
3778
55
4828
752
2447
4095
3618
1570
3370
4803
4570
3715
1029
4353
3918
2624
1530
2413
1466
3839
1977
310
588
3874
2623
1486
2544
3361
4158
4461
1291
4172
4880
4744
1790
1800
4271
755
1465
3184
964
2042
4687
1499
1585
2964
1340
4413
540
3720
1166
2375
1713
2000
3452
3316
4729
2896
4669
2986
2723
3095
4291
4188
4610
4443
2580
2368
4724
2800
1638
2332
242
939
2238
2112
3533
1687
691
4747
561
2327
443
4661
4383
1172
3254
347
3803
4496
278
1634
4201
3687
2460
381
1412
1881
2539
2161
2791
2625
3953
847
4237
2167
1894
3654
2836
58
3728
3845
3364
4563
4212
2123
142
2566
4891
122
4774
1432
656
480
62
3684
1865
341
815
1675
1704
1893
4553
4174
4038
1162
2295
4123
2784
3706
3033
2694
875
4476
3449
2554
170
837
4298
13
2275
586
2672
3736
1183
1781
1048
1671
3206
450
1899
4296
2458
3339
4823
226
4249
2124
3984
2093
3386
1625
3127
1661
2556
4141
3400
2177
4286
2149
3008
756
1209
4015
983
3822
3205
1051
3672
3602
1554
4856
4598
376
718
981
2895
4312
1615
209
3588
774
3739
2464
3543
1699
2858
2344
3284
1522
335
1274
3128
3473
861
2280
993
965
4199
1555
2671
97
4387
1387
3745
4481
3122
1150
1004
2533
4867
4690
817
2669
385
4516
1544
923
1148
3775
3619
3440
4826
3200
2983
2817
230
4716
1872
2619
1335
1185
1716
2645
367
1922
485
1020
1910
639
2902
350
4685
1108
2127
4299
4554
808
1206
1471
552
1850
1652
3514
2997
1992
942
3007
2378
4745
911
4749
2049
2096
3113
2404
1525
850
4772
1132
3624
2839
2829
438
2186
595
927
432
2435
3328
589
2291
2267
3101
1119
3086
2541
619
3274
2641
21
285
3057
330
2929
259
320
703
630
2265
2975
2011
4881
3293
1673
2555
4517
413
1123
866
1579
2198
3810
635
4707
4391
1883
628
2115
3500
3269
1480
3688
1394
166
1413
3535
4161
685
1750
760
3947
4472
3410
2040
3479
3998
3876
4167
3761
800
4792
448
40
2190
4735
579
2659
1553
2782
4799
4121
2397
3019
4111
508
1990
2702
108
284
4568
4319
3515
2055
4060
287
692
1868
4381
2044
2740
154
1925
2736
992
3151
729
4083
4347
4073
1769
2316
4698
1061
4700
4178
3623
427
1093
4317
1632
3612
994
4146
2500
1672
936
3012
2652
332
487
2526
2931
1528
2328
1968
1539
2946
2184
3990
4363
4590
3977
1889
4666
1657
1057
3072
1200
1561
699
4783
328
457
315
2010
1277
3999
3296
3173
379
3970
732
4526
3158
4320
2879
766
218
4289
3996
1945
801
4384
1195
3570
2270
3077
4251
2781
2505
3322
868
2838
404
3354
513
189
1730
4537
3074
3832
1026
823
735
3508
2370
4245
3524
2020
3135
4817
2090
1196
3521
1862
505
3800
4009
1926
1924
2695
2849
2737
188
4180
3891
4800
2392
803
1836
1533
1451
4451
2512
1478
2163
4132
1214
3442
821
68
3213
915
4045
3309
3702
4104
1234
1931
980
4409
3402
3085
787
2978
3272
2475
560
3597
2557
4768
4360
374
212
798
3951
3349
3163
3964
1708
996
4140
1281
3980
4855
2752
2227
4318
2303
1271
20
3218
1996
1194
2819
2248
937
1906
2045
1024
4892
1631
4338
1184
3307
3140
1760
43
1457
90
4438
3312
2214
4153
3446
346
271
3169
1323
2754
3495
710
357
1964
4763
3337
4637
2675
659
368
3958
4079
3297
3898
289
909
3094
253
1296
3989
3616
1817
1500
2732
4274
9
3279
1569
820
2581
2521
1511
2004
306
1664
3708
498
3342
4713
1112
4712
424
1390
2484
4746
3534
2647
593
3658
2578
2984
940
2827
2898
4701
4457
3247
162
1313
3522
1418
3381
4660
687
3435
1035
1997
2857
3866
1976
248
679
2082
4576
3230
3746
2395
2012
526
4665
4396
2473
3399
2434
4099
1953
3699
3305
4824
35
1709
2120
3642
2157
1241
3995
4658
4151
2130
2292
4676
2508
3626
4503
3598
3165
3693
4227
3387
3949
231
3142
3665
1981
682
2712
3411
2971
824
2845
2051
616
4486
2773
3353
4760
2793
1763
617
4308
2796
1766
309
1558
1860
4371
4702
4061
4470
2415
4203
2360
2687
739
2001
4475
4135
5
4159
997
3559
961
4522
4380
1275
2633
3468
1515
4436
2307
1267
2173
4612
1349
1582
4761
2588
1427
3802
1437
2380
2506
4675
4208
2913
3124
2806
2662
930
4478
3691
4222
2920
4545
1005
1863
2682
1840
88
1978
707
3861
1498
1642
2775
2826
4287
3875
1920
4028
4708
905
4279
3547
409
2885
1236
4529
2558
708
2865
3488
325
4874
1896
1079
53
194
2917
2901
772
4297
2251
2825
4423
3879
4048
2279
2412
4402
266
3681
3973
4258
3606
834
3743
1354
1043
1378
757
2670
