667
4366
475
2671
3765
4736
2280
984
1315
3658
3412
3215
3258
3377
4653
3114
274
2961
2717
4393
331
2180
2282
3506
231
2198
73
3133
4312
2759
3902
829
4167
2668
237
1151
2941
543
4332
3821
3372
1273
2447
815
4500
695
4569
3545
1723
2745
731
4883
1356
3857
228
1254
1948
3807
4029
2066
1998
4646
2375
1790
394
1370
4321
4333
3029
1358
2865
1357
4467
1090
4894
334
4395
277
4757
3280
2104
213
3679
3677
2763
1042
2843
2415
3958
3240
1824
3084
2719
4433
2420
329
114
544
2260
3647
494
168
4578
4601
2624
2903
3252
845
1380
854
579
2204
4668
658
3453
857
4626
2502
1860
4651
4218
3055
1885
2155
934
3725
3322
492
1574
3157
2923
1523
1893
4711
3793
1361
4306
2101
867
3066
2233
1022
3663
2657
3134
538
148
4764
2705
3164
2722
2312
1148
17
4474
1337
4480
4002
4860
3978
1796
4351
840
3954
1369
149
1799
4497
2111
2214
4661
4086
1680
3518
643
1636
1852
2662
877
408
2582
1692
358
3208
1807
4152
3756
2883
2156
1900
4555
2737
4689
1383
96
510
4300
3960
175
1400
1408
1272
4159
1763
1
113
4422
3941
879
1427
4752
3492
2253
3204
4596
4502
4838
1877
4583
1200
3583
3279
2729
1385
4666
856
4554
4512
1573
3873
3360
1629
1500
4145
1347
2143
2504
3355
4158
4896
4535
3588
4504
2296
1478
3159
958
1049
3648
3156
4453
197
2756
3886
2411
4096
1115
1483
3694
3641
1557
4
814
930
1132
253
3909
3337
3747
3856
1441
4636
2323
3619
1528
977
3702
1102
410
349
4845
3072
176
2330
1077
706
1583
2965
1041
3784
345
3484
3990
1674
775
2891
4718
1114
1745
4006
535
4889
1012
4662
2293
3311
1065
3193
4891
2934
2327
4380
3556
756
1303
3097
1595
3500
1879
601
1950
2920
2714
2479
39
68
449
1683
2353
4091
3192
1227
2083
4861
2449
3491
188
1676
1319
3405
1735
1766
2932
2732
4647
4671
1208
2249
1269
4567
3524
125
798
1586
980
56
567
4260
2726
2952
2960
1066
1874
1722
2138
4783
2325
3089
278
4315
2487
1294
2777
48
1477
234
3802
1045
1029
4062
2463
945
3871
4292
2849
1288
3130
4746
1327
869
3727
4645
2413
4072
4531
1436
3611
3467
1464
4266
737
3939
1363
831
1080
3103
2369
4401
4618
3913
4890
530
3444
1899
4406
4170
4082
4655
3199
1419
1940
2990
392
3398
2030
1010
2452
2988
1878
3862
4181
1840
987
1281
4573
4885
2618
3931
77
850
3149
3908
3687
3468
3248
2226
1446
2888
1360
341
365
447
1470
1768
4864
3738
1854
3866
2602
3774
3025
3970
4754
747
4373
3094
3140
3505
4221
1534
3917
3789
3850
2938
3796
3715
1913
2532
2652
1920
2324
2970
4547
915
202
4709
2871
1467
1701
3586
3460
83
3776
3713
3260
1323
3693
1797
3688
379
4365
549
2227
2599
1846
3063
64
2939
3000
3228
3668
4410
3905
3476
1733
2555
4774
4061
343
2707
761
4834
4106
1033
1865
2107
3567
900
1915
236
4758
3068
419
4824
610
942
2161
1628
428
469
2095
4217
1835
4732
1761
4316
1521
4131
2931
2897
565
3595
669
539
3914
3269
4710
1382
680
2870
3590
825
3681
2380
920
3863
564
4409
2529
1548
4561
210
1447
265
1506
710
3517
4374
359
437
4770
1836
326
2755
3979
4341
788
13
1856
2650
4295
2237
4798
507
2335
3469
3963
4534
2484
4161
1124
2395
3523
907
2968
187
296
3062
3399
3407
4639
1929
2189
1767
3779
1501
4514
3235
2314
4449
2716
1108
2304
4274
2636
811
1353
2651
3163
3875
287
1725
531
734
1850
1129
313
3665
2127
1314
455
771
4448
4303
2153
4566
533
324
4715
4320
1991
648
1450
2407
3122
3209
3336
3660
2677
1206
1872
4444
917
1936
786
2696
2222
3811
1886
4023
2986
684
720
348
1758
4407
1123
4509
2753
1894
3962
3375
1486
4336
2993
1442
4558
1082
1064
186
1455
2448
4405
1803
3297
173
2906
353
2103
1811
694
2792
1249
2702
2261
2408
2178
4025
3096
3432
563
3773
4595
2905
871
2893
2257
193
4378
3835
2825
3710
1651
4638
4367
3433
3832
1125
1381
4697
1838
2562
3869
2149
163
4778
1142
2215
3231
689
578
2393
2656
1178
3535
3034
1113
2363
2064
87
3393
1654
1365
3459
2160
2947
652
2075
3828
3579
2646
819
332
4370
3141
4113
2659
2270
946
3316
3135
2863
4268
1404
3986
2806
4068
4545
2851
3872
4163
3661
3831
1941
1211
145
4507
1062
2374
3281
476
1555
1645
1813
2264
3206
3338
2276
2701
335
3945
1576
1764
1938
226
1037
616
3341
2404
3238
3195
2152
730
199
1413
4078
1967
1161
588
4802
1873
1140
2568
3606
936
4066
1863
2263
4634
2190
992
4121
1896
19
2294
2922
2219
1947
282
1196
513
101
4350
1407
3522
3696
2193
4762
3370
169
1957
355
1005
3894
385
2748
4488
2046
2211
3672
2573
4249
1572
27
2241
1999
3438
2540
2418
4493
2468
4882
427
1309
1704
1149
1910
2315
4625
174
3270
573
582
3233
3302
4641
4231
1146
134
997
1429
2973
1909
3082
3264
4575
4598
2767
2150
949
363
886
4357
1829
2904
3822
1197
1589
922
545
3705
1615
4445
2006
3050
691
1109
2975
1214
4527
1756
3109
613
3555
4042
3132
1255
3043
2887
1581
1588
2774
3417
2779
4138
1412
4225
3012
1054
1657
1164
2112
1341
2476
442
952
446
3613
2074
32
3691
3028
1081
120
3885
3418
3874
4388
2736
2713
3516
1393
2766
2311
4462
2145
2804
3597
729
3474
4115
4745
1783
2036
3024
462
728
4151
1965
3816
4846
4717
1622
1349
1489
4498
4865
4522
3685
3380
2591
2225
2875
390
4301
2020
3127
4832
211
1130
4579
4342
2837
3200
4787
1720
1179
3442
3632
130
3420
4278
781
760
4670
441
3642
3421
2534
4529
1287
4739
3936
895
4044
3964
2416
4085
4220
2491
4428
2508
3424
1952
795
2008
3107
1205
3515
1433
2469
1708
860
51
258
2167
103
2670
3701
3582
776
799
2925
3038
4427
2059
2419
3861
1350
4568
2647
4835
2048
4537
3574
2590
2945
3170
3100
1024
3009
4129
1770
2688
4523
1367
1104
3357
2333
892
4071
372
4851
3073
4175
352
1306
1092
3046
1107
4515
3833
2823
832
3709
2115
1150
3244
3496
1355
3449
1243
3543
4251
764
1402
4291
450
191
2471
4674
143
3230
1605
638
2570
1459
4031
195
380
4124
495
3815
1841
3561
3746
1055
2132
3519
4282
3758
2067
834
3810
4284
3935
4657
230
499
2928
9
1050
739
1656
4564
4699
1535
4317
45
2318
2002
911
4459
1563
1286
2142
3633
1661
1997
3976
3263
79
968
4631
3319
1805
302
568
1067
4174
1472
2538
2181
4020
1189
4049
1411
3019
65
3202
5
1476
4183
15
4203
2724
25
4470
4235
963
1906
2889
1843
2346
4536
4627
2489
2899
1503
504
1348
4729
2623
3968
1978
4513
2230
3547
2068
4008
935
75
4323
2594
259
2460
2506
2846
295
2880
1608
3205
2858
803
865
633
1610
4139
3267
1462
4417
3845
3918
3048
2861
1531
3637
906
2813
1709
107
2289
556
571
2328
150
2485
1191
2195
90
1928
2661
4530
375
690
4112
181
2936
382
2357
2094
1504
4204
1800
1925
3314
2122
3113
520
1215
12
2949
347
3592
3451
1653
216
1235
821
1775
3473
1158
4102
4356
1832
1221
3615
3485
912
898
33
1980
1736
1627
3636
959
1552
1497
264
2836
1917
2914
2377
54
1755
862
4191
1985
986
1430
2000
2517
4399
1276
1750
1748
386
3187
2021
1976
342
4050
4586
3761
626
784
1085
725
557
1257
1291
4877
3499
4457
4765
404
263
4359
596
2453
767
738
3594
8
1971
4360
2665
1057
3226
138
3455
2682
2527
2617
701
1018
3994
403
3079
4604
4447
842
1663
3214
4156
2830
1061
3940
1184
37
2457
4093
2546
4324
1176
3385
2078
1199
3117
1792
2649
2522
3609
3335
628
2470
1679
3673
1634
4633
108
837
4637
4797
1673
1931
3328
2551
873
778
1510
4148
3729
3124
2811
1195
2179
4642
3716
1073
165
4714
2629
2472
2196
224
2630
1715
2637
220
2772
4518
4377
1933
2229
2868
477
1762
989
2838
1234
2584
3098
4069
204
2277
2255
1937
4262
635
3005
1076
909
94
2431
2967
2541
4092
2598
4229
2820
1882
1428
645
4790
3527
2242
3825
4081
3674
3783
4749
1252
2734
2049
4414
275
1166
3933
4389
3023
595
2613
4721
1705
3080
194
1035
3769
893
882
1394
3751
1284
1668
736
943
252
899
4232
953
3308
3106
3197
2574
1598
4194
4543
3480
4101
4571
2686
1911
1302
4605
2402
2366
608
1612
3222
3463
3656
1599
2660
1631
2098
3422
3173
3325
241
47
2355
4038
2996
4242
2587
2089
3174
1699
3237
1126
2429
1667
838
24
1804
1859
3386
3997
979
2394
970
4872
2819
3762
40
3304
2727
298
4847
464
2878
4358
4119
2396
1266
2474
4669
4383
81
3898
1787
2192
2969
2749
1421
4420
250
4854
3548
2514
4177
4325
3916
4419
546
1487
2475
1014
855
1607
2136
2244
1726
203
528
3785
614
1682
2084
158
919
703
1891
2946
1540
687
1964
3820
3168
2512
908
4216
637
590
1995
1198
1297
1567
4617
3185
3142
2576
1236
1698
3307
1043
1416
1606
4808
3837
2329
2628
189
2900
4789
1727
932
2787
2362
317
874
4338
4114
4193
3883
2513
1307
497
322
1160
4314
3559
1295
1449
95
3331
270
1377
1186
2004
4045
3151
2926
92
2236
180
2344
3217
2334
2964
4607
3703
3759
1853
2754
336
3014
1292
3261
2243
471
2076
66
2467
1013
3596
3777
3745
3697
2589
196
4382
3985
820
4886
1643
841
4425
4780
3919
247
2105
4800
1943
4267
1376
183
1213
3245
3064
256
2929
1659
308
3766
2690
2554
3374
2640
2224
1887
1741
388
485
1981
3030
3934
3321
699
3147
323
3146
3735
1060
2908
1739
1624
1597
2256
991
2458
3744
3397
853
782
1662
2201
2012
983
2039
4335
2963
1769
3196
2673
3041
2876
2368
3907
4100
3466
4208
1220
1951
3266
3227
1801
830
3879
2950
3324
2519
732
1242
190
996
4065
1318
2024
4557
1883
1046
1264
3923
4107
501
463
3553
1889
1649
964
4206
839
249
1036
140
151
2674
3344
3446
3239
110
3925
3108
3169
3944
1247
147
4792
2515
948
4263
1168
947
2793
106
3999
4652
4205
4192
4413
3015
105
3989
381
1298
3966
2812
3315
3670
4311
939
371
2390
4319
2979
593
2116
4166
1867
779
1953
373
3957
1617
3924
2892
2523
361
2137
1051
1772
306
1670
2917
2271
1275
4318
993
4517
926
3616
1040
3021
4127
1982
623
2667
2803
4339
981
4302
2387
517
4799
2501
3305
2537
548
4334
809
4725
3274
2507
1839
1823
3358
423
4165
2217
3601
2902
2856
604
1972
2194
115
20
4243
3977
4371
3078
2499
1443
2783
2247
4590
609
2553
2272
3342
1781
182
4144
4133
248
592
3458
2821
1666
3153
4014
3390
3439
1352
3301
4076
4169
1493
965
861
1740
2436
1039
4040
2175
2595
1448
3564
1979
2200
1019
3010
2213
3104
1118
3382
3003
3036
928
2557
852
1695
1884
4771
3081
3232
1099
339
2423
3475
833
4760
649
3549
1399
374
3241
18
1602
2291
1508
3798
1946
1499
3959
988
2365
2417
3189
881
675
3376
1258
3171
3731
4003
3176
3692
3757
104
2043
2864
2079
152
3343
2733
3868
1977
1423
2943
577
794
1071
1594
3246
3563
1696
4784
4588
2847
599
3330
3684
863
1145
2842
1749
743
4463
4083
1658
2711
1248
801
1798
3198
2850
4190
4287
4461
4553
2704
3091
3111
2268
1635
2216
4880
2773
1263
3186
2400
4807
2992
141
612
4698
2221
1713
4202
2560
1569
4429
288
661
2096
2822
954
1582
2588
2177
3743
4116
2790
2770
2144
3497
524
2872
4682
586
3154
2757
426
1457
3812
3928
2627
1070
61
4198
918
3327
704
4307
1903
4331
555
1226
2250
1902
3513
3671
3510
3221
4526
3285
4897
4841
2664
1711
2126
663
957
4363
11
2379
436
1665
4499
4412
3057
1283
4849
526
1942
3290
4592
2548
3634
1098
3719
2505
1093
525
629
3139
1225
1136
3778
2498
2317
3119
4022
2183
23
155
2339
3295
2751
3824
3411
262
299
2409
2292
4272
2641
337
4126
1738
2976
261
461
4195
2001
4404
4490
1147
3654
1558
4844
2699
1716
4241
3136
4735
3797
72
2669
7
672
1311
581
3373
1025
2092
2601
4677
2643
2743
2890
2910
558
714
481
603
1671
1339
2117
4210
783
4369
1414
2739
1392
2347
1924
4289
305
3855
1849
4392
1632
913
351
2398
3794
2239
3724
4748
2635
3223
2911
1992
1219
2785
1282
2886
3546
2120
752
2232
3827
1932
2406
950
2775
1417
3643
4421
3912
4859
364
650
242
2638
3650
961
2966
2206
4766
625
4525
4079
116
1167
3481
4866
1802
1465
3256
1232
445
2171
318
1330
1639
1625
3191
1529
3937
3904
2259
452
1525
4587
366
3809
1101
4186
642
4679
315
3229
3128
215
3283
1256
3090
4744
4868
1732
2907
3929
3630
810
3210
804
3225
755
505
956
3413
4843
1591
4479
1554
2556
4563
153
685
3498
4716
2459
3166
3211
806
1194
4693
745
4176
3675
553
4667
500
1351
2571
2680
4505
1553
3911
4117
4643
1551
2265
2349
4614
3074
4540
602
3538
632
50
4692
4343
1223
2038
1812
1734
4385
2769
4680
1320
1155
2251
3644
1806
3569
4095
4391
1277
1187
1693
4804
823
3224
2014
2972
1831
518
99
184
3666
3312
4676
3895
1532
1251
41
2919
2867
1170
1684
434
4036
1268
1502
1880
2666
3345
2058
1685
1305
2818
4097
2321
384
1620
281
3365
3051
646
3456
3788
2025
2392
74
1491
4347
2496
109
3150
1930
724
4103
4434
1848
1845
2018
3804
1084
4179
750
4519
3570
4197
4051
716
880
2426
1137
2633
3780
4589
1939
4037
1452
2586
4632
2462
362
4469
2488
3734
3251
4734
4857
1809
3910
1934
3040
4290
4326
243
133
1565
3182
2592
962
2511
3790
2935
3653
1717
3369
3501
3152
3678
1028
1959
2254
2168
4035
3482
1334
1338
217
4418
3436
994
1827
4805
1580
1970
2621
3371
2718
813
3686
3682
417
3573
177
2141
1395
1002
4362
69
291
3116
2464
3486
721
4690
1342
3502
717
2685
4134
3047
876
1869
3707
4594
971
36
1703
4688
1530
4252
4271
3032
2758
4867
4483
3317
758
1105
3349
4244
1290
3834
4125
2480
4863
3859
35
2332
4240
891
2746
818
1343
3138
1017
2600
3992
67
683
1570
3728
519
812
576
1000
1562
1945
1912
126
1426
2614
3234
2995
1091
1475
3160
3368
3584
3487
2918
2007
1691
2572
142
4212
3882
2319
84
1844
4812
3711
3565
2403
3121
10
327
3254
982
973
2313
1851
4673
521
3800
3143
2121
4087
1398
674
1987
897
320
1079
4823
772
733
3767
496
3723
2309
2585
3801
1774
3575
2566
2386
1011
2944
1866
1560
698
2709
1346
3351
1162
260
3878
4727
1038
4599
2444
4465
1420
846
480
2148
1994
1914
3415
1821
744
916
2130
1559
1119
4793
2165
4250
847
4681
3996
3571
591
3655
4635
1378
2445
3363
279
851
4450
4466
4153
4028
3554
1324
666
2382
2750
4683
1009
1209
4298
751
903
2275
2831
2802
4602
3423
3236
2978
1485
4703
2108
2744
4550
3162
1110
2050
1026
3203
233
3002
4773
827
1960
2794
4415
2725
2352
1030
4833
1278
2466
1131
2786
3558
2234
1618
697
3464
4460
255
1644
1328
2287
3849
1048
2877
824
31
1445
1652
3942
2005
4426
2610
679
1253
3539
1461
3742
1954
1814
1368
1927
4122
2322
3617
4782
3736
2279
2536
3593
2003
1088
3748
2691
1728
4756
2170
723
1983
3020
2683
2620
3900
369
3318
1372
2019
4189
3273
3001
681
3817
2625
3101
4155
2191
307
2933
1111
3530
990
2663
808
1244
4372
2109
3276
4141
2909
312
2796
4172
2360
2383
4001
1301
4660
367
429
4458
2955
4777
1600
2827
4056
4686
3576
4011
550
4779
3184
4616
2456
3903
414
3378
1826
4402
4544
1536
618
1300
2844
325
3434
3920
4708
3952
4024
456
800
4233
2781
754
2212
3201
4164
2331
1468
3791
2644
2384
3277
1822
1664
2266
159
268
2209
415
4280
3927
2634
559
170
124
1224
4245
4293
4581
4884
1773
2187
303
4168
2616
1304
2290
3265
4622
4304
3031
2859
904
512
1481
2752
2154
1507
3991
3893
2561
102
2612
2782
491
2301
1496
267
440
4080
1116
4585
4801
4346
4830
396
3346
205
221
244
4785
3381
3379
3805
2581
4712
1989
407
4273
3250
2252
4700
3447
2780
1678
356
21
508
3490
2881
3483
3823
3426
1650
3401
660
2516
4728
3629
872
741
4694
3891
4348
398
132
91
3971
225
3512
3350
4390
2348
1830
131
3770
1008
2728
2997
3764
1438
1837
2441
6
4672
161
3514
4013
3525
1564
4059
3720
4796
3603
2577
2385
4387
1515
2483
3011
3953
4742
1779
2815
418
4259
4270
284
2
1724
4327
2063
4313
3806
787
2316
2477
2486
3690
3847
598
1752
3137
1730
4740
2134
727
3395
4254
2981
896
2173
4665
1754
112
350
3521
1669
4053
3897
4400
4753
2437
3110
2959
2832
2174
3181
2494
1379
2035
4012
2542
4610
4054
1541
3607
3662
3303
34
273
4613
301
3949
3243
472
1089
328
3218
4684
4394
71
473
4147
1609
619
3088
3352
178
1690
3649
4624
4439
1729
280
941
3585
2760
1031
2730
753
3972
2606
2172
1760
2299
38
1777
597
319
4128
3943
594
2869
2166
4494
2510
2954
552
678
4123
2246
864
458
746
1791
4171
3033
1556
3408
383
1963
3212
1001
2957
2097
639
1566
2817
4004
3045
1434
910
2433
1737
3938
2027
1923
4821
3478
2824
4496
4656
715
1916
967
3044
4411
3772
3598
4344
2684
4471
4521
1817
631
1474
1390
1590
4664
4355
1157
2274
617
431
3921
2974
127
2061
3313
395
1333
2055
670
3551
1542
1308
1511
2778
1890
4108
4032
2622
1181
460
2921
3183
2912
735
2440
1786
2157
662
171
3689
1611
2451
769
1819
378
2857
2706
3306
657
665
2679
3752
4806
2017
3472
3008
3771
923
4396
162
2579
3880
2764
2681
1988
3982
668
4855
4814
3600
4143
3995
3852
816
1742
4516
2100
1238
1579
448
3667
2123
1782
3887
2994
179
870
4659
1056
2128
976
185
4869
1861
4538
2848
3854
2093
3383
3956
2238
4299
3829
4073
2834
611
321
4074
4039
4135
3268
2438
2159
3361
3477
4226
444
4629
1513
2896
2741
3059
285
4130
1193
4238
3145
4021
664
789
1063
3039
3664
3967
2228
1095
1686
338
2672
3947
2631
4713
2521
3479
3612
4016
4508
3795
749
4878
4046
673
1260
2461
3721
4722
118
1004
2235
4724
3511
3443
4329
1956
636
844
1675
4675
2351
2223
2619
2930
3085
2371
3580
1788
354
2552
4047
2937
3760
3980
1871
2639
1312
1322
490
2124
791
757
4215
4858
2800
3115
1545
3300
2295
2788
2342
2715
3631
3347
1218
1604
3392
2285
3
1171
2535
2162
238
1688
4060
3838
4565
777
3165
486
3657
2984
2302
3333
4105
3294
424
641
843
1173
1810
2653
1201
1313
1575
411
209
3356
2151
4705
2248
214
1794
3035
474
4577
1183
1568
4495
2081
137
711
1185
4813
4850
3129
3782
3253
421
2687
2041
2549
817
223
489
2071
1969
4230
3645
2388
2980
2738
999
2563
951
1619
1975
4026
768
2801
3070
3865
2948
3623
4182
3213
718
700
266
2434
2983
615
780
3194
78
1203
654
4726
300
1697
4277
4873
4609
1640
2747
2057
2169
3144
600
2531
1021
3544
2559
4354
1921
1646
3718
1533
4549
4286
2503
2099
1484
2298
1747
3581
4822
2985
4608
4654
3299
3624
4533
836
4895
425
3148
14
1240
2367
2425
4075
100
2218
4875
995
2373
4009
797
139
2987
271
1820
2913
4257
580
3118
2205
1549
3007
866
2495
4294
2032
634
2853
3067
3867
4041
467
200
4381
3016
894
2240
793
2493
1710
387
3993
4817
1488
1329
2208
2607
3740
2051
4511
3792
3529
2131
3403
905
3042
2697
1471
1516
944
572
1857
2882
1795
2029
1904
1862
2320
2031
1128
1387
536
3112
3172
1517
1746
4432
4612
22
4747
4328
516
1509
3695
4255
2139
532
561
3131
2070
164
1401
1585
3814
3858
2712
4520
2381
1405
4228
4441
3896
2199
514
1876
2509
4214
3367
3437
2361
4743
172
2648
2951
4219
1892
4017
229
3669
2626
3799
542
2816
1202
4826
80
4269
3722
1706
438
157
479
4795
4077
763
1466
3599
802
3071
3706
3282
405
960
4827
722
3249
2245
2596
4455
3610
4064
1743
3608
554
3717
2689
676
3587
1901
4593
2389
3700
2372
1973
2530
4275
2771
257
397
3013
498
3503
1647
30
276
1074
52
4892
2721
1435
4154
3445
3092
901
4825
3848
2011
1955
1881
3179
2428
1519
377
439
1784
2942
3948
3293
2828
3781
294
4048
3394
3102
2695
4019
2720
4485
122
2544
136
1237
1165
3528
4772
4539
4188
2424
3278
2286
3177
2422
2047
1250
859
3509
858
1544
3450
2337
1626
2490
4839
940
1816
82
2583
2010
4018
1359
1007
416
4200
1016
2799
4424
111
4840
3334
2841
240
3730
3578
3987
2340
3699
3054
1689
2284
399
3167
1833
1700
4005
2203
1083
4678
2525
198
2735
2455
748
3027
2188
3255
2958
759
4816
2350
1714
2297
4606
4888
4619
3540
4687
3006
4184
3037
1537
2015
585
488
1759
1410
1078
1086
3348
293
4763
4853
2164
443
1069
3309
206
1439
4149
3998
3635
3414
2405
682
1332
4630
3550
4506
3056
2731
4615
4237
4015
2953
1015
3652
3888
2678
3219
1262
4376
1498
2956
884
3061
4234
2694
3095
4492
2860
4089
3259
933
3646
2140
4628
712
135
3786
4063
2675
156
3364
1384
3876
978
3288
1326
1138
4435
4719
2113
292
246
1993
2597
3768
2632
2060
4819
4755
2723
713
3618
3452
3504
3409
3541
1100
2062
3320
3105
2676
2090
1336
1718
3955
2056
3058
2789
868
4288
2401
4702
4481
2023
3366
2524
487
569
2547
1245
49
622
2307
119
2336
1847
430
1335
2593
2855
4597
702
2300
1482
4510
1855
2308
2915
1571
2399
931
1087
3577
1317
4430
457
357
254
3188
3286
4600
4000
1944
1655
2345
2533
3864
4281
2034
167
2343
3614
1345
3017
2016
4196
4541
3340
4043
2567
3826
1744
3741
3207
4487
547
3839
878
3844
726
3387
1614
2692
1623
2852
3965
1261
3180
770
2791
4580
3400
3930
4437
1974
2982
3326
1524
4489
1818
1543
3507
1793
2231
2565
2998
2176
4010
1596
1403
1293
309
3651
1694
2658
4582
466
3292
1868
3470
389
2146
2862
2207
1633
1648
790
166
4546
4685
3086
4556
2358
1375
2742
3093
627
1480
2839
2642
4737
432
3860
1919
272
4296
1052
1188
1023
1898
1121
3065
527
2884
402
1391
1120
2833
2991
1687
4256
3534
2962
1134
1751
2069
3242
4640
1584
1096
4837
1415
1473
1239
4484
340
1721
4201
522
1864
1672
3638
4187
740
3462
1267
2901
3329
3973
826
0
3271
2545
86
2305
849
1908
128
4007
2106
4503
3076
3310
1424
4701
3552
1490
3384
3402
478
3049
503
765
4473
70
1895
4486
1677
3388
2776
1922
3419
2202
3190
154
3272
4720
1512
4146
656
2805
98
3739
3750
451
583
3454
4501
4157
400
3733
4258
1785
59
2354
1027
316
2807
3974
1354
651
2258
509
3969
523
1271
570
540
129
3901
4070
2129
1460
888
4110
3890
3362
620
3022
1603
4207
677
1135
468
2262
2391
4423
160
4887
26
4775
1577
3922
3087
3714
4058
2086
848
975
4111
2430
465
1233
671
2114
1229
3566
2028
3298
1505
289
2481
1325
227
2197
3284
4893
1310
587
3404
4584
2608
659
1047
1386
4209
1968
2873
2356
4379
4361
4416
1389
560
3950
3622
1897
3257
3494
3961
3754
3915
63
889
144
2267
2885
2698
3532
58
4098
208
938
251
391
3712
1299
3178
541
4738
1222
3899
2065
575
1280
1660
3161
3604
4283
207
1958
3808
927
2940
269
2044
1514
4384
1621
3323
2442
297
3026
310
2761
2835
644
2762
4094
3984
4285
2053
3732
1587
4704
925
1169
1495
1228
4611
2874
1340
4528
453
3605
2895
2410
1230
4881
4223
2609
4305
314
3495
4648
2854
4464
3628
902
4213
2604
4842
3884
1926
55
1127
2520
4551
3749
4691
2765
875
3457
3568
1458
3448
1210
3158
4446
1527
4142
1834
4769
4436
2269
4741
4532
3531
4870
3562
4723
4815
4033
2306
2185
4472
1006
1204
3843
2080
4246
4199
4443
551
1374
2564
2977
3753
4030
3737
985
1279
412
2376
4442
3819
3429
4776
1765
2784
3755
2655
3851
3493
3542
2033
459
1397
1072
506
1613
3830
2110
1106
4451
4542
3906
3680
534
2814
4476
1780
1984
4297
4767
3216
1020
401
286
1522
4364
3488
921
3125
4786
1103
3123
1362
2845
1539
914
4057
2605
2866
2797
3626
232
2412
1526
62
4576
1547
2710
2645
1270
2182
3069
2703
360
2338
1388
1842
2119
2052
2693
44
2810
796
1159
1454
1681
4879
630
3536
4862
4491
2808
2654
2454
4874
93
3602
283
1828
2700
89
3870
1366
3932
653
1406
409
4109
4173
3126
974
574
3435
3416
2102
2443
239
4452
2550
4136
1097
1032
2042
1949
1520
4829
2009
1180
3441
1344
4623
1289
