1002
3124
1327
896
987
777
3698
1888
4810
2179
2326
2455
412
3619
664
4037
4867
4641
45
4031
4649
173
2751
1469
1765
1212
2252
3309
4584
3890
1221
1458
3928
4258
1128
1337
1060
4740
3771
3544
2156
15
4731
2913
4496
4171
4657
1079
891
2327
2729
3243
1602
2161
2865
2180
3763
1243
4272
3439
1270
1056
1732
4706
4218
2416
4412
2055
2264
1125
1857
4611
3568
1638
751
1160
3228
1855
1853
3435
27
296
4741
2735
2168
1881
4873
2162
4575
440
4668
4390
866
53
3578
403
1868
1895
3987
4241
345
1901
3739
3988
3637
1794
174
2894
3990
4765
4699
3236
4800
4802
3903
2843
4161
4154
4860
319
1618
2178
421
992
3727
4304
51
71
3541
3621
2757
3458
1526
60
2160
195
2838
4724
2372
567
4594
308
4299
295
4010
904
2480
258
2058
3731
1421
3888
4694
4767
3009
4666
686
3426
3600
4013
4162
3946
108
476
4142
3692
58
3860
1809
3434
1034
4245
4409
704
3253
1465
3412
977
2382
2004
287
3952
3188
2489
4158
995
3410
2436
2684
2704
3981
435
3265
2853
4604
2071
4801
3741
865
2163
1617
3179
1766
88
4183
2836
4062
4583
3820
1758
1217
4794
2322
4018
1847
4809
2557
1558
2422
1279
3502
4564
1370
2602
2546
4220
1965
3512
4680
1143
2069
1348
309
4683
4854
3386
1494
164
2090
2074
1001
2692
361
2376
140
1711
3685
3905
3039
4297
4224
573
1463
3632
4395
4256
4760
4284
2123
3055
4364
1936
1774
2452
394
780
85
1725
4065
737
2617
1009
2552
2030
2886
434
3076
2094
2538
2934
1762
2147
3751
104
3897
3802
4371
2342
148
3941
4544
1028
4831
18
2157
673
4827
2830
1414
1986
3084
2866
3971
578
742
4327
2691
4210
4551
4428
1675
3041
2553
3783
4705
2028
1655
3967
3106
1591
3676
4237
1652
3280
3252
3553
3354
1482
2640
74
106
4029
2175
893
3873
3933
3201
3593
1364
3046
3157
3223
4559
1780
998
1174
4422
3615
344
3090
1615
1488
3620
824
1598
3048
2265
209
2079
677
1563
4021
739
418
4075
2926
3285
800
916
2385
4282
3959
2428
4442
1962
1471
1051
4655
486
1467
2124
2700
3766
1564
621
2013
3103
554
1791
4869
4026
286
1058
1672
3327
1267
1951
4377
2019
4356
178
3310
1873
2847
4838
725
2923
3156
1424
1314
1294
2905
4804
4876
1720
2193
1144
158
4232
571
3887
2390
4459
4609
1124
2642
1867
1313
2994
1546
3561
283
3411
2337
1814
4069
3337
3026
1800
143
2989
685
2120
3584
437
119
1957
2070
4629
2323
1435
618
1699
129
3343
2716
1233
1607
3431
2848
591
2695
2305
2574
4755
4693
1300
2423
4261
2278
289
317
2365
4243
2309
953
2054
1368
4438
1537
2516
2534
4308
3376
3449
248
3428
700
2855
1912
87
4622
364
2142
1105
790
2393
2
379
392
2887
3521
1859
3380
3092
2910
3558
2297
1545
2257
2666
1147
2949
4125
3172
4185
4675
2170
715
515
3271
4178
2623
668
4482
2539
4708
3402
194
2677
4659
680
1788
2779
4893
226
3248
775
3945
4314
169
2033
845
1539
2332
4051
1120
4502
699
1885
3279
3351
1620
2519
225
598
3614
1713
4667
874
2903
1042
2358
2345
1972
4046
3797
2904
1081
2800
3238
1682
321
1022
3622
1415
634
2521
3723
631
237
1392
1334
3921
4132
846
2922
656
3359
430
2471
2957
68
139
150
871
3491
2494
242
884
976
4843
2823
3735
2462
4225
372
199
1502
1136
4289
3932
2850
3104
2795
823
1712
294
761
1470
2260
499
605
4684
2431
351
1388
305
2780
25
580
447
4469
3052
3908
2566
3756
1172
822
4280
3995
989
3330
819
3929
1236
1761
4369
3413
786
4464
1381
4727
1772
4713
3326
4291
9
2571
2164
2652
1562
3367
323
2861
4733
4712
3633
3792
3984
4262
1518
3332
4003
4849
2826
3298
1455
98
1132
2103
4596
3807
1600
2277
1446
553
4483
941
3116
919
731
3473
2885
807
4402
3597
942
3557
3397
3216
1196
2228
3229
2980
4117
2387
849
1006
679
630
3245
163
951
1442
910
4194
709
450
3516
2942
2916
2709
4626
2745
457
1657
3127
4704
1073
1396
927
4465
1854
1452
2274
4793
4292
4858
3950
4312
422
529
156
47
2223
3313
2964
357
1107
3854
4250
2536
1992
4507
3850
1631
2227
1190
4359
2563
402
494
2279
1371
1122
2971
1275
1286
246
1091
2614
3382
2805
4112
4718
4274
2454
4522
271
2506
1789
763
1812
3166
3989
3029
3459
109
2053
1100
152
1390
204
2754
789
1840
640
1266
3936
3688
4257
2270
1104
1973
3480
2955
3460
4216
2740
3361
2668
2744
665
3336
3362
75
1876
915
4836
2369
4687
950
2649
2465
506
4556
2470
3385
3798
327
1405
442
691
861
4246
1622
2596
975
4652
2034
1145
1255
503
4513
1296
2036
180
4878
1316
4681
4032
2472
358
1065
1460
3951
2482
4173
4866
3423
841
1760
2915
2669
4057
1704
1403
2590
4786
3996
1456
2983
4815
2686
2381
3689
770
3515
2295
4762
1822
1567
4128
585
4252
4452
1486
3595
2300
1171
4728
3101
1010
1555
475
1304
1953
4449
2687
3713
4396
2778
3365
1997
3183
2009
502
485
1474
1677
105
3716
907
3508
3142
4819
4851
2396
2777
2375
220
1575
479
1597
4872
1186
4580
2435
2287
2737
2833
3745
4839
3733
1021
4007
3893
4267
1852
4126
4206
2645
4384
1487
3732
1594
939
281
4479
4605
172
1956
4538
232
2446
3044
2241
484
4383
253
3050
3719
2947
4582
33
1914
3708
1204
3475
24
1894
2362
1947
663
371
62
3934
1019
2593
4879
4266
1185
4433
3737
1406
4506
3591
4404
2003
4590
277
3353
2319
2819
456
2869
1254
1436
4214
2528
3772
4454
2335
4792
4598
1473
2502
716
4533
3096
3131
141
125
4392
3707
192
2588
1889
587
629
1476
4615
1593
1322
2512
1126
4105
1943
1547
2929
1743
2810
2333
1505
64
970
4569
4579
3543
3113
4494
4379
4610
3900
4628
4330
3791
3911
3829
1612
2775
66
3487
2024
1230
3054
2035
4109
4012
4461
511
4061
4557
1925
3371
1483
2875
3020
815
4251
2769
52
4529
624
2176
3650
3389
2062
3918
4639
4549
4342
3565
1318
4164
3114
1920
1839
2006
489
1336
962
2578
2464
2477
3194
2386
3097
210
639
1338
3697
4006
2798
4039
3368
4688
4500
1152
353
2261
4120
3701
4098
1500
1510
666
4460
3957
2504
1606
4634
764
659
4370
4149
2587
4159
3169
369
257
4606
2816
584
20
3224
3444
3835
908
3811
4222
2568
2680
2807
2763
2912
3204
2484
2444
3396
2907
3673
3815
3093
557
2673
803
42
3646
2146
3017
2542
551
2764
926
2985
3649
3779
4283
2606
3173
676
4654
2068
4301
2044
4591
2233
1138
3563
4165
221
583
610
1536
1101
4217
730
3481
3349
4298
3552
1335
2415
4147
3398
2240
4456
3062
3300
2064
4601
4492
2302
3469
1426
2918
2017
3305
3812
4063
1799
2268
3629
273
3635
2215
1933
3416
3118
2664
1996
4607
4190
2510
4140
134
1924
1863
1480
3849
4134
2258
3926
3293
1448
3718
1966
4231
4009
269
3598
4355
4723
1290
3072
4362
1738
160
448
1324
1990
3220
2844
3691
3976
1499
493
2126
1084
1402
3998
2434
1748
151
3667
3803
34
1693
2959
3247
661
3889
3839
4745
1192
2774
1269
2835
3509
779
1257
3176
490
1308
4890
3551
3919
2466
1071
2697
1993
1164
1793
2939
3693
2235
214
2961
732
1548
1262
1478
3925
81
847
2825
601
4323
622
4578
251
346
2643
3348
1818
4052
2533
3778
2461
4769
3760
722
1917
3985
3135
692
4421
2212
2841
3846
4287
2944
411
2607
1927
3379
77
3855
2605
2187
282
504
3314
2867
3858
4295
4850
525
4844
3503
3107
4066
3098
3437
487
3149
4310
1608
3627
1673
512
3168
1086
3287
934
2022
1183
3762
3191
863
322
4407
3339
2383
2067
1376
2406
2930
889
1838
991
1640
3702
4775
2658
234
2987
1434
352
870
4499
1242
2116
4799
1702
3500
3244
3841
734
1891
2016
2128
1400
3769
2650
4635
516
207
4135
182
2890
272
4830
795
1531
4884
609
3753
3983
2804
3917
4150
1710
4505
4857
1023
3847
1985
1350
3859
2486
4768
469
3669
292
3530
370
2275
1372
3130
2793
1328
3246
83
747
1166
2529
4779
3518
1280
4726
1485
4722
254
543
2159
3373
705
3712
1952
4457
3378
1153
838
4424
3319
4665
1506
4732
3477
2310
1532
2255
4313
3828
2628
1921
2144
1551
1139
3294
2251
3862
3320
1801
1433
1083
3170
3582
3969
138
575
3132
233
1014
3507
155
1911
2513
2812
2361
4572
483
1689
4586
579
84
3678
3885
759
755
2301
4030
1887
1118
945
4034
3352
4170
1666
1156
1030
2172
792
3012
4877
2186
2508
2066
2373
2198
3872
4184
2762
4647
3641
1740
2530
459
4411
4514
1520
2718
2101
4845
1613
3931
4058
4103
3360
2674
398
1170
4279
4660
2935
3974
3206
1507
4603
1945
1380
2496
1387
4300
1374
974
1783
3346
4602
451
938
2879
1440
949
6
417
4176
4871
1999
1910
655
117
4477
339
4512
2997
4093
597
270
1651
1222
4372
4325
2052
3387
3043
2438
894
2479
1362
1980
3601
675
4848
4754
4543
1733
3824
1205
1649
3424
2541
391
4189
758
2948
2493
438
1670
4650
1148
102
2442
4208
1184
3400
2851
633
337
250
4200
3441
330
1797
4229
4489
930
355
1080
1641
3603
1347
436
255
236
4388
2927
1757
2080
4581
4353
2063
4823
3704
1815
3197
4096
3208
781
2514
3181
1744
3571
3102
3662
4805
867
1639
2515
2919
1576
1795
2121
2153
2618
4653
3301
1596
1585
528
1099
4247
2828
368
1786
4896
404
2698
1691
1140
507
3121
4055
4691
2229
2682
3706
1332
2048
1723
3570
2256
1816
2900
2451
1870
4504
617
3231
2708
1429
1979
2158
4780
2796
2457
3049
2638
2122
4882
1578
3594
2238
2899
1970
1714
837
4016
1311
1900
3474
4588
2359
856
2824
1519
473
315
2972
2629
1513
1404
3372
1252
3865
393
2814
206
1802
4203
446
1224
3818
1319
2092
3004
2715
3014
1605
2526
2182
3914
4425
565
1375
467
905
2637
736
3037
1048
2237
3027
3356
4004
4378
1445
3202
2624
124
844
1219
1944
3171
2627
3250
3035
3881
3654
2440
4207
131
1724
3538
55
1792
4749
3880
2821
3203
4592
1053
1361
197
1572
2134
3125
1790
4071
406
2608
880
1763
147
1256
329
980
4555
878
3031
4393
2046
1587
1858
2575
2194
2259
107
1931
3488
3464
2938
3607
1844
303
2404
3108
1584
2511
3700
2818
1245
4487
1623
724
2112
219
4156
1877
606
513
2786
1359
881
2313
4714
135
1072
4554
4182
1062
2439
797
1771
2244
2753
1883
1398
3853
3587
4054
3877
1754
1439
3269
2613
130
2871
1628
1542
3944
3814
1645
3403
3486
935
1496
110
2296
3902
681
3913
318
825
2667
3291
3074
2859
1240
231
3935
1413
4400
177
4001
4758
572
4527
2460
4209
917
4320
2394
3445
2743
4797
2794
3067
3574
3022
1344
983
247
3268
4486
1941
2770
4511
2598
2360
1041
2205
2125
1182
3144
37
533
342
2728
2449
2600
1175
1464
1011
1462
561
749
2118
203
1684
1958
3073
623
2595
4806
3721
4430
2232
3776
2817
2834
4167
2722
2306
1178
3774
2209
4570
1043
470
3924
1922
882
4115
820
4560
2299
2891
4188
922
3325
3817
1330
990
4510
229
1103
3604
3554
4519
788
2037
2425
2339
850
4025
3115
480
671
2320
4322
3831
3852
4236
2284
4742
2148
2771
1211
1698
3213
1621
266
3260
3743
2897
3242
2191
4169
1923
4540
1165
1729
2189
356
4417
3063
1331
2002
2888
923
17
2958
4772
3546
1428
1719
1533
925
4193
3151
592
4820
1810
3923
3167
2102
1102
2724
1367
2518
3117
1610
745
2005
4248
2410
302
4114
4434
1232
1287
122
853
2487
4179
4373
7
2941
3682
537
1180
589
3187
1759
1461
933
3059
2503
3467
2269
3296
3013
2925
1647
4088
2550
4290
316
4490
3100
145
1098
3315
449
4789
4466
2760
1220
2543
2351
1756
2811
1582
3856
4227
202
3838
3750
1432
2558
4875
2548
4764
582
708
2761
3498
2196
1916
3454
332
3675
1832
1669
857
4064
2050
3668
1627
478
35
746
2155
2734
2132
3091
3304
3277
4686
3540
4177
2211
955
103
3522
3217
2976
4633
3736
4832
4453
13
1737
1449
4035
1353
558
1329
2622
3805
3137
670
3355
474
2117
1930
383
3588
3089
2974
2880
612
4136
3870
984
2564
1244
721
2937
712
1197
522
4118
2562
3915
3992
1530
2707
1133
3200
2597
3613
3471
2032
1752
3920
2353
3008
2086
2639
495
4028
4880
3018
1123
3088
3705
267
3793
2371
2527
1696
325
2340
3638
519
1879
4307
426
1872
4107
4573
727
4472
674
2082
224
3218
3145
2057
65
544
2914
1694
312
3178
2720
2790
39
3126
783
514
4385
1573
445
4174
1096
509
1586
2954
4002
1550
3085
3415
3899
1683
3066
1261
4255
1341
611
3642
2027
4212
3606
217
1969
4363
1386
2389
3311
2430
4376
2242
3972
2756
4160
2145
2969
3510
2699
3978
858
89
4413
1251
560
3874
649
4078
1305
4791
2676
1527
1662
4429
4440
4315
1310
1111
3672
8
4636
2318
4595
3239
1070
1849
809
3519
336
2307
4306
733
4045
3283
1169
1955
897
3143
3511
1146
3907
4717
3681
4205
2315
808
4599
3024
1200
54
3034
497
4778
3504
833
791
4737
834
2889
1974
4761
3843
4537
4124
3381
1438
4344
4202
3550
63
4446
2130
532
1538
1281
3861
3455
1595
3329
1674
1040
463
4419
4276
3954
3533
1521
3684
3222
3592
3532
3446
4816
3711
3576
1727
1892
4702
1063
2129
1742
706
2892
3683
1552
2474
3851
3418
3328
2619
179
2951
2953
492
4682
3023
2226
3433
1026
1278
2411
2379
4759
2328
887
3042
1282
1898
4163
4661
3529
4260
767
3493
3407
4671
1391
3457
2208
782
647
3350
3710
1484
3317
2056
2473
1057
798
3025
3150
1110
4380
4720
256
1692
696
966
132
213
2445
200
1288
59
1301
2883
4085
2872
1315
2207
429
4420
1141
555
626
1668
762
2991
1247
616
3193
4073
1498
1273
794
3575
3494
433
2727
635
948
2982
4123
1934
3630
1817
2183
2136
947
4228
2501
2635
2559
3993
4833
653
3904
768
4316
2276
1039
4784
3321
1154
4361
2247
3490
405
660
260
1157
625
3472
2895
4382
1905
97
176
875
4122
419
2432
2906
3837
1193
113
2616
2099
3182
4087
594
2073
2960
1735
4079
693
187
1829
4375
562
1580
913
2047
3661
3496
662
4776
1831
2998
3161
4360
1836
1991
4303
3581
3184
3436
454
2547
2970
530
3790
1964
3970
1475
1907
4441
1764
1850
2565
1492
1312
2782
3658
3744
1481
2693
2137
4679
1508
1127
3295
101
568
3644
2549
2599
840
3284
3318
3369
818
2010
2705
2808
859
1291
3249
170
1837
2133
3809
4672
2352
2577
869
1716
3299
4853
1075
3485
3555
4525
423
4651
1342
3665
3452
1658
1529
1173
3821
843
1385
2657
3740
300
3292
458
1811
517
4552
4644
4367
4751
2963
2670
1690
462
4451
2367
1199
4317
1708
2355
535
1874
4808
570
2419
2391
510
3466
2248
872
239
93
2214
1271
4662
2876
3155
2397
3175
2185
1781
1968
341
4074
2384
4463
4319
3409
2648
702
3078
1751
3111
4539
3478
2231
4620
4020
914
1893
3605
92
3927
3484
80
632
1861
4676
2815
3666
3610
3079
4612
3331
2078
2271
2093
1213
3590
3272
390
4541
3255
828
1490
2029
4711
3421
4080
1939
1906
1978
854
3947
682
2797
946
2620
599
1093
313
1880
1721
564
4305
1176
3233
3120
2537
972
4534
1571
3210
268
137
4826
4157
3001
4695
4648
3232
4481
4523
3977
2509
324
3738
772
4040
1259
2413
4685
937
2113
2294
3324
2343
1635
2902
2933
1457
637
1700
2977
892
3863
2325
757
965
1988
2525
126
3109
2507
4863
2846
415
304
1703
4348
2272
3053
2731
2630
3930
4239
3786
441
3392
2329
265
4785
4354
2634
4462
2877
3128
1842
2400
3535
4743
836
2072
1807
1017
4151
860
1052
4334
2908
3136
3344
4640
2725
297
428
314
2742
1241
4567
4837
2166
4855
4242
3465
252
4406
2589
2845
3195
2858
1784
259
3800
986
3153
3322
4110
4516
1352
2999
924
954
3038
2007
802
500
4391
3152
4008
228
380
4467
3943
3801
416
3257
2141
4139
1960
2749
2979
1423
2119
2655
753
2688
2370
1377
4148
4753
895
900
740
3962
4432
466
981
4049
3105
2201
1534
4015
536
615
2286
1218
3643
804
717
3384
142
1495
1516
3960
689
3086
363
4803
3548
760
291
1833
672
4700
2363
2570
2091
4197
4730
1129
190
159
4721
4155
2806
1142
3005
1875
3129
3032
2081
2732
49
813
1284
3991
1466
3427
744
4862
3077
877
4763
4199
3912
57
4716
4520
1976
2500
3906
4014
1408
2662
4707
223
1309
2524
374
4448
3393
929
1407
3045
2216
4600
4221
978
3080
4244
4476
261
4455
2075
3556
1092
2281
902
1541
4329
4351
826
774
4817
464
3000
1890
79
2586
3159
596
4277
2758
2654
3016
3517
723
1077
100
1416
2324
381
3728
3414
1263
952
4658
4645
636
1477
785
2579
460
3254
4084
542
812
2554
898
2014
2380
2331
3746
2222
386
186
453
2776
4254
498
4389
3461
2018
1701
3395
1181
3572
4783
3653
4000
4095
527
2111
427
2544
552
1108
1528
669
3425
4447
311
4397
1177
784
1718
230
1206
2059
4637
2167
299
2399
4416
2453
3479
2100
2429
4750
4226
3709
1025
538
4796
2711
2560
1549
3442
1215
3095
1581
796
3765
2077
4856
1418
4213
3514
3162
3274
2417
4608
3968
3160
3942
4219
4235
1616
4488
3720
2765
1819
3878
4106
262
366
1717
2719
1776
2042
4309
2689
2001
128
1798
4347
46
3717
531
3303
4343
1472
1268
4870
1397
3866
2497
816
4445
91
2249
657
4133
4191
2653
3241
2984
2418
1393
2752
2262
3742
743
90
1033
4777
852
1274
4738
4734
2378
3094
4824
3219
2357
1068
2108
4099
4885
3845
3813
3898
3307
3979
347
4883
4813
2105
1820
3215
3573
2088
2663
389
1929
331
2852
335
196
2468
123
4558
3867
3364
2791
1688
620
1265
2799
4043
340
1946
2311
2388
3656
2495
4646
1824
2015
10
4056
2254
3624
1827
2966
2218
4518
4278
2012
274
4757
667
766
4019
3953
1514
279
1235
1497
2878
399
1753
1869
3082
1194
2000
1189
1046
1767
604
2990
1216
2647
4204
2802
3973
4478
38
4281
888
198
4038
3674
4230
1366
1340
3192
787
1770
432
1223
2950
3468
1624
1264
244
1728
1323
1967
4435
3886
2884
3819
1078
4689
3110
2523
1292
4508
2267
2239
2392
1088
2827
2285
1896
4535
181
410
1903
4288
2881
2492
1069
2656
3323
1918
4874
2350
1566
2592
3611
1782
2051
958
4141
4698
4311
3051
968
2098
4597
3679
2414
2610
1739
3033
1601
3275
4349
4005
3061
4553
1948
944
2213
2840
4399
111
3448
967
4568
2675
1444
2837
4192
1808
2703
776
1285
3975
3211
1846
4621
524
4196
658
3616
4895
4352
4663
86
1709
3948
2476
4017
1468
1195
4186
3686
298
30
40
3836
2768
4145
1745
2291
3566
1161
4542
1665
3040
1778
1565
1540
4834
414
979
1167
3602
2065
4127
491
973
1796
1412
2856
590
574
1394
4526
227
3123
1382
3755
642
3785
2839
1919
1524
4825
3234
3112
4627
1975
4852
1736
1130
982
754
1203
1198
3534
1201
1365
1695
2932
3759
4102
720
4528
4259
1035
307
1678
3463
3994
409
1659
2499
1031
3163
284
886
4076
3064
2659
1383
3827
4725
1633
3154
1360
183
3028
1634
2165
4414
3895
3520
3141
384
1625
4296
2601
3006
2135
1326
4509
2750
425
4172
1094
2789
2085
3071
576
3659
2661
4415
1188
4697
1660
1843
2498
1983
4324
3775
1249
593
4888
4368
4807
4521
3784
2788
3451
2803
2936
1214
4201
4616
3267
3761
1234
3081
940
3894
4664
3497
4822
1343
1804
4083
3840
3483
2236
472
23
1237
4238
4082
1425
3580
994
4328
4894
4321
4264
2968
401
1089
2863
2973
2039
3938
613
1454
3680
3583
1501
444
4788
2483
2347
3608
3567
2801
534
556
1047
603
2469
3916
1
3922
4143
165
963
1351
602
1570
4427
1604
4563
1825
1317
3453
2151
3547
3825
1544
4108
350
3221
855
832
1044
4333
3010
2491
1686
3341
1592
3777
360
280
2377
120
2992
3677
801
3808
2061
1643
3524
2221
3019
3065
3205
3366
814
2651
1932
2448
4643
36
4670
1588
496
1882
61
2304
3810
2813
3262
549
3788
1358
1626
29
566
3826
31
2898
1998
3165
243
1909
1064
16
2965
1805
683
2739
3312
3663
2475
2583
3058
3391
3660
4719
1258
2625
3963
1614
1726
359
168
2421
3536
4638
3470
1451
2611
1431
2721
2031
2714
408
3882
2045
971
4293
4094
695
3230
2748
375
750
3871
2920
3980
1954
3694
1856
2292
3237
3636
3177
1583
2747
3297
1835
3986
906
2632
1005
3631
3542
3747
920
189
2868
3316
3276
862
3857
4842
3290
829
4571
4562
3634
2975
718
245
201
455
4175
1248
116
1479
218
2154
3956
205
1076
4470
707
4547
3513
3883
2181
4782
3083
2609
1437
1443
2348
2631
1228
2263
4790
3628
2505
3342
2283
4137
2755
1012
4234
3119
799
2615
2551
3015
1277
1346
1865
2364
771
1349
1730
2095
1755
3235
901
4710
4498
4285
4744
993
2083
550
2115
1681
44
4617
2636
810
3388
4468
793
4070
1008
2893
1553
3495
1226
581
3724
4577
3652
1379
518
1685
1561
1741
32
4774
2773
1826
559
3955
1949
1630
1003
1680
2356
2874
1523
264
184
911
1231
703
918
1632
2713
1574
1417
3440
2463
4674
3625
4048
4104
4865
4473
4341
2641
3937
1238
1834
2733
4561
4423
2312
2701
1061
1354
4067
2535
4100
3227
1293
1937
1024
14
1982
547
1427
3523
1971
883
2759
161
99
112
3796
2089
3
3961
690
4766
3770
146
1775
1114
1609
1363
1559
4033
4814
4022
1806
643
648
3256
2772
4116
2026
4593
396
4536
2594
3263
1522
2581
848
3965
4439
2909
2096
1113
127
275
1636
2741
2197
2407
4625
3757
11
3146
3264
890
2224
4374
4166
1106
4270
678
4491
4265
439
1828
2321
1208
3875
3258
241
2041
2603
1202
2952
769
1830
2199
2573
4119
3949
2672
1289
2458
2336
912
839
2084
4517
94
4735
3655
4847
3844
3842
2738
3816
48
2114
2702
3286
1864
1648
320
1087
1851
1731
2943
694
931
2849
2245
2171
652
373
3749
1298
3799
3526
4144
600
2188
3722
4138
4269
1131
3122
2316
1409
548
397
3345
4756
4892
2545
3306
1082
4550
2040
482
1378
1389
2572
4398
2783
1913
608
3562
2683
12
4501
2767
873
3651
1705
3599
1097
4346
627
4358
4835
1646
4495
4044
95
4614
4703
3270
3892
650
1603
1599
2246
149
4180
2195
4868
999
2409
4493
2862
1016
1430
651
586
4631
3288
2679
1926
1179
1637
3164
1321
3087
2280
378
3499
569
276
67
4531
26
2710
4770
545
1373
1239
4624
2204
1821
1994
4701
2956
1117
28
387
1355
2290
4565
3806
2131
1928
985
546
3822
1119
212
3695
4524
4576
4111
864
2049
1611
2219
1325
4690
424
3539
465
167
3007
420
729
2873
1512
2025
4366
4669
1845
3408
76
1989
521
2896
1773
3147
1013
235
4574
1878
4403
1823
2917
961
1619
3021
3069
1687
1871
285
4059
2021
4889
1055
2931
1447
3528
2412
377
4091
3289
2043
2860
3056
2149
1841
3780
2569
2829
932
2644
4632
4268
481
2330
1866
385
2097
4436
2646
4747
1090
3687
3884
1963
3830
1656
4485
1253
4131
2334
4410
3609
3787
1137
2366
4678
3476
3338
1556
3158
4859
1886
2109
452
1676
1535
2678
162
1168
728
1395
2405
1399
96
4340
526
1450
2792
1109
136
2060
4011
1908
1187
4619
3358
1785
505
2038
1306
2540
293
3910
4302
806
2288
1981
713
2864
1915
2127
1935
400
3569
3537
157
3726
4587
3891
4773
4387
4068
1734
4497
3377
1410
4275
921
78
3782
4240
3506
2784
3715
3781
2532
3767
3896
3596
711
3940
4887
133
3190
2694
899
2202
1029
3752
1339
115
4692
2023
4036
3958
1357
208
2766
2633
1032
468
3334
539
835
2576
1940
4335
1577
688
4337
2467
263
1938
3748
2967
1961
4746
2478
4273
936
306
3240
1225
82
348
2206
4181
4249
3714
2173
4618
3670
1749
3612
3375
3189
4715
1007
710
2996
738
2401
523
3214
4840
1722
4381
2785
3139
778
2531
3011
4471
4394
1272
3335
2993
4092
3545
4401
2901
43
2169
2020
1569
1067
1579
4752
698
2671
4129
4781
0
2986
1159
1489
3430
1560
4881
3585
3869
22
4339
2314
885
2517
4053
3174
3138
2857
1419
1356
3422
1491
1977
1746
3671
2924
2945
3492
3794
928
1227
1706
996
144
290
3281
2736
2354
2730
2217
3438
4450
413
4326
4336
2447
1650
3527
2253
3443
4386
4097
1984
328
3579
4484
3060
4357
3823
388
2192
2488
842
4736
2234
2403
2293
2820
4530
2230
3564
2781
3789
4886
2106
443
3725
2408
959
3209
3347
395
2787
4024
2177
3768
1036
2940
830
3549
4042
2520
3259
238
956
3036
3489
1653
3832
2289
3834
4532
4673
1149
1787
501
4444
382
