7617
5221
91
5829
5289
10527
10692
9989
1340
7554
6813
174
6188
8014
3750
962
1579
1263
8913
2240
5711
1716
5086
3140
2367
5968
300
9145
7208
364
9310
8190
1226
5103
8535
1433
3621
8813
1508
9383
1147
4486
3506
972
6435
2086
2207
5618
1091
2579
3602
9563
4263
1625
9737
8850
8448
2288
2770
2673
9994
904
3904
10559
6845
7502
3263
8092
9508
7960
4026
5554
3005
6183
3842
3018
7982
6018
10298
9461
3929
6654
3226
3257
6785
1631
7901
5366
2242
10033
159
1100
4354
4948
10441
1003
1507
5710
4063
9839
9259
5578
9245
9889
7776
1204
6447
2486
2094
10139
9507
3735
4229
2211
9746
7782
2382
3740
10492
4494
10079
8217
9531
979
794
709
8468
305
4597
1450
8024
9023
5975
8615
3124
8098
726
887
9657
523
4675
2366
6234
7842
6980
10409
7913
9277
657
9962
8764
1878
2674
5220
8566
5446
8595
5904
7024
10701
1578
7056
2202
3390
138
9415
10030
6295
1391
3343
7934
10092
8427
1558
7687
4513
10108
8459
10429
2148
8104
6777
7555
7584
3290
479
5030
1069
4250
1820
9757
3916
4953
3287
5902
228
2955
2247
8918
5644
956
2992
5896
2862
5512
4701
9827
8213
9549
3707
5603
5663
7148
5633
8609
4545
9153
336
3803
2495
2827
10501
4749
77
5009
1543
3412
2561
5974
3415
5842
3877
7587
5061
9509
484
981
613
9510
7501
447
2536
6182
8576
6438
7308
2461
2749
10277
9187
5405
6189
3862
2704
9723
1254
5973
5106
1316
6568
10213
10031
9406
8324
1952
2221
6786
7746
9102
3254
995
2775
9652
6259
3240
4407
9733
5692
9146
2960
5775
8480
4939
3843
9298
1744
1457
5213
8126
5435
4339
3901
9010
317
884
6548
1670
10039
5187
8158
1947
8428
1493
6459
4199
6684
4180
9321
2357
4971
4554
2460
3047
7820
4350
670
7381
6525
4793
10342
8477
7131
10591
3540
7791
3938
8848
9927
5926
2304
814
2380
10164
9724
599
4067
9873
751
6736
7538
7318
2510
9730
8722
6432
1576
5494
4767
8882
1673
1258
152
10161
8289
6213
4371
4091
8843
101
451
2069
4112
4674
7462
9113
197
4281
514
4065
343
9455
921
9991
3611
4856
8662
9051
801
5877
1848
6952
8290
5298
10552
9537
6894
4207
5278
2918
10677
6197
6640
1046
9799
5903
8870
1400
9261
7828
10306
3010
6874
4310
10232
2783
10299
3608
5866
5268
4483
8641
8036
3866
9874
10131
2662
9386
5898
8693
9545
7173
1619
2359
6678
1998
4305
8975
506
10219
3275
10534
8671
8826
1136
9256
7993
4771
7300
6711
2016
248
2091
4015
6717
1869
738
10381
1431
1703
4160
2280
3281
7388
53
1303
5277
365
324
2791
9534
2648
7279
1005
7885
4421
5507
7062
9918
5360
8746
10495
746
8219
7238
6198
7851
4927
2848
8956
1549
4667
1087
379
10207
1243
7925
6395
4883
586
4132
6822
269
5294
5797
10006
6096
5597
7317
8210
5897
9371
5046
6798
4544
6286
10313
2900
83
6521
3973
3366
7988
8857
10719
4289
222
745
4033
3336
6641
2001
9179
844
4000
2787
4278
4460
4685
2604
5707
6410
1691
8258
6100
5508
5862
7474
5036
4384
432
10641
1010
2416
8006
5853
6329
6552
5505
5675
6680
8444
580
6260
7809
1624
918
6592
8018
7631
10225
2592
5647
2793
6462
928
10051
7889
6599
39
7592
2898
3787
1446
8842
5493
6019
4301
8285
7049
1536
8222
5120
10036
11
641
8817
2272
3003
2285
5694
6545
4960
857
55
8011
3633
204
9099
2225
10512
7486
3519
125
7143
3304
9886
2291
2591
5236
876
3406
5637
6725
4060
5168
3892
7983
2588
8726
7086
4639
356
4304
3112
6553
2941
8563
10603
2984
4887
5067
6214
9626
889
4515
6273
5414
5683
2553
9016
8185
9821
2905
1885
7817
1188
5777
9397
5834
1386
4743
2944
1724
6899
9629
2143
6916
9588
4225
9197
4070
1193
7026
695
3907
1500
8949
1357
287
6476
1656
7835
9354
1669
2267
7855
3103
471
8987
1341
5556
3632
2741
3581
2798
10503
973
8421
5261
6363
5521
2514
9785
2100
1521
2134
369
5126
1441
1198
7333
5104
1430
7276
1909
10203
4959
5109
901
5174
10500
7107
1968
4647
7668
9128
2889
8844
2903
2478
7101
9112
3911
2047
2217
8472
3527
9395
2874
3694
10658
2109
7978
9593
7233
5504
3923
781
6394
6449
6141
767
4696
8536
2630
5340
7456
8372
515
2866
4848
6132
5211
2888
3135
3631
10411
6380
9779
3202
5766
3079
6835
2275
6914
4745
8044
1756
10659
6565
10044
4048
9692
3539
5700
9493
3836
3388
6279
9491
3137
8413
855
4192
7248
7033
7182
249
9982
1229
6114
9152
8066
7980
6554
3860
10262
1559
4614
9615
1470
7771
7741
6954
4194
8952
2335
8471
1480
5838
1582
4069
6274
7635
3104
4224
2184
8656
8501
8996
8529
8810
5783
882
7719
2038
2860
8243
9948
2434
785
5263
978
9234
3542
9553
1315
2760
1354
8116
2293
2092
3993
6430
2118
8314
7479
231
8119
8701
6964
7185
7852
2141
7116
633
10156
6016
8155
2373
261
496
5013
10423
5950
4073
5761
3589
6514
2172
4626
6944
7606
4036
10375
5953
4818
5341
9414
9388
465
8681
6053
1932
5625
4269
86
807
8439
9985
8597
5958
8720
5359
7364
8809
2998
5551
7615
4001
4156
5519
3781
9966
4056
9446
10704
9127
8309
4625
8911
10014
9822
1523
9748
2147
6345
4997
7758
111
2881
4266
3723
1104
4970
5069
8982
10497
477
5137
7798
8990
4374
7179
8414
9100
1238
151
10617
1965
5949
8784
9122
10693
7134
90
2801
71
1177
8713
7368
8716
10674
10057
8881
9117
6931
237
7790
10019
1
6362
8435
8900
5845
8048
6129
6407
6673
8673
30
3661
4659
2649
6789
6867
5303
8113
1060
6783
6812
6861
4849
7050
10514
1158
381
9852
1476
556
10432
9600
2622
3414
4066
895
4794
5951
8356
148
3592
6937
7744
8558
10667
9936
9536
2307
4418
1139
8822
8047
9396
4082
1824
7702
5599
7322
5574
6753
8695
10221
6474
6741
7984
7725
6668
8898
5228
3434
873
5734
7273
6475
4478
6510
171
8130
3194
1911
4186
2745
3065
7266
5117
4029
9690
1105
7816
3418
5516
1511
747
1208
6973
5655
7034
4072
2515
10197
5688
4438
32
7138
10130
10606
8804
1599
5260
4757
6168
4378
9228
9798
5986
6241
193
8819
9005
3216
4485
8053
10136
5139
10614
6864
10360
463
3159
1879
2386
7197
7674
3399
7680
10173
10353
4352
7251
5044
9816
1988
234
2428
4872
2651
1858
7781
9859
6077
5112
7709
5396
2790
6624
7120
2035
2851
3475
9750
7764
4419
5487
1542
9319
7628
5856
640
6131
1277
5645
7097
5613
679
8268
3520
8862
9585
9804
10255
5190
6979
6669
6589
6396
2818
7066
9879
10453
10319
6951
5570
7219
1514
6774
10418
2520
5816
4267
5105
1522
8013
5470
8556
5299
5218
7310
5649
9432
8684
4689
8431
5689
8674
4945
3105
2940
7646
7684
2968
5386
9125
5483
10711
9253
912
1591
6731
6339
4315
4844
8573
729
2385
10114
5458
8247
87
1860
164
7437
1079
715
6425
2283
8091
278
3833
10214
411
9067
1530
743
8892
1642
8417
1103
7804
2294
8157
1343
4210
10233
1587
6431
8794
10278
1365
7701
3187
5064
7478
5324
8601
10187
2725
7845
8140
10229
10163
8174
5486
3528
1051
3498
370
1213
8717
3965
2438
4422
9097
7928
9219
5024
4449
8703
9975
6501
3009
3252
4092
4420
6472
2884
977
8334
6290
3086
3111
8151
5954
5978
246
4922
1035
8068
3819
3131
7506
481
9033
3170
81
2807
9871
2685
1872
8608
5547
3339
8598
8123
480
982
1728
5677
4801
1614
409
9642
9365
10502
195
7218
6550
4152
9267
2589
9442
7488
2040
1745
290
8031
6908
256
5246
6223
462
10364
7667
2988
7579
5850
7170
80
4628
8537
1176
10352
7228
4491
1311
10276
4521
1943
4672
1284
752
5362
822
10406
2130
9236
5408
682
8758
9769
9876
7348
5679
7206
8742
4108
4553
1910
7132
5240
9347
6333
399
8248
10484
6161
8293
1726
1989
1567
1778
4054
7492
9285
9890
5858
5078
6840
1981
5851
6143
9304
4145
8773
6026
9739
5146
2083
393
5070
3144
8685
7795
6607
6884
5742
9848
8090
5000
1733
9040
23
8796
1754
3959
6250
2245
3116
4663
7589
4560
6821
8919
2023
8676
1025
1333
6082
9665
6137
6697
7860
4295
8296
7215
2777
435
8596
10260
5753
342
5034
9603
8391
8165
3794
10251
1000
8833
7475
2333
4873
6490
9279
10564
1120
2546
9393
7313
704
3053
8009
2835
1509
3617
8093
8474
7153
413
8359
1016
7064
2051
9675
5668
5315
9063
5300
4817
1732
9887
8549
6092
8030
9817
8042
7227
7084
2159
6560
7677
9291
5915
4218
10620
7686
4766
4610
9242
5252
1261
3039
10398
604
2327
508
7261
5113
6069
8225
2072
4497
10643
3727
2200
7526
3834
7252
6485
1698
10435
1855
7765
5568
7482
3745
5738
7379
7896
6058
6116
8648
6190
5657
8005
1482
1807
5350
10378
4882
2828
5624
4809
2517
1049
4993
3383
9745
1097
4344
849
1849
8937
4645
8731
446
7659
9308
9296
7873
2266
903
9556
9341
8227
3523
8345
6647
268
3246
7572
7459
3351
8475
5869
8154
456
6169
5542
6928
491
5291
755
482
5255
1987
6846
10407
7424
1276
5546
1810
2737
312
3746
2273
9751
805
4239
5744
7863
26
65
2986
8294
5482
8430
5374
3940
10670
9604
8562
1123
7022
3977
3152
6671
405
6004
3264
10330
9360
2870
1048
2527
8921
6591
8147
1678
6285
1423
1934
1065
9210
4064
6970
7517
3521
8061
3840
8120
665
5630
2206
4389
4842
757
3889
4183
9427
2614
10196
7461
10482
7096
8034
8707
7773
2684
3268
10343
5002
8872
1458
1623
3926
5524
5575
1196
9217
6617
7991
6473
7353
9034
3326
1143
1936
9944
6611
6109
3662
518
422
9680
7435
4712
5265
10602
4429
1750
915
7469
1442
5567
8124
5868
4221
4713
8184
6477
2163
4897
10153
9025
3307
6901
7819
4850
2549
9325
437
420
9972
458
2193
8781
1218
6787
9968
9788
703
791
10610
8188
3113
2396
8642
7083
5614
4154
3235
3764
4791
8725
701
459
4740
4858
68
9660
4796
5945
5444
926
8993
7332
3863
7201
9062
8003
653
7658
3282
2642
7945
1233
1184
9956
521
8917
2739
4394
7508
2237
4502
9786
4643
2899
749
2432
2646
5325
5161
6953
396
10208
10650
2537
2002
8160
605
9770
9226
8481
1356
642
4962
5472
727
5754
210
1121
5409
7627
1719
3244
3210
9765
7166
2054
6
1912
4345
10291
3340
7523
8823
7732
6167
8854
9300
7815
7006
3837
2702
3329
8004
9475
2105
3026
3806
2314
10001
2833
760
2695
8743
4042
3994
6035
4030
7529
9984
10239
1651
2871
8939
1526
4664
2383
5582
109
914
4780
2222
1052
1748
790
7246
5302
9351
2958
6391
2248
2302
3378
3255
7141
2726
759
7623
796
9911
4985
1173
2755
4348
2339
5471
5100
6727
3269
10516
5474
3139
3220
7865
4003
2253
2014
7596
9029
6493
4010
8702
718
4161
5129
7965
2603
1084
963
10152
4019
6602
9651
8863
3477
67
9679
10712
9142
8638
10028
732
6682
2056
3578
10254
5605
10359
1823
3279
2129
2472
3480
2425
5847
6015
3514
78
5102
10099
5604
1288
4101
7756
239
346
7371
10369
7827
1512
8012
8748
527
1156
10483
4253
840
3799
8352
6890
8599
7085
1826
691
3800
4567
7552
9422
7904
950
9165
1925
7962
7718
5539
7902
9977
5217
8454
9512
5286
5210
8406
2122
8195
6935
2290
4802
10172
853
6538
2053
9084
1021
2872
9587
2892
6500
3798
3294
1361
5976
3347
2397
10358
7196
2836
10011
4293
5703
7230
9667
2564
7021
4020
5846
1495
5123
1646
5941
9270
9955
3132
4413
8050
9208
5485
2006
1877
7274
4509
8546
7126
1635
4917
3344
6946
777
5039
140
6291
3812
7294
3537
1297
5785
6769
8343
3419
7487
6487
8273
4123
1275
7620
2994
6677
6204
50
10032
10629
10634
4600
5080
3273
4288
7087
10494
6484
8855
1738
2321
7861
2565
10666
4198
6724
8261
5430
8654
10310
8886
4737
10231
1377
6826
7703
5308
2724
8019
9306
7942
7578
1338
2613
3259
8366
3425
3823
5018
5314
120
8323
7302
10656
10333
1752
594
7595
5536
7880
3531
9070
9297
2157
7999
7653
3102
6429
6146
4251
3331
5165
6941
5882
5465
5037
5388
6653
5195
3212
27
2893
9202
282
3566
7604
9116
9355
6094
4770
10269
8754
7512
10120
5216
5518
4505
8552
5144
5142
3686
5687
7229
7216
2936
4572
2459
9811
2408
4410
1125
6397
3921
9180
7103
5463
6445
10245
4446
7357
7605
10446
13
7180
4356
5118
6649
1762
570
4136
9631
1760
4507
4690
6119
9264
6819
4516
6997
10189
2580
6608
8187
8107
7386
880
9993
7825
457
199
7389
4762
6962
8027
425
7505
4466
3917
7588
6802
2226
1302
4561
6781
3459
10027
3458
3517
10043
3751
9436
9523
6480
6516
9807
8442
3645
1581
6347
10317
4896
9503
4783
4833
2446
1812
7943
10507
7241
5880
7247
8942
8567
1115
7598
555
7045
3052
9581
6123
7909
3663
5959
2727
4158
8801
8792
9292
631
4335
9754
6949
3455
2507
453
5619
4458
2473
247
5309
1825
3737
10690
6050
3619
6709
2236
8074
6965
6302
5411
5722
10487
4076
5167
2647
5349
5765
472
3325
7800
2554
4678
9385
845
7803
8051
7012
3119
2077
7693
940
10720
6502
4923
3218
1074
5743
7737
1026
10166
5944
4284
7299
1926
2262
1454
7535
7186
1331
6163
10336
3900
6748
7093
3196
734
1713
4203
9921
6503
7794
538
1527
764
7139
5830
7594
6235
243
4804
8797
9998
1274
4258
5548
3706
9184
10104
4163
8711
4341
1917
5879
3308
4376
4453
304
920
2708
3453
2758
266
7040
4763
9623
5082
4337
8110
1168
6913
8069
6800
966
8782
4495
6651
9410
6903
6005
6062
8235
110
7549
730
8521
3949
5716
3389
6218
1819
1364
2219
1050
175
1471
1478
9837
8627
4084
9411
3956
5330
3143
2260
1487
105
4792
7222
2729
8348
10115
2508
2033
1517
5495
4219
6782
8320
2165
3820
5615
4892
10661
8488
7503
301
4709
9020
6763
5581
3670
9185
2174
5947
2529
3559
2210
10681
7717
9088
5513
5525
8239
2722
8340
532
1921
5560
2340
9137
997
8025
10544
3827
2420
2519
674
5196
6625
587
5281
1106
183
7408
1210
7112
5776
6674
8554
7320
251
5045
6087
3672
843
3547
3664
1667
10480
9182
10645
5323
2680
9828
5257
1799
913
6412
2022
3031
4452
3654
563
4980
3227
10577
879
6346
3363
7705
8616
2735
6165
7171
1899
10490
1524
8139
6710
7600
750
4831
7003
1650
5247
4436
5322
9130
4875
2839
3234
5319
2317
7892
2388
8806
8183
8489
6593
9247
3533
1538
10241
5697
9030
4788
6666
3232
602
1907
7044
6385
4559
8037
2587
1871
7244
3713
3802
3490
3189
378
1814
6981
3878
2338
7641
3454
3779
3166
3697
7995
9882
2156
4661
8429
2297
960
7104
2191
9700
5565
6755
669
6695
1398
3553
9893
3350
332
3912
742
5085
922
3796
5653
1460
9055
852
10048
1110
10456
6685
2243
1392
856
4037
2447
3702
2534
3908
10700
22
9450
7199
4640
8306
4999
9736
1232
8059
9072
3988
4648
8206
5526
6536
10371
82
9419
7685
7088
6992
10074
2975
3710
8001
6557
7444
3502
7510
1477
1068
9409
5271
1962
3585
654
3337
9713
8851
861
6994
10616
8231
5517
4708
6266
7894
4987
35
10263
5421
6539
6586
7953
9709
8203
560
7935
7509
6441
5116
1330
3915
9611
5203
7352
6633
7575
7810
4590
4124
1996
5981
4286
2938
3685
1244
4755
1767
5854
6263
7495
3726
2127
265
1903
208
97
33
10707
1267
5701
2638
3173
6054
8127
8360
8943
9380
2586
8970
8586
9173
5394
6838
10160
7950
1253
7167
1611
7440
2518
8420
3691
3922
2042
6456
1259
8063
2887
2817
10496
4296
3610
5774
6900
3168
10110
8812
36
9781
2017
1887
6533
1092
5579
1640
3660
10062
10119
6519
3229
9096
2951
6995
9903
8202
6193
3114
1326
8510
4381
10517
2088
8392
3025
768
9616
4905
7799
1323
728
8803
1904
4134
9377
1563
1461
6971
8466
3426
236
3327
2969
1444
4728
1714
337
3386
5023
2063
3629
7256
9661
9912
1972
847
9858
9438
3186
9708
466
2780
5852
3594
5
7647
10419
4340
3302
386
6130
4240
5376
8798
5151
1056
1250
8058
4627
6923
6742
9239
8959
7533
9258
815
6229
8315
7441
4853
10392
9250
9959
2675
8159
5256
10059
5191
7445
7922
5629
4621
2050
1111
6353
4022
9494
5607
3538
9368
6368
5984
7460
2759
4472
8032
1396
9346
3358
748
6688
144
6879
8153
1808
8704
7957
7601
374
6149
1319
1287
3567
4169
10264
10365
3162
4657
9960
3698
428
579
1206
3200
2454
5706
3280
5077
2208
8280
511
4914
7622
6881
2792
6925
6779
7955
987
7431
5475
3193
5035
5418
9973
5810
4786
1817
2125
5015
1236
7442
6331
2501
4230
9530
5047
326
291
9186
339
833
3127
9599
6041
9052
6106
10595
9691
984
2570
5363
308
3765
7054
7665
1290
3089
325
6252
8930
8028
8125
9203
8368
8631
5226
5053
9426
184
6374
6575
4330
802
8580
2707
5492
3678
4533
6017
5297
4843
627
1116
4573
3831
5704
4375
1588
8752
9917
8244
10609
6631
6296
5352
4769
650
9870
1787
8223
2815
313
5225
4173
3717
8517
7920
5509
1639
5793
3635
4080
4058
2167
10301
10605
5658
3849
1264
7527
6170
6367
2037
3535
7745
1600
318
2895
1653
2676
4402
5923
3930
9392
7075
1094
9999
1237
8762
9740
5134
9176
2861
1248
10083
8108
8696
1671
4890
3174
8071
5780
2492
8995
6312
8319
4216
9800
7027
5502
9193
37
10498
8361
10367
4331
4870
7458
7780
8948
4147
8780
5888
320
5197
6932
1739
9044
8073
7395
6032
5462
4351
2131
9640
102
5347
8866
8447
6111
1971
7016
3071
5549
2757
8446
5837
6205
1813
2655
10472
1592
4462
408
10055
3541
6237
10373
1686
1773
4071
10095
2880
702
8518
3410
4622
8906
10253
1782
3770
1058
991
1874
2610
810
3122
3468
8999
9394
7327
3848
3323
42
994
8538
8279
5488
8652
1346
7777
6338
168
1513
7940
5130
7002
6869
10526
5917
9506
8349
3049
542
2393
1602
4548
14
5055
8467
5233
5787
6784
8191
9390
2112
534
1822
5555
2216
3051
3099
6623
3467
2635
2730
5343
7123
4392
3828
4275
4539
9282
2721
10357
5005
6716
3856
2410
3894
135
7796
2560
4751
3503
1959
7465
3972
4451
4312
221
2075
10052
6122
6361
6224
5671
5822
5419
4265
7577
4963
2551
9902
3674
7869
8078
3560
8076
8270
7121
8482
10101
5875
10118
3376
2681
5259
3167
395
141
4876
6614
5186
1806
242
7498
5040
4943
330
4357
3118
9339
1891
9458
4604
2071
656
2264
1676
2506
1117
9906
8220
976
4166
8619
9293
10388
1706
1935
3013
2223
6807
5357
8088
10273
178
3615
4901
4177
2701
9348
8101
1093
2748
3596
5473
2061
5993
6948
2694
10520
699
2796
6152
6411
5798
1146
5241
2341
3825
3939
7761
1215
108
6751
1851
2812
9213
5530
215
5205
3033
3150
5818
6945
2445
3551
1944
10424
1370
5728
5608
8821
5931
7895
776
9970
6344
2628
4623
3128
8214
7392
8947
1967
5442
2665
4619
6768
4279
4511
6044
8020
9238
4583
9064
2146
784
4724
7801
7406
5481
4233
6212
1067
3718
10124
4105
8500
4812
245
1948
220
3157
5391
5723
540
6164
10294
8461
3998
3070
1066
2402
9894
4580
3221
10400
806
7296
4034
3935
449
6282
7140
7645
6576
8745
5169
4649
6556
8661
5279
15
2764
6243
892
6006
6662
7918
7360
4122
7576
3471
2374
8849
1553
2931
548
6644
817
7316
4968
2806
10190
5178
2767
1610
8751
8557
9382
10154
483
4869
8376
3950
7655
5242
9905
4141
4159
4799
9110
2585
6003
10181
9141
9728
964
1072
8922
1725
7708
2255
3692
2312
4736
1437
2574
8375
9865
7473
7147
5732
5922
756
2626
7840
7249
2639
3373
9756
1979
8533
5441
7569
7105
7025
4517
6778
9850
4677
3587
803
10548
3872
6705
5001
474
5215
7447
10688
1081
286
7727
1757
3890
9747
3656
1414
7125
2319
6156
7682
6194
800
1367
5740
8800
6207
7272
4107
5764
7565
7537
3160
6081
9058
9496
10072
6128
9320
7998
6646
10597
7634
1133
5606
6091
7046
3349
5601
9658
881
5355
372
7525
8802
6891
297
651
8373
1225
10716
4714
6030
3286
5886
2032
8914
2738
2606
10613
2090
2351
819
1694
552
999
9078
7063
3017
9734
9722
6563
504
10188
10563
9201
5844
9086
4825
4178
8274
6664
7341
9080
4586
3055
5788
10210
971
1114
1317
2337
4694
4427
7586
9332
3971
2201
189
397
2624
7175
3449
9488
5826
213
4046
4982
2859
4765
2475
6627
3614
7369
6828
713
5961
7328
7172
5592
60
909
10558
7540
3446
4490
9832
7716
8416
9132
9295
9957
9266
10091
10368
1681
1098
9337
10680
5541
10672
2795
2689
10493
158
5092
3675
4459
306
7683
1211
9094
2279
7994
5490
925
9054
4746
5514
8925
7754
8310
4262
9177
9762
917
1969
1241
1421
5927
2965
10374
5320
7303
9974
1649
3486
2543
9489
6172
2633
3205
5122
3769
10149
1312
8114
1795
9909
8498
1409
10305
7694
3580
2128
4697
5825
9782
3522
923
6460
4004
10703
5417
8564
2372
7544
3576
2347
8207
7821
2533
1273
4823
8250
8639
4360
10171
9712
4820
5796
6267
10020
3208
5368
8476
6201
2765
5478
6446
8175
10282
9606
3489
1843
9601
5076
9715
3816
6324
6581
2971
8831
5127
7471
10466
9638
3609
4363
3835
10248
8805
6829
3080
9374
2343
2198
7757
7365
5891
5727
10063
1753
3297
1044
9451
6910
2771
4383
6479
2326
10709
9497
947
2854
1334
2611
1399
3217
8105
7570
6458
10316
4593
6265
937
263
5713
996
1128
7973
9544
2282
127
9847
9402
9688
8189
597
10638
1586
8369
522
3909
9929
1796
1381
955
6714
4951
5467
716
10702
270
9061
5809
10530
9467
6270
6321
1197
4387
7446
10491
553
3572
1134
744
9707
10303
6063
7949
6587
3627
6268
2863
9684
357
1882
8228
191
3411
1042
7430
6463
7629
2573
7696
8960
8316
8932
6878
4271
4487
1014
9473
10542
9685
1535
7759
293
1618
9699
9778
5029
5364
8278
3479
4660
1201
4247
6210
2344
3215
7511
2378
3311
7883
3260
8302
5662
8064
6926
1425
2672
829
4395
8611
4234
8650
2625
10431
2160
6048
5460
2268
2902
7929
3284
6402
9166
5371
1223
1721
5056
830
4650
949
5925
1856
2921
8859
2429
7466
4785
1720
5771
8264
3474
9540
7159
6067
3613
2811
1880
4653
10332
3207
2153
7489
8640
6573
1007
1151
1406
3136
5193
3981
4013
4550
5132
5295
6934
5016
525
1055
8763
2179
5098
5390
10192
3478
1918
2298
8418
2957
3501
1252
6694
1613
3228
7209
7106
8163
1494
8531
4373
1439
1518
7785
3261
8660
1178
5656
5558
3980
9820
2241
7245
4851
3242
4864
598
10691
8287
3495
3164
3883
177
6530
7351
9689
7932
10288
8808
4599
9012
5437
637
4688
6342
8341
8388
5125
3854
4700
2116
7115
10426
3092
9043
9134
448
10116
5531
961
7335
1240
424
5124
10082
6636
2435
235
2368
3004
10135
9953
8951
8523
400
7952
8232
6987
10199
4889
9024
7734
8675
9627
194
2530
3417
10007
2959
4723
7976
8433
8749
8197
2915
7739
1545
1805
3324
5399
4277
6330
7722
8038
10085
1031
7190
5491
6297
896
10290
3561
7671
10450
2457
2031
7177
4642
4847
7496
5674
1946
8353
7729
17
1747
7749
7152
2943
3180
2436
6866
176
4758
4089
6481
3809
7698
4565
2690
3845
2677
10427
2078
5591
361
8196
44
10064
2244
4967
6316
5994
6088
2458
7956
7476
9766
763
863
3516
227
3620
902
2433
6700
7011
10345
4133
3181
7560
1708
9790
5401
8799
865
7948
9833
2316
3006
7688
7423
3729
4232
6498
1165
4658
10463
6665
4798
10292
3721
7059
9027
1498
4836
1279
2656
9522
129
2259
7566
9439
4328
1388
5402
6855
2066
9314
9155
10132
5422
2668
4187
7493
2678
2274
7893
8637
4285
1024
115
3700
3424
3838
5971
4969
5540
7876
4569
3224
2691
3515
6178
8136
7936
8054
7370
4568
10206
9035
7183
3967
792
576
6257
6758
1119
7384
1289
4535
2011
4473
9696
10047
10289
3937
6108
2358
8394
3169
2154
9558
9797
3658
2568
1415
3964
5666
3148
3375
7089
1908
647
710
3884
8723
4167
4566
6154
3038
3245
2682
5282
9230
2605
8729
5204
2496
871
6857
9764
507
350
1489
6195
4171
2877
9026
4715
4242
5746
6720
10053
10567
2855
6256
8904
3875
4508
6919
423
6801
4021
2809
4320
941
10148
2178
6072
5522
4397
6704
10227
2028
3036
6292
75
688
2711
8847
2979
46
8740
6325
43
2062
2823
6922
1466
6093
957
2512
1393
3178
1018
6892
6880
7649
7550
5861
1443
8689
8212
1991
9222
5180
4170
683
5489
7257
7679
1015
610
10475
5189
834
6713
8329
8606
3754
8335
6240
6318
6529
2182
5093
6626
2135
8706
4777
9441
8283
6209
919
2180
9759
7879
4467
2688
577
10529
6343
207
1336
7081
564
989
10488
10706
5515
6423
4984
812
517
3000
9610
8658
2746
2363
5426
8811
9662
4391
1837
9727
2235
1257
7128
2334
5336
1928
1486
8544
4480
8393
9997
1838
1736
7846
883
2440
9317
9775
9196
3616
590
8940
10551
3058
1565
6314
5806
7338
1053
9271
6381
1484
3742
10447
9015
3469
3443
390
4238
2980
10404
391
4602
1627
5646
3749
3442
2251
8766
2925
8367
5631
214
3130
3487
9356
6873
8251
714
6417
3814
10687
1492
5767
4237
10307
2709
8084
6882
3247
2079
3955
10622
6859
2803
8330
509
9075
8575
6577
9437
1793
681
6833
2336
218
6248
2073
4336
6139
9156
7290
10608
4773
6021
4061
10015
10068
5812
5769
401
9440
3867
9702
1362
10209
3786
9204
2542
1662
7633
6820
10647
4174
4359
9178
1525
8292
8653
1467
3222
9636
1868
5454
440
1859
6228
7403
9516
1298
366
2607
9703
6272
8651
6968
1765
94
9885
6389
10657
4646
3826
3072
6832
9718
7127
9772
666
9207
10084
3402
737
4884
1729
8256
4434
6535
10476
7425
2252
5424
9350
4150
404
9028
9364
8756
1601
8509
2566
1378
3984
2928
4557
7160
7427
4522
2070
7711
1129
6378
8204
3155
4424
5553
5329
10029
3098
2962
10372
5219
3059
6701
1355
8193
4950
1150
10284
9987
9704
9676
2716
524
9933
4618
5952
1194
7787
1690
8327
6921
8186
7884
9813
10061
9761
5152
3597
4077
3983
10287
9254
9883
3407
7323
4364
3115
3149
5397
8351
5234
1472
6580
1573
9157
6387
5735
6562
4393
585
3251
9721
9562
9864
2747
7485
98
9645
1369
7964
3283
3043
2281
9059
7305
1102
1695
2480
6528
7080
5691
9639
8400
8739
6509
2513
6729
3548
5361
6074
107
1562
832
3230
6071
1286
617
7242
8208
2313
864
2405
1413
1939
6616
9169
9559
8984
1533
4605
8411
4484
10649
3622
3355
8141
2528
6506
3562
9663
5977
2733
9042
8082
6171
4787
6610
5676
3165
9483
1282
8234
1020
3946
7031
7212
7117
5552
10169
3785
1940
2618
3007
7319
8618
5912
5768
2126
3151
8968
5849
6138
1715
7484
2197
10717
5074
10460
6542
5091
2584
5824
4652
1951
2785
1426
274
8399
9863
5725
6858
5680
4577
7494
4083
5387
10396
6670
2352
4499
3846
8440
2173
416
3870
1419
4538
5611
10212
1325
4693
1931
8182
4928
1164
8553
2742
9950
7638
460
5786
8033
545
7367
9578
8118
9580
1852
8839
4416
1551
6896
4919
9191
8835
3777
7277
4707
5865
1175
173
5907
2331
2048
2170
7055
10582
1596
3644
4062
8224
4832
10201
3986
5648
5248
2117
6390
7309
9209
6434
3024
4188
9135
9195
259
4024
8402
10107
8070
7108
4068
3293
5889
1759
1195
7162
3203
7099
6830
6388
4088
4193
2149
8267
1617
3896
6544
5326
4213
7405
7553
8954
8694
1864
7254
6012
5379
7130
5181
8022
3398
3970
10286
2113
632
3032
2794
8548
9085
3509
6827
5079
5065
3400
2104
7616
7013
7521
2029
9920
5202
9353
1850
10473
8465
7052
1630
8426
8364
1779
3272
363
2390
3976
6422
9435
7214
2808
7236
4957
5729
377
5602
3027
8838
2920
5802
4829
6409
4057
2885
8571
4272
2498
2089
8
6886
10218
9808
6066
9729
3557
106
9472
8938
9868
8168
9220
2544
1700
2743
5160
3481
6764
10331
6834
3766
7477
8007
3762
3362
5660
10102
8040
2985
163
1131
9333
9302
1368
10468
5439
9418
5111
7546
3285
4778
7969
8150
4739
8905
2837
186
868
3313
335
2503
10660
5497
1127
3445
3123
1468
9399
7217
4426
6097
2910
9564
73
10272
754
5664
1148
2667
7675
276
10297
10696
2714
354
6974
8555
8056
10593
7626
7849
1942
3423
8565
2824
9008
4008
7979
192
4153
3788
4790
1416
1626
588
7189
9560
9575
1130
988
6117
3074
6732
4512
9542
4609
8520
66
3649
3601
6606
7513
307
216
6657
9449
10464
8994
10461
775
7004
10518
1496
3841
7676
2756
5090
4465
3175
8344
659
2657
3850
84
2909
6275
2810
9983
4209
2894
5719
9619
6337
885
595
3790
3075
3310
4558
7891
3646
8382
2044
10664
383
6315
2448
8398
10370
6065
10576
4878
660
3546
1731
778
7603
8897
1975
2361
1557
6844
8966
7630
4562
6034
2581
1764
7363
628
10022
489
5805
4372
6791
6574
3289
311
2379
1144
6052
1674
1212
2214
8646
200
1707
8929
1438
8390
7755
2597
1710
841
898
1205
6929
678
3817
4440
8771
6120
3558
2287
3941
899
4325
4931
589
1577
10642
10244
4380
10528
9922
5269
1080
8218
9513
9598
5872
329
6754
2370
9666
5235
9077
5479
8560
7919
1809
28
487
6028
8543
4918
10599
7599
10521
3573
4081
21
1857
1207
3356
5158
1672
2121
9326
4929
10296
9384
9988
8590
4633
6839
3604
877
1314
667
8029
9568
6546
6436
10682
3657
283
7625
2972
10575
6507
8647
4644
7954
5693
10128
1997
8902
7355
1833
7900
4827
6897
5884
8128
5831
2669
7639
6708
6300
64
2602
9218
3808
4135
624
9752
8423
3309
5084
5709
8950
9694
1566
9115
4053
3011
8129
8145
5157
3432
5708
7571
5609
223
6135
2797
3239
2484
2284
8407
9823
394
7334
3648
9468
6495
8708
7867
3100
4474
2453
2982
938
9403
7996
6836
6225
3703
8875
9011
10103
7921
2155
2169
3197
2493
1235
316
7500
9546
7824
10265
38
10293
6151
10344
5194
309
9854
6588
5333
2423
9971
2710
2822
9841
1347
4270
7340
7762
2249
9281
5068
8659
1585
9577
8624
5520
7613
2271
932
3499
9036
5083
3876
5590
9529
6642
7559
2238
7281
7282
1027
6930
9943
2187
9683
10437
8445
3555
8979
10499
419
3744
7585
1781
501
7767
1658
4299
1693
6011
5372
3550
3526
9796
6707
9433
1464
6569
6902
5876
5815
6098
9646
5620
2462
5398
3076
5434
1648
4257
5989
6002
10202
8284
4447
1057
2973
7911
3348
821
8649
9701
1735
4595
8321
8981
696
3492
2444
5128
4261
3158
444
6134
7944
551
10538
1722
2456
267
5072
9214
10506
7321
9381
258
9312
5705
10668
7324
2455
3987
6841
1914
3305
6600
9990
9275
9656
486
4721
8490
4090
6555
5367
9457
5616
421
5385
1683
4981
3634
9515
9235
9002
7336
7346
1182
4846
8362
1980
9861
2751
5328
1697
3265
9963
9200
150
10021
5428
4347
7076
4932
4936
10531
8705
10604
7624
9174
3035
6245
3801
355
4868
1570
7220
452
9194
10403
8587
9940
3755
9284
6125
8317
7144
2060
1109
7436
10235
4353
3992
5739
368
3248
70
7558
7972
4052
6042
6491
635
5811
4318
10676
998
5141
4665
10177
4680
1884
3689
1379
7875
9470
2930
6746
3315
7735
6996
8046
6811
9431
3121
4130
6988
9524
4403
3598
18
7853
8002
6426
9048
10525
4362
2215
3782
8260
2188
10240
2360
967
10315
8255
7713
7349
1677
2152
2407
6078
1564
7989
149
4681
10168
331
9095
9825
6762
10718
5965
8973
10504
5651
4944
4926
9525
4523
9013
8303
7157
9159
3267
9164
5988
8541
8281
5140
611
6113
4900
6046
1145
2292
1012
9897
2469
1001
2652
4503
10237
9114
359
6371
6885
1976
6571
2917
9687
2115
8715
9794
7643
7844
3093
4260
8583
9716
8912
10669
1485
10434
321
5149
9904
5041
7778
6301
2325
1429
4369
10141
10334
69
9198
9931
6105
10355
2065
8049
512
6837
3858
2868
1418
7770
8815
1986
5293
6112
7331
6341
959
8383
1554
1376
5612
9139
6780
1247
6185
862
6643
10578
4819
6009
7651
10041
10580
1231
9288
10215
1375
5929
2632
9838
5162
7001
736
9240
1664
124
9937
3067
9421
7811
4543
9456
7421
2095
4212
6691
1387
5863
8380
5589
9490
10519
10234
3690
930
6418
4514
2919
2464
8767
6621
3574
1070
2265
10390
6961
2993
1886
2939
10098
6526
5230
10056
2912
3893
8438
2025
550
7187
5025
9693
1389
1816
1930
808
4208
6287
1652
9098
7987
10329
8582
4742
3345
1937
5857
9124
9071
798
6656
5506
600
6348
8530
1621
9189
4430
7043
2068
6518
8457
7010
5527
9760
4043
3652
4079
4179
7806
7111
4425
2228
3045
1328
4519
1469
8644
4322
3462
12
4756
6076
4961
4366
5681
3947
8453
4598
6253
1606
615
3640
4860
7239
3701
9829
4114
34
3427
2150
5870
2521
6504
6419
9682
3920
5135
4039
9136
3887
8282
445
4795
2705
10238
7812
10698
10662
2059
9878
6433
5594
1865
10067
3078
1863
4501
10144
2076
3960
4307
3056
2107
952
3182
739
6693
3341
4018
2406
4992
9866
6638
500
9273
4525
6985
2772
535
7841
72
809
156
2816
3236
9862
3563
9340
3626
8055
4117
10362
3536
8634
10679
262
6672
1465
5283
9880
455
10524
1758
6578
9501
676
8989
3381
6760
4546
2853
1923
1149
10543
9900
7829
7774
6515
7028
1749
10008
1371
10627
217
3364
6870
5963
5670
9065
6523
4308
2418
5011
6883
3457
2323
9294
3552
6238
1384
2199
10023
4181
3134
2404
2303
3332
8422
8463
4821
2192
1992
9430
2315
1161
6770
1862
10127
10003
10176
2074
4528
392
6031
10644
5183
6180
8561
136
7977
3641
2166
3716
1737
5071
8451
9595
6157
6405
9767
2175
10134
5532
3504
9624
2442
601
2778
3422
3728
1023
7071
6658
1320
8328
2171
2015
10179
240
8765
4937
721
1428
725
3739
5791
9856
4891
7673
711
3069
4273
2557
8233
6683
7361
8100
4140
6360
4549
1607
4196
4990
2699
7769
3508
5318
10005
5407
9224
7224
958
831
529
1447
6298
2057
6605
58
2718
10121
5736
612
8237
3974
2963
8714
5280
6421
3671
1166
8485
5731
6102
5979
5353
4396
10311
5121
5208
2522
7413
9884
5094
10275
9103
860
2683
8814
182
7946
2097
3934
166
6393
7457
4294
10421
3650
1964
9671
2487
1692
1929
2845
6634
9527
6101
7788
8768
620
1270
6027
2842
6558
2013
10402
3328
8545
1682
944
9819
4830
10584
2997
3906
8095
2666
7452
5982
7975
9749
10535
9482
2664
3599
4719
2540
4390
3807
9844
7383
2043
6630
9907
7542
8245
6849
442
4656
2055
8065
6494
3241
9711
7207
5026
8357
4551
5803
9872
7422
10198
6824
5860
2766
4031
8735
3012
3171
6989
4867
10654
5621
8744
4925
41
5425
3637
1390
6706
8396
9283
4342
5784
3905
6203
3387
2203
4592
3881
3902
2599
644
3607
4109
4606
10663
4965
2181
7142
8487
4526
6726
1479
2768
5245
1842
7859
9328
7499
2776
3106
7155
2612
76
10571
8539
5813
8837
5835
5334
9047
5946
6469
9121
4841
7468
9758
566
3927
10636
9500
10459
10395
1727
7522
3183
4578
7515
8856
1916
4839
6745
9331
6483
7047
1474
2961
7077
7870
3693
8610
2081
10318
4776
779
10630
9834
4235
2452
6868
6313
4720
2488
1993
1790
7343
6373
8507
2616
10195
3568
9133
1541
9474
8121
2413
9720
5274
4594
344
340
4346
4542
4454
948
7793
1266
4200
3569
1187
813
7581
4405
8269
6488
7191
7583
4964
9877
6306
8336
4615
9731
2552
2641
9352
593
5623
1844
8354
6959
4624
5905
6070
2375
8041
2813
1572
2875
1515
537
2490
7008
2395
7329
8149
2500
255
3034
10589
9486
3810
5273
9237
7747
2774
3147
5392
3271
5878
4679
7539
3023
49
6715
2144
606
10222
9768
2212
4417
2277
4445
7838
10714
5634
2864
6000
6773
6505
1590
1802
2365
1797
10113
992
7903
1043
8972
4041
6752
8257
3496
5192
170
2463
6803
6055
5932
9162
2545
3951
6635
9831
5821
7204
4585
8307
5383
1661
5138
7700
9607
4231
7915
9309
3932
6761
9732
8350
7268
3191
1711
1953
8080
558
1861
1746
376
10335
7712
9514
8645
10485
2712
5159
549
6808
3699
1162
8410
8008
3322
10204
623
1829
5538
908
671
8148
10549
2018
8363
8935
622
7833
9938
8503
6349
8664
9343
8845
4803
3401
10049
5596
1776
10158
2744
8846
8977
5346
4311
5564
10583
8734
10009
2269
470
8864
8131
3430
5840
4706
3628
6294
5995
9151
8010
5110
786
4811
6216
8412
10122
9755
6675
6160
2377
7359
6208
1118
5464
4824
1228
1214
1349
6847
3719
10271
10465
6326
10695
10042
5996
572
5370
5416
7439
5096
9106
1220
1689
9492
6304
9464
3472
9801
8612
6408
5799
1743
1561
10018
6284
5466
10413
8965
692
4584
5749
6893
9947
10236
4017
2608
3513
6414
9753
9958
4671
8117
3948
1659
9809
7832
349
1636
2348
4582
185
1459
9650
8974
6983
7666
3179
4282
2084
7377
9231
3931
8246
2799
782
8568
773
8097
4102
6383
7923
348
7818
7298
753
2661
561
5544
2762
6735
559
10073
544
2409
4966
4541
10094
6107
7695
6191
4471
7151
1705
7291
9038
5010
7417
1811
4379
7877
6327
7516
9571
9262
155
897
8667
2541
1775
6403
3853
10537
8455
5638
5443
6187
519
7100
568
10309
3642
8365
8449
8785
621
62
10000
3266
2703
6251
9584
1126
2846
7014
8876
6522
4638
5501
8783
6277
10138
694
8295
6549
10474
900
9517
10486
6927
1190
6676
10689
5726
92
2019
6219
279
8478
8403
9710
673
1085
3094
2535
226
7518
6254
4370
10420
4975
9519
6467
2615
9090
530
3952
2218
4244
3583
7176
2346
4630
10223
8469
1597
8304
4956
8272
9286
375
7289
10715
8893
3110
1112
4781
1574
8908
10386
10430
5859
3730
9641
2232
2020
9949
658
9511
6939
8623
8494
533
2426
9018
123
7068
9223
10325
6524
4246
7119
7854
3483
6570
10050
2233
1305
578
3789
1342
6398
723
2832
10458
1397
6698
4106
10694
2838
5447
6440
6853
8840
8355
10302
2392
2852
10596
8588
10382
4529
8252
7448
7632
10002
8143
454
2750
770
4118
536
1301
3985
6186
5457
7169
9477
5166
5244
5778
8194
6907
596
6051
8858
9429
9926
9108
8486
6239
4669
9842
7193
5099
8869
2414
5820
10321
1510
2929
9161
2422
3020
10678
3163
4324
434
9505
1135
6199
3384
7691
3676
1291
10300
6231
6428
1978
2295
2654
2576
7826
8492
10117
8961
3772
8672
554
1269
8133
936
7573
2670
983
7124
6582
371
8297
6351
7783
9648
9420
5089
9017
1548
8506
1172
9592
8728
10405
2474
6620
3897
8378
4137
6566
2185
1836
8779
9327
9934
9315
6075
8299
8936
10640
2411
1870
1077
7113
6413
5452
8265
5779
1137
9986
2132
1403
7202
10399
4287
4300
2926
4498
322
6584
9812
8795
9453
4489
2779
7775
6293
8827
1955
9528
7265
9888
4249
198
6217
8226
2950
10586
2087
7356
2384
826
188
2030
8087
3030
8405
9843
24
10077
4385
1481
5617
89
741
4185
492
9643
4297
4994
1260
10699
4326
3433
9251
6464
2491
9810
3639
1876
7137
10428
10025
6334
2350
3630
10574
5438
1956
8138
8045
2036
7670
3470
10146
6976
6601
2431
8339
4866
7947
485
9021
9037
9725
2849
3403
5455
10093
866
5758
5643
2024
5577
1159
1088
5937
1798
3767
4761
319
2927
2289
8747
7149
1506
6427
7590
10686
3292
9487
735
3428
9049
6416
1740
1845
5792
3176
9695
9376
6759
4768
1786
2417
1730
9913
5841
7301
3556
9434
2220
4732
9649
10547
10322
10621
427
1766
6366
3441
4946
8516
2883
3659
3195
7881
10081
9928
8834
5321
1008
4815
5377
2696
3198
9566
5048
5970
4635
8787
6461
3668
4863
5635
4977
9082
7235
2686
9378
4972
3673
7706
10383
2342
1616
7195
8401
639
461
6924
1696
2204
2983
2196
4734
4906
9502
9143
7237
4735
5254
6310
7961
1372
9092
9181
2850
872
7887
2419
9791
9793
6618
3933
7930
9602
3370
2717
9478
315
4334
9323
8199
5790
8988
7699
9445
1030
8594
870
9154
1575
10467
8099
5027
1615
3752
3192
6177
661
6415
5022
1898
9000
8450
10387
7808
953
5669
1300
4476
1897
341
916
7690
1096
8789
9915
3361
6696
2865
5073
6895
5021
3431
1086
9714
2548
5566
16
5312
2753
4321
8266
7614
9706
7366
9367
10652
1283
5855
5919
1994
7723
8522
9257
6639
2330
7415
2139
7710
1794
4428
7194
161
6788
10569
7736
8387
4703
1531
10397
3391
6045
8718
2301
1171
6086
1949
5267
3041
761
6099
9826
5920
7038
299
712
10259
10258
771
4201
10088
3895
9901
5600
2596
8384
6144
547
6335
9172
9004
3575
5737
9860
7608
2477
6797
980
3
4524
8115
9050
5573
9215
6340
3050
7707
1821
9398
1281
1491
5237
3891
8301
6377
4205
2183
8198
6442
7504
5014
8776
10515
5445
6424
5762
8172
439
8512
8760
8793
1950
6386
4973
1245
4007
1101
3338
3554
4094
933
10338
8868
10066
1373
835
9425
7350
7951
6749
7704
6211
10376
5652
4129
7464
8169
10624
8528
2479
2497
3529
132
8933
6687
9241
146
6794
6247
6831
7530
7311
8774
4044
9815
10393
5562
9260
8680
6001
9158
3154
7225
3534
7283
4492
3262
9961
2329
6986
9269
592
3682
1107
5114
7968
345
1475
838
8496
858
2858
2773
5136
5449
4879
4576
3243
2376
8016
1200
8377
8502
4040
2732
10568
3209
5828
7339
4691
2502
9147
609
5712
2276
7420
3466
9289
8887
9252
4845
5081
6090
3002
874
3590
10280
5924
648
1310
4731
6790
464
5935
3460
6121
7118
2663
8167
2471
2505
9190
3586
4475
2046
6604
1571
8089
3447
1892
8276
9609
6796
4463
1108
1840
8408
5468
8879
5373
9632
6999
2843
9175
3684
3797
7060
4874
10037
4220
3145
8635
986
8216
10281
4772
7178
4983
9738
9009
5500
1268
3172
6496
2099
2102
4016
8106
6637
6103
10180
8602
5962
9148
8333
8824
1033
9582
2916
5698
9919
1113
10637
4540
1827
706
5498
4189
2582
3256
3763
1138
2230
5400
557
3500
8511
8592
7255
9952
1040
6942
7753
9964
8669
9079
8697
5381
4125
6453
8889
3359
4401
8593
9803
5685
7295
8171
4725
3623
664
6064
7697
7398
8230
3530
5770
9669
6369
4126
2256
3914
6354
95
9925
2008
1867
3957
5836
6136
7536
9423
10443
6889
2731
29
4596
1221
9923
1569
618
5584
6956
9093
1688
9105
1835
2897
3057
8830
9498
4636
2876
7399
5019
3969
8967
5678
3185
8998
8015
9335
8534
7409
1308
3734
1329
4367
3319
5523
10479
9521
9272
10481
3966
5956
4556
7562
7210
6888
8877
2609
6816
9280
7981
5038
5909
2922
5224
10380
9366
1385
4933
4195
4911
6322
10324
85
8305
516
6478
4903
7483
2362
1306
7404
10349
3225
513
7931
6262
10243
2653
7412
1638
10611
7337
1412
5990
8665
9633
5115
5529
4702
1520
4686
10246
3651
3365
6817
974
5755
4611
3190
9336
2631
5311
250
10415
3090
4444
3044
7401
295
9466
7161
8682
707
3107
9416
867
5665
5699
3961
5382
1239
6236
4327
2856
384
7015
2834
1309
10040
9265
4095
7042
1271
6597
9073
6271
608
6679
2719
5801
7805
5313
10126
9014
3046
9613
2908
7899
5484
3408
1420
3317
2356
8043
1382
8161
5305
2136
5967
5316
10185
2645
7662
7472
6040
4202
3120
3253
126
2007
5899
1154
2525
4236
8236
7400
7078
4759
7036
5427
3082
614
118
2800
5690
3037
2636
10600
1537
2481
10455
5272
5999
9358
6200
8288
3943
7882
1583
6166
1462
3564
3748
3852
433
2296
3725
6181
10314
6629
8464
10304
6815
271
8670
2489
2763
3416
7681
3177
9303
6854
1473
9101
1927
59
4704
2441
3600
5412
10035
8829
2305
2989
3258
9547
10592
6437
2954
4361
4443
6722
6303
4774
4276
1546
2322
7285
1408
2934
8424
6757
6095
4862
1815
1335
7897
6080
4051
9867
5275
4976
1436
1609
7070
1488
5686
4309
8173
9574
9118
5415
201
7971
1560
3507
5571
8775
1612
4705
3968
7927
8525
5695
4634
8318
8614
7567
9535
10556
323
1324
5148
626
5895
1449
6013
2578
8828
9698
4469
6133
4028
2246
5107
1505
7661
5344
3532
2162
9594
1337
1028
9305
5595
4280
2650
7145
10142
3485
229
689
6448
1780
3830
4921
4741
4880
9087
4924
7689
10175
6332
10308
8788
1503
4988
4248
8039
6104
4938
5628
1804
1032
2064
9744
3223
6540
720
7656
7768
9504
3138
10340
6933
6537
9069
2106
825
4317
9526
1170
1153
4025
9330
2120
7593
6499
10539
4292
7907
1622
3832
441
2814
7451
6756
7731
10675
8181
490
4162
4727
5823
5459
5332
5948
6439
1977
8589
1890
7644
7905
616
7231
7122
1038
7847
7387
5179
8395
9981
7382
7072
6875
6226
6014
4211
5214
5150
2412
10436
4388
1645
2119
9413
9792
890
7878
3016
9664
4504
8692
2151
3081
3497
8201
8205
891
6110
10385
3679
7041
6659
9091
5817
9605
2949
4121
5642
9597
10653
3584
5032
7580
7467
2450
9120
7433
429
6280
190
3314
4547
567
6047
1395
1452
4172
2470
6603
8023
2964
7663
3083
4893
3510
3666
8242
5682
3125
1037
244
2563
1665
7454
9232
7135
7786
10268
1132
774
7410
6585
296
7561
6443
10071
7402
1598
8532
8179
6645
8338
9074
1960
2601
7866
7154
5198
2830
10384
2879
10554
3296
3868
206
4995
1152
3360
10080
7534
911
438
2138
5227
9109
7966
2177
1142
7640
7524
8570
4368
5650
9344
6261
10685
9471
6963
4881
4157
1360
5916
9881
539
9225
2310
528
8686
1828
2583
5285
7850
7491
8625
2660
1941
294
398
3199
4837
9345
157
6804
645
5306
4006
5510
5827
10646
8928
6663
7986
1920
6598
2258
3677
1006
7394
4493
2511
6721
4014
5598
6825
4828
7568
10328
7396
5450
4807
668
3063
965
10326
1078
6142
333
6650
8550
9743
5448
3367
7848
7094
4955
402
5901
1251
4789
8969
4974
407
1296
7453
10337
6915
7058
2364
10211
3379
3880
7743
8807
8505
8871
4631
6918
859
5440
10408
3354
8371
10226
10570
1163
3335
4692
6450
1497
9618
5639
531
5404
2320
2819
1847
636
7664
1410
3353
7165
7619
10410
7385
6947
10186
9454
3066
1054
1313
4907
2400
5337
2821
56
3352
2263
1924
3821
7871
7326
7610
7868
3793
2970
154
7551
5062
5223
4045
9916
3374
5380
358
9361
4537
672
7067
9589
3774
4775
5781
292
8277
5054
8322
4386
8347
6938
7221
6911
6967
8409
10377
2966
5003
8452
3724
7378
9412
4431
3715
10045
9404
5250
7267
4608
467
4673
7390
476
3665
499
5270
8690
4182
10546
5317
4910
3156
8888
3421
6567
5550
5839
5881
179
7715
3493
7007
9677
4074
6718
2829
1502
7304
4358
9039
8508
10607
5131
4662
5987
9363
3091
4716
8483
5893
6471
3211
2953
10184
795
2096
2967
7760
3731
288
3435
9045
10026
1854
2229
7602
7345
3708
8992
3188
8931
3334
3021
9373
1345
5808
502
5327
8152
1451
99
9674
4717
8166
3695
9301
7174
6799
5469
10631
1644
9233
7890
9784
2572
8770
10356
6364
5176
6739
327
4303
5622
5873
9006
6232
3451
7726
450
6541
3936
1501
473
5936
8894
3405
6905
5960
2349
7541
6196
740
6511
4601
5156
3380
2562
9324
8986
3420
4632
410
569
7200
2547
360
5871
3316
5375
1954
382
2427
1209
3683
5043
9066
3368
7958
7411
9334
2840
1982
619
426
8473
8976
2720
7563
6025
3491
3997
3060
2913
708
7037
2976
1637
1791
2308
6561
8985
4409
1422
10557
6444
4441
4888
1219
5088
1203
571
7470
5170
4750
1434
854
169
869
1141
4448
3925
9853
6147
4252
6747
8791
9469
1684
6805
4810
1589
8761
9681
20
9068
6288
10252
10536
5266
4854
5238
3397
3028
9459
10471
8291
8836
1280
6876
3953
6061
10684
9003
4049
8910
3898
430
4857
848
9570
6140
1889
7418
5894
7607
7434
6309
9628
2098
4254
8753
4986
5028
5864
7939
9622
8916
573
10200
7830
3270
6352
8909
5800
8540
2523
9978
8259
9670
6512
3990
3476
8142
436
31
9612
8263
968
3874
8759
6792
3928
5004
3565
3865
9557
6020
10145
9387
3452
3524
3077
10585
780
10165
310
7455
5503
2886
6734
8308
4603
6452
8404
758
3756
2504
6940
10178
10089
5814
9845
7752
9583
5042
6281
7822
10477
8298
3722
6118
10389
5559
8086
2933
1064
5804
4435
5095
8964
9896
3857
9391
8311
6023
6972
3753
5819
9357
6795
3312
3465
5535
5188
10651
2509
1922
9046
4332
4464
9541
4729
7888
205
7621
104
5066
4852
5572
5356
7648
906
907
4148
488
6399
5243
4978
6579
3015
4797
10581
5588
3771
10626
574
6007
3062
6806
7520
9726
4290
2658
4989
7917
6089
7772
6307
3068
225
4349
4898
5906
8253
5543
2430
10513
131
5431
3463
7306
4588
3924
10267
5545
5222
4808
9538
7263
3776
3588
4641
9899
1348
4805
946
1009
8057
7287
2575
7136
2974
1584
2114
9795
5585
7937
4552
2286
9053
2067
2254
4855
9428
8915
7000
6215
3760
4894
1339
3511
7271
2805
2080
8162
7133
7637
10159
5423
4241
7232
7018
10024
6851
9814
3962
6814
8312
4654
6517
8730
8062
4612
9400
942
2250
9824
3855
2723
7297
10242
4191
1680
1405
7650
6955
7312
2637
6454
10295
9576
2483
9255
7211
4009
4826
4047
4587
289
9338
4506
693
8778
9163
625
8499
351
8896
6008
6703
1411
5561
3300
8777
8944
8903
6776
10279
1654
1628
1896
4456
3792
143
8738
9945
9362
2947
2239
10086
591
8346
6842
10341
5119
1883
2176
4835
9579
6860
8122
7992
5451
7362
1704
5050
7924
10540
9243
2111
6872
5908
1435
10112
1593
7438
6043
2467
8755
3979
7834
1082
9625
1580
6036
3822
202
4520
5403
9389
5985
7234
3999
2991
4204
1846
8750
2476
8229
8617
4012
2213
2643
8067
3277
8300
497
3811
10106
2306
9653
1603
2999
5145
2158
1604
3022
8437
733
8955
280
253
8741
1249
5557
2896
1222
1641
10572
8585
10351
10439
4482
828
181
5569
264
4581
7260
8860
1770
1002
4748
10090
1318
1547
7129
4668
2713
277
9777
2598
5782
5627
3653
10451
6740
1888
8569
10249
9375
634
7426
5672
5980
5717
4754
79
10541
3910
9221
10478
9107
9590
3488
3008
7205
4591
5264
1179
6233
1552
3206
7284
8514
783
4423
766
6059
45
939
7582
5147
1544
7449
788
6595
1990
2911
5339
3129
10632
4217
2932
2659
5351
9914
7017
9480
7802
6966
4947
1246
2946
1321
7766
2692
772
8818
5992
2595
5610
1155
9835
147
8709
5751
4518
10509
134
5229
4411
8629
9830
2424
142
663
7545
7163
7065
4206
2981
10442
705
4032
1230
6712
5348
5133
4574
2935
9591
5175
2451
224
6184
3687
1499
5636
212
9369
850
4840
1660
8060
3982
2531
7264
3747
562
5395
9596
1047
9313
4222
9518
2841
8504
10182
10230
1818
4886
6809
1099
1272
8621
5757
9647
10508
1404
2124
2257
1556
6379
9979
7307
9370
9892
3306
3298
2224
1620
3720
5789
4710
6465
6818
2700
2499
2577
10174
5310
10470
2485
2706
954
9244
5741
888
4871
4913
139
629
8241
6848
1906
3371
6958
469
9083
10444
7450
652
1202
10054
7347
6692
4168
7315
187
8934
1913
3448
6150
793
9126
910
54
8945
10416
2782
9976
7051
1299
3882
8957
40
4087
5155
6977
4698
4885
9484
4575
7082
328
7618
8679
4996
4197
6124
7090
3512
3042
9249
10193
2728
7660
10217
4814
6667
4099
5499
10665
7375
5239
7053
6906
4414
302
2000
2103
9160
9891
8628
7543
875
10155
2311
824
7480
10162
10323
2847
8215
6771
7391
10097
3757
10194
10170
9551
4954
5207
1445
2354
9655
6843
3871
4655
6382
3291
1073
1061
1783
10532
6852
8878
2857
2693
1191
9329
6689
5720
4433
5511
7098
3231
1432
8026
5461
4227
1792
1873
2142
2389
7032
9206
2987
816
1983
2977
9836
6024
10619
5534
8678
6222
2045
4
8254
4683
4909
8035
10105
4245
837
2355
4214
5433
3605
8493
7463
2555
5249
6619
10618
8515
4086
1453
7325
931
1095
1424
3768
2049
3333
5933
1189
3040
8495
582
5721
9586
8326
5288
10075
6877
951
10588
5012
7223
8085
7048
1140
3233
2034
387
1186
5914
8613
3301
7507
9552
9659
9111
5154
1741
9548
3084
6730
5885
6359
3680
5910
4075
5756
2085
9561
7226
1122
2027
1181
9290
9481
878
6719
4093
6155
3733
3741
7192
3636
935
8895
8497
2093
5760
6648
380
1192
7611
638
9001
9895
4532
8425
10639
9076
4942
3778
6793
7564
3436
3438
7
2844
7886
412
3064
10060
1216
3369
1358
8491
8873
7997
3582
4834
6543
3612
4488
2593
9119
4477
8397
5087
1832
2923
10100
510
3482
5684
3712
7354
4128
2058
2569
9550
2538
1004
5378
6737
9763
9452
3456
7916
5143
6766
8542
9131
8737
4555
3549
10401
9229
4991
10109
153
122
7751
6264
5185
6990
5702
7974
6744
1262
367
6609
8021
1841
5262
3824
10414
9735
7797
5354
4682
10096
9465
9138
9274
3429
8389
3278
8342
180
9996
5661
7342
6305
2698
257
8584
5537
7280
9697
8666
4274
7532
3409
686
1633
2345
1789
5794
8953
1966
5533
1663
2590
3791
7742
3377
5031
8841
10256
6856
10565
7188
5480
5338
1034
8924
7061
7269
684
3844
4319
2123
1881
3624
5580
10016
7914
4164
7373
8144
643
4684
3109
3919
3579
7528
9742
9789
3357
1717
3667
7292
6767
10346
4895
2443
9031
9805
5410
6622
3869
10
165
6068
4651
9980
10391
4406
2369
6564
8096
3385
4314
211
1666
3978
10347
3126
1555
4536
4744
6115
7181
1594
5108
3759
3394
1353
1915
1516
6862
7733
1933
7393
2195
7959
3001
8757
520
9499
230
2194
4144
9211
6311
1528
5052
52
8790
1755
4904
7724
3758
8591
7831
4747
7330
468
9205
3669
4096
347
2328
990
10452
1483
8907
9
2788
1668
8164
6276
7843
3942
285
5748
8636
2391
1875
9022
6527
4877
4899
2261
495
2190
9019
7836
3655
2209
3714
1866
8000
3088
4103
6317
2494
9316
10671
2914
3545
9060
3954
4998
8772
1180
3184
6850
8677
3048
3888
19
2010
2907
3783
9678
6572
2324
8458
5586
8941
7397
8683
1893
6174
6904
2421
7862
5342
1224
9869
4534
6486
6655
1655
4002
9717
6372
4613
8991
2082
9460
4104
8632
8816
5730
7240
4190
4941
7114
8607
209
1199
1504
4005
4377
6038
9322
3851
2437
7092
2299
1157
7557
4155
8712
1351
5867
1036
6887
4764
4113
2924
5075
3061
2769
5358
6357
3288
9149
5733
7990
3494
9637
7721
2133
7414
9104
7023
1963
417
8604
7814
196
5345
5848
284
8146
5231
1568
6810
7985
3571
7156
10469
9995
7556
8551
7574
6508
4670
6127
8885
2752
3773
112
7270
414
6733
338
5172
1089
5365
7938
3393
2891
7110
927
6022
10087
6202
4255
10598
2234
3439
2205
3795
6466
3945
1083
7380
2825
9969
10422
4784
5640
4038
5890
9444
9965
273
7019
8374
5171
5913
7837
2137
7654
4146
4949
6559
10046
9705
581
2449
698
1761
8630
8719
717
5983
1463
6060
238
1359
7941
2371
6772
10070
4865
8419
10448
9212
9774
10167
1771
3738
5528
2398
5911
51
8699
3108
3681
3085
1699
2623
4329
5296
1285
478
8102
1801
10433
9806
4979
3704
6615
10017
2942
9776
2539
5921
5667
8156
3903
6073
2754
3761
4302
7344
9479
0
2009
1784
10489
9081
9171
10523
10553
1763
4143
8559
10354
5406
385
9170
1265
9941
4726
9041
4479
10257
5051
9401
7158
114
4589
6269
4607
6220
2978
818
787
9248
4111
4531
3577
7856
4050
1427
3918
6179
7091
5292
3029
241
8721
9372
9634
1772
3204
3618
7030
8698
9771
10250
1751
2005
3709
3250
2300
1629
8997
7429
1124
5287
314
1777
3944
9123
5059
1685
8103
2890
3518
6289
362
3732
630
1788
10561
10425
5773
5750
2804
3958
119
7714
10151
1062
9032
493
443
6482
10034
8211
418
7243
7548
9183
8577
929
6596
8456
9644
4256
10350
4399
6162
5163
5393
5563
934
7258
1945
275
5966
6258
7748
6871
8072
5251
8176
6145
1723
4323
7858
8325
9951
6392
1307
8688
8527
6583
3214
4908
8633
5258
3161
6982
3995
3095
1394
1350
4753
8600
9307
3153
7636
1255
10058
8332
6690
3885
7933
8880
5724
6765
3864
583
8524
1293
4023
7259
5200
3775
10137
