7058
6192
3667
9968
235
2532
2241
4227
9546
4609
10173
3194
6880
7956
9
4450
5825
1
10181
8041
5494
8033
10160
1354
4503
896
842
289
4303
5704
4598
8987
5573
8089
7833
8952
176
201
8545
1197
4455
2203
370
2978
2387
9346
7265
2774
7309
4187
2709
10034
4124
7036
9791
2322
4606
9202
902
8876
814
2612
7103
10150
8770
8943
4978
9691
172
6381
7059
2814
9662
3917
8391
2872
4152
9744
2942
2398
10663
10697
10627
4409
622
4287
3606
2798
2146
10401
1460
10106
1374
644
7569
10123
185
10557
226
9695
6964
7436
9751
7814
833
1196
10496
5943
8794
8196
1202
398
1183
7739
1026
4521
8695
5144
4424
1884
5685
3666
8603
8537
4980
8937
4505
6011
2514
8338
210
8971
7708
6662
6299
6840
4770
5632
7678
5278
6292
6568
10492
5773
8085
10552
421
654
7602
2232
1306
6878
1788
9320
10193
9993
77
4125
4578
10315
10203
1431
4032
7642
997
3924
6814
9738
2277
9083
8367
6665
6892
8439
369
2614
4682
2793
6202
5148
10058
8240
4326
1778
4013
3454
1414
5696
5677
4280
4076
1033
3036
956
450
7378
8485
6496
10240
8282
5524
9995
8449
2100
1696
4454
10243
4813
8137
7829
7305
3723
102
385
5735
4330
5363
8692
3945
6942
4981
3785
6602
1944
7523
968
929
10266
4395
7212
3700
2273
1323
1018
9927
6798
7447
1819
5595
175
6464
5196
6927
3835
1650
9721
8961
4860
5040
9676
5945
2592
4430
414
8290
297
9831
8108
1528
3062
8672
3966
435
7744
3950
6479
3900
7331
2831
7289
10174
7694
2354
961
7931
9532
9405
9416
159
8500
10508
6578
9720
1940
2302
820
1963
6960
2825
9768
773
632
8405
8051
536
4558
967
3118
7813
7784
1724
9264
6643
3570
6278
6810
10128
4147
1325
6640
9303
3004
6127
7043
306
2858
2224
1370
6996
1267
7094
2142
7357
2309
7630
6218
6581
9597
6574
4882
3753
3684
5937
3769
9062
3435
2107
715
1933
4718
3858
222
1613
4717
464
3288
9406
4670
251
5694
8527
782
2472
5226
1798
5201
10031
8026
11
6152
7232
5996
5127
2278
4315
2153
5021
1252
9275
6539
4165
6421
9792
8800
4531
9840
2209
9132
296
8402
3142
8567
6310
1210
5391
9538
6125
942
5061
9210
8318
6653
10453
9582
7045
10013
7168
3141
5971
7601
4058
4111
4327
2589
9227
5367
9731
10133
1335
5339
7039
7390
9401
1531
534
3243
9390
1077
5316
3941
2718
5575
4043
918
9555
5752
9696
7723
3773
7080
7355
5867
3249
4188
8200
4471
2231
8025
6504
10716
7239
10114
9458
6935
8789
6240
6994
8049
6368
4189
1158
9408
1054
4660
10185
2956
2276
8719
10274
245
568
8269
7599
9134
9736
6167
3078
6367
5277
9280
1199
1748
8815
2512
9463
851
8173
6430
4950
7090
9557
2442
4990
10329
6391
2317
5883
3083
8493
9302
3778
2418
555
2615
4003
3442
1291
10536
2777
4046
10629
2021
5284
1456
9198
7923
5827
10480
4607
2937
56
94
6651
8368
253
6318
2574
6585
1780
6471
8360
1865
1908
2908
2006
6420
83
2859
9342
6328
2208
3755
4149
2995
6680
8899
3615
3618
8756
3076
9252
2776
7625
1423
6639
7324
3028
9747
4145
1212
1447
1040
7350
567
1201
9898
3464
869
9933
3481
5461
1441
657
490
4434
2804
834
4892
6656
6050
1231
5012
6657
2529
5419
2404
1090
5051
1585
4464
4964
5882
6239
10636
10645
9364
8403
8083
5970
6649
6538
10451
4497
6546
4881
7060
8538
7050
10497
5141
9839
10423
3389
9749
3143
277
462
10092
6162
7057
7377
7130
9502
6988
7416
5392
10093
2896
4445
9338
4789
10148
1072
3096
5024
139
5917
10075
3637
4818
4628
9710
10633
1083
10427
4096
5584
7550
6937
931
4816
10042
55
5898
8122
538
1223
2685
1139
10310
9873
9909
3468
6001
1000
2911
2066
9663
1570
4749
7878
2833
8890
1547
6670
9631
3967
9668
4479
3549
5849
8434
1719
6686
5533
8131
10064
2220
5761
3498
3016
4919
5627
9719
3646
5580
5471
7597
6659
7472
7536
6169
2543
1857
4117
5031
3273
4256
6400
9270
9358
9760
3567
958
2541
888
679
3210
10662
4288
9671
8963
2848
1129
7405
3010
1174
6609
9665
6284
9922
10300
6943
859
5423
3541
2909
4905
7768
7983
643
5303
2218
3334
3561
4589
3611
10316
3562
5351
1796
2112
3485
6668
4173
2452
3465
7830
9990
2307
9170
9475
8490
5806
6111
4317
128
3407
8253
7826
3261
2533
9586
4055
7836
1889
2376
3388
5674
6861
1481
10396
3134
5003
6224
9039
7135
3908
3552
672
2239
2892
3213
10090
605
2973
3819
3522
9076
8030
6912
4313
5158
9549
5711
2946
5298
732
4870
1912
2335
158
8124
3476
2976
3001
431
9826
2443
10341
1582
4494
4958
6106
8894
6296
3186
3047
2955
8080
1334
3951
9892
3604
7848
4615
5140
66
10455
5077
1824
9529
9878
6728
7518
10004
2749
7284
1728
5499
3300
4640
5464
4229
9247
3284
5745
10513
3326
7870
8214
6324
4621
2762
76
3079
4601
7709
4778
3678
852
4844
1664
6658
4859
2034
3136
6764
2163
514
8916
7112
6679
6309
2389
1485
5360
2140
10541
8356
199
4103
3940
2526
2343
6652
2817
6693
5168
6898
4376
7479
7614
1716
2809
6783
5532
529
1896
8237
8332
2687
6815
7831
127
5699
1833
3170
6115
8494
7943
8988
6163
6027
6999
2643
894
2323
9421
2118
3670
4663
4415
10030
1188
5002
1157
3265
8219
9103
10693
6212
9963
1156
4893
8612
945
809
6592
1986
6267
8809
7398
9213
1312
1437
472
8798
5437
10047
4907
1474
953
2102
1336
3226
9625
2078
5692
6290
271
3693
5690
7183
3092
9011
348
10163
3923
8930
766
5490
8797
8606
5229
5089
878
3121
5473
2779
4185
2019
5519
5997
4734
6336
97
6230
1797
4933
10261
52
9897
2123
5641
8045
7015
3152
3557
3580
1829
3085
5938
1027
5802
5289
9388
9195
2406
3116
8452
1701
9065
3581
10639
3374
8557
6648
9121
917
4195
10506
2740
1450
10397
4549
4352
7598
4992
7811
886
8141
756
3305
1279
6919
9547
8615
3021
5476
2771
5866
6530
2840
9947
4995
4102
3064
758
839
4023
4396
9635
223
5266
2957
6795
1596
8651
7899
7609
3763
2157
67
8757
7657
7607
4646
3088
60
1827
3133
5145
5772
8256
9147
273
1254
7316
4553
6269
10386
4613
827
4290
7851
2712
6405
4754
7269
3977
1330
8482
4086
7160
9060
8066
5428
8885
9002
503
7128
4030
3680
9983
2824
98
9376
9482
1154
7701
5930
6770
9996
44
7557
5861
1673
252
8232
4001
8168
9733
2868
5326
10098
10305
1638
3200
8698
8130
3279
4480
1190
3540
10532
2219
9788
8146
8940
975
4949
6713
7854
9488
6577
7501
3812
9052
322
10686
8750
5893
3987
1365
3446
10444
2645
1805
2072
8123
1367
1902
7018
9978
3046
3980
3438
9504
3329
1522
1379
10529
9822
2750
10186
8654
7279
3114
554
738
853
10673
8084
7140
8477
1391
569
7134
6708
1640
1687
8945
9554
2860
6750
3559
1146
9325
6725
6720
6054
6221
8954
10519
5813
6489
570
4199
3992
5987
3601
4018
6456
236
4196
2812
2306
2936
3469
9510
9536
10321
3768
7589
2087
6276
6441
7664
2403
3677
4666
1079
1490
7623
9315
5769
9885
8450
5516
10375
2990
9142
4557
9292
5776
9387
9784
3534
64
4771
8517
1523
9091
2925
5918
10499
2
75
6168
8977
9171
3974
1337
7010
9055
274
8510
10595
6415
4576
8707
9757
2037
2600
9992
10715
6864
3345
849
9273
10011
342
539
2836
1529
5767
3
4019
4312
5736
10688
8480
6447
10170
2486
3593
9379
7484
1794
3415
4686
807
5512
1152
1462
9936
8021
8655
1172
7161
2258
401
5965
5038
6032
6174
5760
4774
1017
1989
1282
7441
4091
6116
1536
3840
3972
1454
7996
1103
1735
9144
930
5832
8704
7307
2842
6816
4977
4805
5169
188
5436
9699
4432
6356
2453
8171
6672
596
5361
8014
3555
2658
572
8747
1769
1990
10374
6824
3195
973
4000
5062
1057
2215
152
5587
10010
3818
8958
5416
1504
670
7223
9945
3969
5128
2639
8568
9177
781
4108
1016
5332
6751
701
9906
3914
5382
10655
1706
4747
4350
2446
1326
2703
6437
8788
2064
1248
10325
8231
6552
6765
5727
7374
5879
6501
4359
8018
7351
3708
2082
9903
7574
3564
6965
6976
9797
7697
10661
3311
7177
803
9070
2352
8600
5459
9708
5812
9887
6906
4555
9287
1349
2834
1795
2885
1353
3408
8663
5968
3252
6313
4653
6475
987
6541
4913
3344
1052
7973
3529
8189
8680
9224
8739
1736
6486
10599
578
6072
2585
299
3536
9024
7514
4040
2688
244
3477
8011
2734
613
5687
1781
126
8431
5006
3780
10364
7414
2057
4398
19
523
10273
2374
4451
3863
1976
10215
6094
2929
7789
10249
7327
3899
5011
6836
1873
7858
5372
1193
7376
5008
6213
3691
10698
1712
5260
1492
9130
9813
7975
1726
5041
2011
4791
2500
6647
324
5756
2507
7828
5868
8222
1752
4605
508
2789
982
4597
8780
6134
8519
4801
8708
8002
6388
6145
5335
9889
3698
10020
8910
8199
10100
4360
6677
729
4308
428
265
1180
6078
5440
8874
5798
6485
5304
2993
2800
420
6544
5523
2802
2046
5720
9863
5102
1915
6981
885
2780
3686
9934
3891
9465
4773
10504
2899
5552
3834
6804
4245
8263
2257
243
7454
3032
6866
5337
3633
313
7849
9558
3240
6056
588
3852
72
2424
5758
2106
5485
4910
6953
6170
7736
2652
1975
574
85
8469
3278
5708
4524
7488
3759
9952
5258
635
10514
2633
9032
3124
2788
7527
4810
7493
1627
8667
3404
2088
121
6451
939
2131
9324
5909
9519
9336
1603
2496
9080
4837
8562
5207
2122
7028
1872
3582
2195
9541
8329
3747
2074
3750
1311
4966
7145
2476
4914
10674
7519
3820
3221
2680
5821
2691
7461
5535
3029
7313
9542
4048
8551
1271
8400
5159
7764
1784
2864
8664
2880
8913
9725
4874
6044
6690
8495
4847
8446
3394
4960
47
5446
4662
4533
8972
1947
1064
4380
9318
6689
7555
7721
7358
1681
10229
10095
9624
8934
10250
7499
6837
2400
2509
7027
5528
2760
3441
6760
7504
580
7442
429
7196
3890
8906
8931
9363
3187
5187
5808
530
5754
9288
7783
4325
10660
1852
3873
9225
7334
1275
454
5903
2334
3045
6104
10263
4220
5933
7643
5916
9339
7903
5520
8587
7612
3108
2479
9479
8068
10378
9994
8563
9420
1028
5313
6351
3150
5920
6148
7542
10382
7888
6780
8139
3556
8319
4991
1316
6915
9035
9912
10623
5818
8814
5730
4148
6691
542
1331
9244
5465
7801
2608
2516
7982
1048
5401
2039
8525
3823
4074
7369
2818
4366
3144
6033
7832
4258
5136
4059
4457
493
5184
564
7788
4413
1297
9563
9017
2748
2184
9380
8653
6850
202
10238
2000
480
1841
8526
7073
4515
4944
1094
10592
6588
2434
3330
8294
4936
6800
4851
4671
6560
3393
2792
5695
9507
713
9910
3480
3859
875
4017
1472
4072
7860
2920
354
3742
6781
1623
7291
3037
4300
6687
8471
8417
1059
1659
6681
1804
2763
361
7008
10533
10653
8585
5873
6281
3898
9353
380
2441
6108
9880
3340
2554
9516
4879
862
6925
10001
5029
3327
3041
3239
2063
9139
6601
4932
5669
9884
9294
5384
1763
10355
4596
5254
2196
1168
8119
7872
4183
8393
8590
3876
507
2109
1723
5734
1164
9801
1868
5177
2311
3839
9637
6499
9429
5454
1653
4178
10051
8102
314
473
4341
6409
1643
5020
2727
617
7936
5589
6450
3958
2632
8496
2425
8292
9215
4159
763
3689
9205
4346
7046
2523
8384
2811
3802
4295
6917
3692
1612
553
1510
1302
10255
6724
10502
2264
8728
7785
1569
7004
4779
1100
4691
573
8350
937
8837
9683
2684
6020
2028
10509
1823
8514
5645
5848
7476
589
6881
6295
9928
7533
4155
1058
374
9688
6404
8911
4116
3068
7566
979
7818
9568
5603
7373
10563
7810
7760
2318
7978
2485
1514
1822
6748
2548
4151
8831
3406
1649
9371
2869
704
5453
6971
1806
2228
258
1713
6473
857
9323
1918
7283
3975
6813
8804
10260
3192
597
2852
4692
3346
3087
7595
5617
3147
8572
4286
2128
4612
36
395
8901
3894
1922
8098
890
658
1632
2300
1368
2746
3849
4249
10485
6684
2045
486
502
268
8369
8364
4101
2742
5243
7897
7400
5792
5362
1905
1449
10126
9419
10606
8429
8730
4050
2356
8267
6697
9732
2522
6095
8748
10372
1662
10710
2222
2499
6047
9805
3717
1964
2252
7685
5637
3833
7632
4651
257
8902
7695
4345
6938
3050
8639
5939
1533
8855
1264
3372
9773
4397
9890
80
4414
10593
2681
3236
7072
5560
8121
148
6829
1967
8624
10354
10517
5240
6200
499
7508
905
1743
3308
4643
3084
7404
6465
8212
2602
10293
1932
8308
4179
9670
9020
1258
3056
3488
3906
5248
8273
2405
6210
3460
10656
8187
8569
2767
9917
4449
1299
5333
5912
8479
7345
8097
5618
662
2768
3434
10298
4600
10252
7126
9591
9815
6900
5722
2214
8793
481
10426
10571
298
3427
10418
8742
7529
1401
21
2773
7272
8613
4136
5804
7225
10211
6408
6896
4924
8573
4476
2547
2916
4741
6002
5834
1697
6876
5352
7786
6897
8488
9418
10096
8211
1579
8208
6597
8935
7853
1765
4582
8944
8844
4700
5242
4483
477
8577
8250
2898
5517
8696
7022
9478
1844
9476
6090
5036
4132
1835
10067
2595
9474
7148
135
1363
7480
7396
7605
5658
5876
5675
7951
4532
4024
5508
4722
8703
5498
111
5660
7047
9226
4298
6768
3510
7906
8185
5779
6707
1478
10227
10460
8103
5100
6333
2737
4926
9368
5213
4562
10235
1629
6393
10523
1287
1390
1551
3206
5273
941
8528
6716
2467
8561
6099
3174
441
7895
2271
9441
5171
325
5462
9867
10343
2210
8863
6120
6894
5245
7918
2125
5608
4403
9614
8321
352
6853
1750
9360
5370
634
6311
8641
1118
162
419
368
2622
7847
9609
4519
8081
5116
396
3719
1496
9567
8052
8523
4089
5214
9105
8182
10411
7192
9185
3067
5297
2702
4620
1619
349
1114
8499
1060
10461
959
6225
316
4031
9762
6886
74
2274
3617
5444
2679
8625
2618
5678
5576
1483
7933
581
2649
5975
7393
9459
3504
4073
6452
6862
2664
8088
1692
5101
6135
1642
7109
5684
6608
1396
8826
6922
9692
2327
2974
7506
618
4510
4146
9783
259
4129
2421
8534
7867
6316
5928
10361
3384
7706
1009
7795
1464
1988
8724
10055
5309
5385
9518
5328
960
84
7999
2052
7061
7438
7048
3509
9164
5376
8928
7548
10412
3845
2388
7071
7068
3387
8306
8345
3829
3332
2385
4714
1675
2206
962
7132
4277
4799
2236
1339
4724
4711
2991
485
6100
5294
4823
7722
3336
6183
7704
3803
6089
6629
105
848
3508
8044
6341
7827
9286
3475
2963
1746
576
5292
2075
7053
2535
1670
6766
8265
4284
10596
3271
1261
10224
7606
6784
984
2265
8629
9449
4962
7386
8547
1227
785
8608
8374
3887
762
6907
1015
9600
8681
10335
9182
218
5319
7466
7645
5723
170
3081
2959
6097
7084
9375
6650
8017
5947
1507
7591
9515
227
1329
8180
7339
4917
952
3058
5797
2007
8046
22
7862
1341
5429
601
1113
6980
8860
4007
4824
7790
7871
7656
8642
9520
2423
5815
10476
6921
6739
10680
9951
6671
2696
6754
822
10484
1785
1520
2971
7639
9025
3075
1321
6004
10237
4316
4163
3151
4957
7633
3375
4875
2694
6926
5715
3961
8552
3491
8781
6057
3728
2251
3042
10445
6228
3436
4420
5831
7429
2359
3360
2256
2861
9883
8346
231
1559
2192
9584
800
1153
10166
2761
4486
7953
6402
1317
8656
6847
2004
1405
6564
6934
9975
3074
5149
4362
114
4405
9061
1235
4999
847
9110
10345
3533
5445
301
6424
5631
8761
1006
9290
165
1939
7780
1714
7456
2667
8351
1732
3537
1402
9199
6006
3000
9316
4079
6280
95
6698
3350
2285
2650
1636
1051
5186
6067
6703
9790
9828
751
3862
8661
3754
8172
9585
1749
5050
238
478
1754
9881
9697
2141
909
239
4627
8741
3450
4371
10267
3869
1135
801
8909
6342
4216
2994
10026
1489
3123
4222
8861
5082
5908
211
6253
3918
2420
4845
8733
3675
3395
1455
2179
196
720
3253
1274
1283
3665
5064
1955
3105
6826
3188
9694
4637
8869
795
3314
3112
633
10380
4543
8513
1424
261
5409
2427
8181
4218
5482
6952
1888
8877
2371
10650
4068
5403
7064
3676
7491
6799
8665
8722
1318
9748
8357
5656
7246
2832
6157
9172
7099
726
4335
10072
4244
3051
10046
3473
10289
2370
6396
9998
9246
5210
8578
2729
969
8353
5586
9085
2573
2947
5151
856
4573
8579
711
3648
10713
8503
7577
4436
9818
8851
6503
5305
769
8195
8886
912
3126
10099
453
9872
7075
6076
6692
533
9775
7137
5312
2437
992
4585
4655
7980
6788
7981
7110
1731
4219
4106
9423
9656
5441
2644
6621
3296
6181
3882
9072
5556
1351
2697
1807
1820
9681
9074
3043
86
8004
2629
777
6533
7115
2894
9490
616
2065
7299
10535
5085
10209
2272
119
2089
2234
1718
10033
2630
5358
2223
4963
5334
8301
6737
9160
4144
6075
4036
3696
10619
3038
6482
3258
3832
2143
3727
8887
9308
8043
63
9181
3697
6161
10219
2310
6958
8387
10204
8643
6998
2005
5341
5299
3596
7349
3885
1078
4041
2549
6298
1717
9651
3223
3695
3955
5365
6497
3813
9112
9521
9728
5518
4035
2513
7924
868
9565
8436
5795
5954
6776
9174
6634
10457
8252
4873
8679
4709
6673
6702
6428
9960
2361
1025
1870
5435
7750
10201
3694
6957
3647
989
6773
776
2068
9522
3657
1970
6870
5742
1937
284
5329
1558
294
7371
376
1800
4757
8824
4656
5463
8286
2731
9871
10178
7763
285
6806
5244
6761
9234
10016
5726
205
813
8591
2591
1115
2340
5037
7539
7185
7954
3625
8845
8962
10242
898
6480
8274
3349
3207
117
600
5122
4440
4418
10696
3854
6557
2237
1241
5411
3167
2156
2676
926
6325
4205
3889
4793
2027
3546
382
7908
836
10175
512
8929
9550
7392
7203
7425
8371
5369
6842
3291
6549
5452
10425
5427
4632
6718
3792
8521
7837
4544
470
7881
4535
4672
3094
9370
8114
817
3629
621
4375
191
10559
4529
4776
1050
6933
5605
4322
1793
4200
6771
10628
8279
7989
5475
698
10222
5126
10239
3844
7559
2933
10110
3811
9204
7863
233
1073
4883
9875
5639
6769
5753
4602
9742
2414
7584
288
8289
8198
6889
4665
5468
9109
1843
9803
2227
8322
705
3574
6070
5228
7573
7218
1849
5330
7746
4465
6197
4247
5643
4180
5661
565
4548
3825
1310
304
1846
6513
7451
9946
10009
8099
5774
7420
1108
1904
1322
3400
786
2810
1233
1347
9730
6723
2105
1686
101
3622
3650
9351
6494
4069
3365
10142
8015
4996
7007
4369
2120
7698
4404
4955
2564
6023
9806
5611
4603
7221
5981
7590
4566
10632
4354
5293
7677
4863
10332
1019
6977
9167
10538
1546
1999
7658
10516
1589
9939
3563
3699
3542
4419
2886
6558
6832
2745
9814
2828
6554
1149
10399
3149
4202
750
8723
6384
10149
3706
3474
5404
9150
9092
8129
5602
7725
8981
2168
8959
9819
6454
5633
7741
6098
7175
5728
10254
4611
7347
1803
10507
4401
2960
3163
9169
8727
10232
4485
4392
2689
7089
819
6372
3970
3668
6859
783
9505
1721
6270
5609
3294
142
2154
10147
6063
5359
3103
874
10043
2230
2625
6079
10331
1773
4591
8142
4208
8754
1550
2677
8599
3310
792
1703
8218
2563
1972
292
4105
1621
1298
5022
181
4131
4698
249
9633
1771
225
8847
3826
1039
6484
8509
6158
6136
8048
2207
4732
2357
4561
7531
4783
2853
4565
2983
124
2188
7792
9218
513
5487
5515
5591
671
8711
9059
7716
6759
854
7712
10280
4604
5725
7180
2324
5178
3189
2733
9050
147
8638
9344
3270
876
3158
7341
2830
3685
1555
8604
9652
7308
3543
3191
3494
10456
5686
8163
48
4527
6777
2967
3896
1549
995
7087
6331
4025
9606
543
10220
5558
7850
560
8415
3362
2093
10690
7911
1945
10430
7910
5434
2336
9381
1141
4213
1499
2238
7743
3272
7503
5283
6556
3915
9235
9283
3183
5255
10622
2185
1768
2189
10431
5878
1245
6096
8657
7583
9830
10136
2410
2117
6302
8040
7248
1082
667
9256
6705
9329
5238
1580
3410
9455
10118
2521
7967
2373
3302
4941
9262
6177
515
3293
5502
6411
6323
8034
8610
10257
8990
6052
6141
5211
6196
1406
6179
2487
742
10228
3283
3600
6967
1583
10520
6667
6293
10421
4530
9621
10087
2193
7181
1566
590
1178
6612
8868
6929
334
7740
3775
3621
6893
3586
214
1853
3019
1700
3560
70
6614
8361
10510
166
8873
8272
702
270
10084
2013
5349
1840
168
3497
3765
5197
6498
10314
577
3584
1348
881
3904
8104
1848
7066
550
9943
140
2145
8283
2330
9056
3687
1029
6727
4331
7487
4461
10161
986
3034
2183
7482
5275
4210
9299
3176
1308
8193
460
9570
9300
8908
10550
8169
1630
3990
2666
465
4796
2003
8996
6043
8404
9165
8903
1952
10205
5844
6542
3301
10416
1762
8161
9407
8377
3201
8165
5311
4856
4677
2010
7457
4342
3746
4118
1894
5780
4811
3610
8394
10144
7123
4499
9511
5410
2839
9718
5597
6931
8010
3764
1041
2070
2919
7767
1225
6359
10041
1753
10337
5869
1416
1012
7890
469
3545
8973
10352
1977
6440
999
1120
153
363
4493
3181
970
2877
6803
504
5887
9356
10409
9573
9383
2475
2537
7343
10671
8413
5749
3762
4755
3429
739
7894
943
10068
9685
9593
3867
4819
4832
4552
1639
9825
4020
6817
2545
6524
6419
2378
7194
8881
9221
8852
10370
1678
9259
6712
10424
4363
4260
6868
8709
6457
1133
9001
7997
1014
4264
6216
2023
9667
808
2144
3942
5014
7076
7245
10528
9391
4680
5239
6265
4177
4740
2504
4453
2846
858
789
3175
5378
9493
5689
10429
6841
6873
6234
6373
5950
610
3165
7449
1812
6370
5805
4994
6069
3316
5381
7062
9746
9045
5043
10287
5074
6320
8713
9824
7133
10032
5457
7293
4592
3519
8246
9942
2717
9191
7636
9987
2560
6928
3390
8373
9958
10230
9799
4489
5505
4989
10344
5649
2862
7644
993
8407
5072
6820
161
6903
5194
341
4683
5955
8287
10539
3959
3073
328
3347
9548
743
9335
2913
3953
32
10635
8823
4081
427
8673
7274
6583
2127
10241
2716
9967
1705
9581
8939
8650
3412
1634
9753
5601
5481
7450
10388
6516
682
7088
6565
3547
3125
1816
9484
7382
169
3822
3214
9173
4903
8694
844
10157
5640
1032
7460
2996
8201
1591
6586
2060
9473
8003
2596
133
7594
8473
2682
1877
6939
3399
10531
8559
8291
10708
10363
10415
9576
2199
9595
1534
8012
9366
9155
5929
9734
5348
8779
3735
1047
6377
5068
1030
7252
2139
1598
7184
3790
1615
5449
5665
5762
9501
5944
7235
6350
3877
3973
9263
2197
10351
8700
4707
1355
6000
6955
5786
10469
9439
1373
1622
5111
3566
3282
2888
7947
7353
8784
650
5486
436
5422
2051
184
8677
10132
10582
9879
7364
2431
7285
208
2594
6502
3681
4347
4004
949
8042
8091
6418
1668
5543
4349
8271
5295
433
2303
438
4182
4012
1324
4501
4828
2480
1893
7855
8238
9030
7952
8183
9669
6500
9436
4716
5553
1003
2067
2413
7839
3784
8278
674
10164
7165
7001
5026
3893
6719
6694
9018
5783
719
4537
71
3405
457
8778
2321
9101
2474
9500
8691
8649
2177
3452
7106
34
2319
7220
6113
6263
6151
3202
6080
9761
4154
9393
1498
2808
10403
6483
136
3418
10061
6119
5083
392
6882
3883
4452
991
1203
276
3449
6632
3525
3991
1590
9295
10057
3006
8816
4063
2735
5514
10012
3138
1899
4168
8992
10605
4546
3996
10308
5894
6492
10695
6262
4128
9327
2191
3156
8235
5549
336
9124
826
559
10667
5153
5075
9506
4194
6364
5579
812
4764
9208
6901
4852
893
7733
7427
4918
6890
4551
10446
2753
3744
9135
8234
2175
6575
1037
3371
5301
9309
4616
10579
8457
8565
51
718
3090
9466
7821
1830
2601
5978
8598
10127
521
1411
5782
1340
2296
660
855
3337
4798
8540
6550
628
10002
9949
9033
1586
8744
1356
8558
4719
1552
9893
9242
2803
5828
488
535
2675
8118
2673
8535
2148
6207
3916
7552
6255
115
2498
5191
4705
4237
9100
7422
10379
2043
4567
3971
10140
8524
8484
10024
1854
6534
10575
6540
8683
10658
9860
7370
7207
8532
6947
3145
2211
7970
7731
7219
2678
4520
8872
4617
1382
2108
9611
8601
7928
6827
946
860
9571
7802
408
1429
9503
2539
2284
7546
3168
2705
865
7554
2663
4869
9941
1070
6334
4274
2365
2640
8980
9019
5190
2009
10210
8511
9051
5826
3827
8714
4526
7626
7991
10112
8133
2924
5408
3848
4285
455
3516
3171
4251
1584
4800
9729
620
6871
9402
9462
6715
6474
1909
4162
1962
1412
8933
5819
6525
5246
4233
7667
4171
2620
5969
1994
9209
5778
3553
870
3999
6767
7663
144
6495
305
8126
3135
7960
10006
4931
7102
9891
8878
3060
5833
8009
7875
5820
6247
8854
177
3672
9620
7551
3965
9847
10597
7024
2876
9378
2316
8760
4780
9647
7227
8716
7891
1385
5212
3782
2355
6676
4760
6190
1808
8746
7668
4470
9918
5118
3203
8150
519
7435
10548
5956
5654
910
5407
8975
10391
2050
6434
1525
6884
7173
1747
4336
2692
1266
394
2119
7562
7567
1925
8347
9193
7040
8239
10119
287
9071
3806
3550
6015
9477
2041
6747
5551
8311
2724
9630
6053
9095
8594
10265
498
5872
10290
7430
6406
4439
5984
2700
7328
1842
8882
552
10489
1867
5790
7315
1898
4745
10264
4077
2099
7873
6401
9444
156
7162
6105
7600
3674
7201
10670
3609
9188
1971
8828
5224
10309
7290
8922
5545
6666
3957
9374
6514
5746
3623
6701
9311
2826
6398
5859
976
7510
5719
6288
3169
6046
9029
527
8100
2884
4901
2121
9612
6778
9785
9841
4122
8266
1607
3842
1494
608
4909
3119
2325
5598
8038
10049
3348
9497
7025
5200
8324
1419
10217
1604
4463
8560
8443
3215
7108
10259
7282
6682
518
3879
4049
3166
4015
6101
10544
9357
9003
8564
10679
551
10521
5530
8464
5534
3241
5133
16
3807
8327
6246
10512
737
4647
8998
9010
593
2269
6918
903
4997
10323
805
6721
8358
3229
1116
6899
6285
5962
8365
10500
9398
3841
5417
2778
9844
6184
2706
10474
6825
4979
9976
10694
7782
8136
759
3929
3575
6266
3583
6297
79
10138
4425
4743
8060
3276
4421
5823
5233
7421
1883
10350
10191
6453
1711
1260
10419
7440
484
2757
846
2263
9469
652
7732
7603
182
684
3009
10083
3828
7361
7987
5393
338
10598
3502
5206
1415
548
9454
5652
8005
229
2659
444
8086
6785
5027
1105
3315
7582
8917
3269
2394
7571
9931
2328
5442
7521
9384
4282
31
3871
10108
9207
7710
7932
1648
2739
4407
5625
167
5450
10234
6535
10054
3944
6259
232
3014
1863
6304
7845
5610
7929
1211
213
6974
2059
4634
6066
6923
10292
10405
9989
8440
4969
3710
7354
9411
3196
5809
7326
6966
798
549
3072
9596
7412
1641
9552
8145
2008
9138
2492
3590
4099
10515
2086
8113
6622
2478
10647
1782
410
8280
8627
7023
710
5624
1069
10648
1408
217
775
2332
4382
1486
4508
7728
940
6040
8838
10268
8758
3417
2290
6348
4536
603
4348
4328
2483
9471
8328
4333
664
7409
4953
2672
9755
4911
2583
8621
8941
4938
10134
4961
4495
760
1515
308
5858
327
8188
2393
8090
2463
1403
4758
2338
6272
2987
4865
9496
9104
2889
1063
4468
1831
5390
8766
2493
2874
8047
2244
10330
7233
1378
8614
2381
840
10665
35
9658
1960
9312
2368
8112
3799
6740
1930
2349
7458
329
6064
5525
2603
6520
10091
7692
1571
9159
1729
6019
8507
5117
3801
7949
1151
10511
4060
8117
7631
8254
7494
6112
1477
6
587
7431
5344
5850
8432
2298
2246
1466
6338
2171
8320
8769
5957
1879
725
2669
8555
3669
1513
7432
3982
6205
2129
2569
5501
378
9574
2980
4062
3704
9743
772
8584
5960
1288
9686
9028
10311
7360
579
15
10394
6730
6231
10540
10156
6374
155
9938
9377
4687
5081
5885
6607
2282
4785
10176
2229
3779
8416
10654
5155
9629
9417
2606
10028
3117
7696
6332
8970
6073
4504
5069
372
2213
8705
9921
4008
5897
4888
4834
5593
9084
5510
1919
6344
10554
3523
642
4540
8637
5371
1543
2151
5179
3910
7065
8609
4804
6329
3110
1195
7019
10466
7857
6793
645
9961
10475
5994
2665
104
5322
5881
4973
1131
1847
3507
7587
6194
2655
2259
5973
4301
8611
9428
1901
690
4599
8596
5331
9944
4496
6049
10545
1013
2320
2562
2031
2092
5048
2835
3731
7158
3228
2383
8297
10151
6005
5764
2998
6360
1395
4498
4858
9771
3093
10050
6849
9326
7961
7314
7054
4902
9807
5899
1814
65
10189
2363
7244
1237
6414
7238
7240
1699
8031
8245
1192
7627
2377
3275
5236
425
1564
2849
6176
204
3457
3634
9340
8175
6014
599
24
3139
2904
8896
9483
475
9118
10065
7237
1035
7713
6173
5963
2527
8178
4759
8589
351
4786
8765
9948
8028
838
9955
2806
1096
8686
9236
73
627
4723
938
1923
9014
9396
7687
525
10187
2605
6010
2905
1084
3097
8463
8190
2312
5129
10659
2162
10188
2116
8543
7647
4915
6611
6017
8898
3577
7921
4808
7585
8646
9865
4568
9239
4829
1968
5666
5707
10637
5571
4426
7319
312
8305
7338
7787
7608
2807
1616
8914
2781
6594
8451
256
4737
10278
1921
2815
109
8633
7159
9950
1089
4631
7323
717
4279
6423
9900
4853
2743
3472
10477
3592
6258
3751
3499
5743
10422
5948
2531
10053
7702
3005
5412
5263
6796
3209
10324
8866
6879
6236
1110
3396
4379
1836
10607
9559
4509
7752
7014
4927
3059
1136
8791
9603
4669
7381
4956
10566
8363
8349
5123
3528
366
2551
129
6362
5257
2723
10594
3230
4009
9984
10339
1333
7651
9682
1278
20
2287
8957
7724
10616
424
7945
4254
5932
7356
7444
6633
4014
8634
3620
5279
556
2962
10301
1850
2775
3157
8570
4645
1124
110
7142
1010
2965
10577
5167
5215
4456
4674
4746
3100
5290
2047
3255
5180
7963
2415
2719
3907
4221
3578
3458
1452
4002
4556
2101
9856
3130
7277
2397
4088
8224
10199
4946
1388
5810
3260
3761
6856
10666
88
5059
2744
6233
8966
6185
467
8435
9877
2061
8277
3968
1878
10562
8889
4085
10522
5998
4652
2182
130
5198
615
2469
6604
9073
1542
4586
3526
2708
641
8205
1148
6950
6808
6628
10602
9817
9770
4064
10052
5565
8054
8257
7976
8456
9675
9796
8079
4293
5235
4248
5170
1043
50
505
2690
1740
5460
908
8892
904
2651
4259
3173
10398
4203
7209
6268
8065
9966
8777
2662
920
5924
2077
966
8659
7974
41
3538
9787
2970
5287
7676
3740
4942
2584
7817
8410
816
9926
1661
7586
3220
6762
3479
8428
248
3814
5670
7507
5477
6818
4802
3432
5078
9866
5310
2392
8919
9369
10129
3743
9971
1381
1774
69
7877
9899
6199
8087
9250
5900
7069
3267
6571
557
7904
10501
2506
2176
6349
2029
10464
3356
4071
6618
332
1864
9467
10282
3482
10340
2348
780
9859
5771
6589
430
6790
8019
10077
360
1200
6830
7303
7579
8888
1451
4255
3063
2103
3776
10327
1119
7264
10218
2012
4587
4408
10383
5537
6891
2430
3069
2570
4921
9701
1501
8871
4889
3318
10094
6243
4610
8710
3286
3306
9216
3514
7674
3463
3487
5583
9131
950
3233
1251
1593
2062
4481
8158
6130
7874
337
10279
1221
2575
1295
4181
3451
5569
6330
8548
6746
7805
1350
3683
2344
451
3224
3109
5028
6854
9113
151
1446
9639
2280
9257
10236
1929
591
9923
2098
5150
7471
6376
1568
532
6610
1045
5120
6461
5592
6146
10018
10613
108
4581
8529
3902
6166
5976
7535
9031
757
9319
1739
7773
8773
7116
5188
1682
10044
3598
10402
9231
6811
5400
2286
8923
8588
7640
10702
3649
9895
9359
6819
4708
5132
4864
8949
4109
6951
7363
3903
7446
9219
5324
6467
4190
359
10165
10313
7919
8884
3459
10705
8875
3331
4433
2445
7119
8206
2401
10440
4574
3120
4756
5547
1526
5063
8362
537
9997
7885
7530
7648
3204
6346
1218
8275
540
8541
3040
5479
1036
7920
1707
7596
1973
403
3352
4650
9111
3715
2728
7774
6326
4319
426
9769
7659
2367
3579
824
4762
3984
7170
6959
796
7154
2353
5638
10547
3373
5884
2895
1818
6598
8050
7816
2254
10447
1637
7187
344
5942
2519
6159
8964
10349
7864
8808
9766
830
3382
3588
445
4641
3934
7649
5923
1910
3227
3712
6432
7101
1208
2288
6395
7403
8036
9869
9827
7638
9678
3926
1305
5121
10555
9367
7397
3791
10023
6852
1786
1892
5986
9561
8160
9255
7121
4500
3237
1886
3309
4329
9362
2611
1352
5013
9526
7125
2073
6532
2566
2879
1667
7042
541
4231
8586
8055
8617
3106
6165
1927
1150
5099
5599
7689
4806
198
1140
3099
3431
2036
300
3638
10389
1895
3658
2945
638
4332
815
3645
3927
4781
8408
1882
6366
2444
9816
432
2491
545
2854
3721
3954
7167
563
4139
6973
7273
7163
7876
9793
7653
2730
2610
4928
9756
9583
406
2455
9258
9693
9798
8288
1548
10634
446
971
8946
10214
6635
8255
9201
1232
4206
3238
33
3379
7699
5342
7029
2981
8243
3366
2638
6627
9700
6920
4622
106
9674
2384
2940
4868
2147
8818
7079
9432
6195
9849
6275
3730
215
8682
1376
4825
7295
3576
4584
3234
9509
9776
10283
1949
1506
8631
5892
2961
5688
3160
262
4402
3129
10454
723
10712
6133
356
4302
1364
6220
5972
1243
6683
9049
3015
6211
1270
137
1011
282
5967
2801
7214
10233
6003
5800
8735
7118
8688
3936
6979
2358
5209
3613
157
2104
2617
2345
5622
5321
5394
736
8307
1034
1710
6244
9456
3886
5420
7052
2149
6131
4367
3357
2331
4164
8512
8073
7489
10017
9716
1537
3053
6872
8955
8128
1826
1121
7258
1666
5570
3268
4538
8652
5380
4466
7408
8067
10076
3369
10443
407
5966
2819
4378
9800
10703
4511
8164
1328
9605
7423
675
3061
9114
7276
9186
4777
4075
489
3738
934
7260
3225
9041
7149
4636
8330
6487
320
8483
4052
7003
9153
10585
7840
10014
8533
3517
4830
3172
9754
2693
9851
5657
3420
1205
1122
5315
3824
4993
4034
9820
6171
1102
4894
3321
7993
2502
10641
7114
10221
264
10080
1518
1956
1268
790
7753
9741
745
2726
4939
1247
4263
9054
5811
2565
804
1142
6477
5946
2657
7074
9004
6458
9723
3513
6407
9126
6978
1293
3963
3979
5058
724
2938
5568
2979
5383
8574
1327
5135
9427
9907
6245
2200
6182
7344
138
6353
402
7407
9373
4389
9854
3875
2482
10651
10159
9007
4438
1435
10618
3851
2568
9780
1938
6209
7665
4630
6867
192
1132
5343
1128
3880
7971
6172
3297
391
566
4970
8989
1628
5989
3920
10162
6283
7861
4160
821
9162
3140
2462
5030
6036
4412
716
630
2607
2304
4427
5566
1677
8155
5644
6093
5174
3496
10256
2040
8516
303
4886
7144
6443
7882
818
8304
7193
2598
6227
7095
5451
575
5208
9717
10576
2536
9178
3211
3663
5405
5106
7528
7822
6403
8623
6137
8879
4712
2253
9260
884
692
1524
4861
2366
4240
7359
3998
696
9525
811
10384
4862
5679
7762
8209
8299
405
8947
1654
6930
61
7340
8053
1772
3091
8782
9698
9870
778
263
4167
9739
3931
5271
6944
900
9588
4809
3935
9566
2950
6821
3531
4422
8370
2992
7226
1978
7100
1360
9616
5541
1694
2932
7278
9969
1220
7399
6132
5092
6335
7372
9243
8999
5717
8285
3616
9644
2785
3180
10291
8618
3003
5713
1427
2198
8380
10168
879
8701
8106
5888
5544
1720
7333
677
9901
1209
10101
4469
5555
8194
1244
624
9524
5951
7311
358
5055
2613
10530
3758
2488
8721
250
10284
6641
2126
6908
8997
5700
4340
6745
10021
3101
7091
4987
3585
7083
9888
6156
3830
6321
7292
1307
4484
8455
5355
927
2333
3656
5701
10069
10556
1608
4172
3277
8995
6041
5910
2935
4184
8425
4242
8093
4082
4952
1658
4355
9304
6229
2821
8447
1913
5388
9328
7670
8385
4388
2628
42
7798
4701
3298
4512
9117
9623
4788
2915
9486
362
5671
10491
10668
10272
2111
4812
7868
7966
586
9916
9886
2459
186
4541
3011
10624
7985
8461
9106
6389
6948
10406
8176
2155
749
1480
8412
8684
5251
8549
4618
6012
3856
10085
9200
3244
4095
2637
1277
4491
4270
4766
9038
1300
1987
10467
8336
3002
4767
8331
3355
2187
5842
10691
8915
7927
7846
2470
4006
8008
5787
3565
6369
1679
9068
6983
2619
2816
487
8207
7747
10304
4166
1161
8865
6124
1651
10420
9046
4428
8848
7791
4299
1389
6175
6083
1491
6029
2408
1516
8932
1789
5628
6559
6232
9618
663
6509
483
387
1916
9842
4385
4871
3285
9053
2559
3153
6553
5366
10303
8832
1631
2910
9179
3795
2534
2903
2432
4275
9523
2020
10202
1087
3679
9714
10007
8398
8489
3057
1301
1345
5033
2588
1900
476
8864
5630
315
2169
9495
6582
100
3383
3796
9064
6835
6522
9066
4916
4204
3259
5160
1563
29
7769
3155
1957
10472
6340
8669
10583
7188
8817
6490
6198
448
9904
10404
6436
7686
2949
1001
4126
7034
9400
8632
9154
4266
7565
10646
7619
8344
5623
5856
5636
1942
1838
10059
3872
6902
3266
7200
3416
10652
6399
9973
4522
791
8819
3364
5217
9821
1442
463
197
5103
8316
9352
7761
2870
8522
9974
9140
8644
8830
7940
3137
9211
7253
5195
290
2627
7086
2178
7443
1733
6905
7044
7368
7673
2115
1617
6809
5425
510
6838
9232
8309
8453
1285
9345
4880
7275
501
4092
10152
8743
744
9157
7581
9090
6914
8807
546
7262
8740
631
656
524
8020
6877
6446
1438
6675
9622
4045
7049
0
9399
9745
7812
8982
3912
5108
7026
1007
9985
765
689
8648
4447
4224
5274
10572
2362
3401
3798
5991
10581
2881
8505
3690
7179
4738
9645
4243
9789
6885
583
6382
120
1095
4353
3433
1644
1511
6118
3946
9664
237
8802
1595
2460
4093
7155
4130
5877
1213
1117
5220
4790
8912
1484
4684
6092
1974
7470
10208
6327
3127
279
8492
5113
3385
571
6034
4370
4448
3325
6223
923
1539
9882
700
4201
4972
9758
7030
1758
4925
4583
9759
7321
2283
4507
5091
7540
6797
10074
6787
7031
4827
1951
125
3720
7229
1369
8127
9610
9249
8607
9075
5705
5538
7191
4051
4967
2347
1777
7092
4472
8092
10459
3411
5373
2002
4488
1557
6065
1179
3146
10036
5613
5926
5835
4727
9626
2138
5698
7682
6587
7515
9920
9528
614
3378
377
4357
9023
8486
8430
8763
4748
10400
8170
7637
5990
6260
8276
9491
9266
10689
1098
2890
5839
5270
3333
90
9355
983
7717
1074
10141
6444
8313
9116
2135
4736
10038
6911
5648
18
7387
1265
3035
5282
10035
10681
9397
1315
3421
753
7097
8334
754
6222
171
6969
3783
10692
1858
3055
10145
4174
4836
3809
9575
2837
194
7172
3264
1398
5318
2407
10450
10275
5107
6642
2661
326
9096
3983
3402
8628
5216
2489
7986
3995
6427
2546
841
528
1862
4699
4849
7098
4922
7224
5234
3111
7803
10312
5253
562
5974
7152
4857
7473
5183
2069
7267
1597
8671
92
4534
2921
7306
6129
5913
3572
7886
4908
1567
10486
810
1730
6191
3505
1068
10356
7127
10393
2941
5402
379
5495
2158
10288
10390
6857
1076
1056
794
2838
2782
7549
195
10192
7984
9545
4975
2571
4226
3805
2242
8035
3159
8072
1856
5914
8140
4272
779
8806
1262
2722
5124
7497
8821
8204
516
9332
3280
2553
6985
5265
5992
10139
6626
6337
3445
5415
81
4273
4720
1745
4815
2217
1953
1645
9040
1851
7033
9535
5300
7988
1801
9410
10353
423
787
10296
2360
3439
6238
3024
8905
1357
3492
4948
8772
9468
5173
10113
5548
10248
8390
6357
1240
9672
8442
6435
5619
8487
4283
7129
9403
10130
3361
3602
7502
730
4364
2262
8630
1683
7794
924
9183
307
6731
9022
2953
230
267
434
3752
2906
8658
1609
3733
6529
8862
6839
3909
3748
1680
4639
8423
6743
5732
3493
7545
10711
7561
4191
6945
1578
9212
1512
4898
5325
3707
7948
10640
5097
6924
10707
1386
6084
7325
7610
9579
6792
10328
7298
7547
3757
6910
440
3928
3370
2604
2654
661
6904
1236
1177
4067
3993
5635
4664
5269
691
7147
2275
7654
5115
6875
2754
10196
2550
4986
9795
7241
9569
2794
3104
2042
2014
3760
113
5646
9850
10271
3044
4016
5426
8466
7720
6802
3901
8732
4814
5650
8458
6936
3653
357
7336
8993
6375
27
1191
3303
6114
6088
9426
4842
2964
9599
5759
9348
9148
8132
7842
2928
2180
2766
9409
1344
5693
400
9930
2538
7513
2850
6355
8143
7635
5317
9058
7660
1394
8717
4161
10561
9492
10553
10407
9442
6460
4437
6257
8636
8497
5086
7916
1392
10231
5080
4120
5581
6203
7618
1085
6734
2843
9924
9158
4278
9350
2150
981
2968
4935
1023
7250
850
4572
8427
5777
2984
5527
3741
3642
1493
8179
1981
6963
4729
4968
8498
6722
5634
57
3339
6028
3888
9037
1959
9653
9102
5347
2670
4608
2714
829
9013
2795
5964
3246
3317
9081
7804
5221
8544
2530
6478
7021
4311
7213
10479
8991
9513
4998
8593
6301
7085
6303
10465
4027
3652
3943
5492
10226
6572
9894
9508
3193
6518
7969
1062
2966
2769
9354
8233
5368
5847
7322
1969
9361
2291
8259
3524
10357
9643
10612
7394
1983
4792
5668
4267
9115
8581
7683
3868
4198
4339
6361
6264
8956
9636
3724
1458
6008
5766
2923
1633
10167
8829
7035
3048
333
7402
1253
2270
5902
1554
7490
1887
3353
3847
6413
6749
6347
3628
8107
4241
1186
6874
4855
623
9848
2160
10125
8985
1541
10685
636
4890
6117
8926
3897
4098
4083
4550
2939
9707
3376
5799
7937
6007
4528
5152
10122
1530
254
9660
3511
2245
6024
5857
7797
4822
10111
3568
8640
2930
8518
9229
6940
5432
6242
2725
7938
1377
8037
1876
2556
1463
3857
1380
2279
2417
2339
5982
6077
1042
9337
4885
3107
722
8974
7734
5413
4150
687
8951
5418
8191
7681
2166
6081
5837
9487
2756
7856
1005
5001
78
4078
45
393
9940
9598
7727
1663
1281
2914
3131
10413
9129
7965
9097
4268
7950
3664
7869
8566
4104
1160
10045
5288
5019
6576
6669
7051
4
5137
5346
9628
7620
1954
7280
7204
10022
9009
497
4053
6417
703
8796
1672
10614
8063
4169
3737
7406
3571
914
7139
9613
5095
7942
343
8340
7977
648
6696
1759
1985
7564
3199
3624
4763
1575
1273
1229
9740
6317
4467
3049
6042
4614
10603
2855
7141
5164
8771
7755
9837
8326
9823
2653
9654
190
9093
8776
9868
10137
1556
7859
8296
845
2461
8891
8918
4693
10336
5816
7156
8144
2660
5886
6685
5467
7628
8635
6624
3709
5709
5131
1756
6700
8389
10306
207
10700
283
3612
2379
880
7
9389
1182
6831
4065
6204
2517
8553
3881
2447
452
9012
4539
6729
4377
7056
584
5612
4725
9151
8159
3185
1698
7459
6237
7236
9641
8920
3161
7005
7838
2292
10
8094
2369
2458
2022
5870
10481
9435
10590
5596
626
1715
1362
4230
8749
6439
9932
5249
6515
7505
1509
7379
8501
5079
10299
389
9343
4135
5147
7002
6508
906
4156
9082
10039
4940
5308
323
9833
8184
6512
3661
10207
224
3012
3589
3403
9137
3797
10190
4197
1320
6154
8841
727
5620
3865
6528
8341
1594
9855
7941
5364
8315
2026
1602
5531
422
9214
9291
1144
8676
7261
4262
7707
3884
8459
4021
2001
4668
5199
2456
5904
9564
2170
4752
7751
8785
3997
1685
4276
9587
8736
7745
9036
1599
5296
746
7329
2567
2255
10373
7690
1545
2683
8197
693
6547
7475
2412
4959
7958
1946
1540
2494
7759
6755
3985
8626
5949
5039
595
7726
7800
4042
6664
9460
1134
5659
1443
9981
7410
4833
6674
8726
269
9765
8339
6121
9589
9763
10317
8645
7138
7467
7448
1676
6869
10318
3095
8229
4726
522
1482
2266
7925
3359
6431
8921
3312
7418
6851
6962
9919
8379
5953
6045
8421
3198
7893
5007
1734
1790
8504
1943
3530
609
4010
1219
5175
3659
4887
9713
707
9498
8258
2952
3703
4429
2091
4654
1861
82
9251
6913
3808
2623
9722
4292
7234
1560
10070
9896
8968
935
6250
4559
1461
3335
10709
1950
9640
10600
4642
4356
9991
9905
6254
3437
3080
7778
7742
5000
9005
8284
9619
5988
6563
686
7426
8445
3626
10643
7776
1224
5852
7228
7754
2351
8836
5626
1646
7077
2495
2477
1517
9192
4458
4141
3960
9161
8738
3922
3319
10387
9858
4459
9650
5851
5398
3313
3639
7593
10320
9136
5320
7070
4176
4821
390
5042
5112
5491
6606
747
418
1576
6605
9594
1890
741
7884
4158
7389
8251
706
9794
6843
6150
7164
5871
6774
2174
1479
9601
8399
3248
7380
1897
7558
1421
3351
10468
9726
6035
6733
9222
9690
1303
6590
1471
9141
9812
1130
3235
3988
4784
2641
6319
5607
1600
5663
10269
1553
10005
8883
10682
6863
7195
7166
3976
383
9724
9752
6555
9702
3956
1497
2314
7671
6695
2986
6545
2770
8335
6426
10410
651
761
7544
4416
3018
5073
6013
2411
9687
10183
1809
2422
4731
1088
1457
6445
5934
2982
10578
604
6732
8706
9499
7453
4441
6531
2944
8056
146
6946
9069
2202
2435
459
10505
4878
4269
6895
3478
6523
10258
8109
7650
10245
5406
3304
8893
8619
3644
897
5090
5667
4209
606
1189
5272
509
3640
4750
293
8597
6789
4514
278
4394
1815
4344
7990
9838
9544
646
7468
353
495
10276
3551
9087
309
4751
7946
2240
10534
447
5672
3932
7037
9632
7939
6717
4787
355
9245
4417
1358
7758
6438
5716
9063
7781
1689
9067
7445
8007
9648
5791
9175
8153
10270
10251
8192
6271
437
9642
9120
9034
2243
10213
6142
3501
6619
963
9577
5629
2457
585
3007
3287
4186
8787
7896
7486
8720
2308
9560
4710
1215
695
8965
9125
8774
9534
9572
1075
4929
2016
6537
5572
4310
1204
1067
9077
10503
6433
7032
3023
4383
1926
1216
4157
8978
10706
4119
466
8582
2711
7231
5919
5262
5676
10367
10649
3027
6984
9727
3701
3994
611
1399
2313
3381
10718
3705
668
8411
7205
5880
8792
7815
7424
5189
3774
3594
2167
2822
6055
5567
9184
947
8602
10366
6289
247
4695
7348
49
145
1092
6791
5836
2577
1708
7522
4644
9217
4066
4564
2329
8822
3938
3815
5582
5733
5846
5941
10194
639
8465
7766
10360
3512
1206
3467
6462
6397
5025
7176
9472
3503
1469
6354
5977
3071
2972
9274
2409
3218
9042
8605
411
6286
10025
39
5472
5009
1709
7944
5143
5952
8270
5345
1181
2576
3447
7417
4478
889
680
2481
8075
1439
8397
2396
3749
5891
8476
5995
2791
7013
5740
2783
8226
1757
9772
5843
9777
4423
40
5227
4473
5470
8186
3162
7705
806
802
5755
7995
4502
4087
10714
7063
1187
7934
7288
5060
6187
10200
2017
5353
103
899
8904
728
4127
4214
4061
8801
9527
2048
220
5853
5539
4271
637
4667
4735
8337
1903
2851
4807
5084
6107
2341
699
5261
784
9703
9047
1207
9764
9334
1217
5256
6833
8994
1860
4897
1020
8835
1618
7646
3307
1527
4753
9659
5747
3132
8396
10586
957
8325
7887
4134
5511
2350
9203
4334
7914
10302
399
2827
6273
12
5035
1891
8857
1276
6343
9634
1176
2587
7210
318
6422
6865
5855
200
2289
5874
9452
7979
10617
8976
4113
8111
5824
4872
6463
2380
3671
5931
4733
8409
2454
1693
9382
9649
4487
6527
6208
3328
6706
2616
9448
6954
1931
6968
1979
1338
9057
517
6279
6828
7093
7662
4988
4831
479
6932
1565
4143
3022
954
89
4446
5397
9845
4689
666
8151
3986
7912
7841
6493
5739
4239
8062
2969
9580
4281
8312
2525
9446
7182
8352
7866
8491
4443
8058
5034
3358
4462
8064
4895
3462
4694
2080
6636
10124
7317
1375
2346
242
8359
2267
350
8424
4112
5817
9321
7385
8481
1222
461
1828
5841
5862
6059
5110
8303
415
3711
2326
3635
7775
9914
9145
9590
6786
7556
1055
2473
9149
2025
3419
6153
1109
1214
3289
4114
5340
4658
6352
1881
4523
5399
7700
2847
3962
3086
2337
6763
8414
7082
5529
1684
1561
5267
3263
2212
2124
2079
9317
9269
10493
9857
241
2035
1587
2943
10015
10338
7902
4094
1581
9233
3777
9862
6294
4338
3978
3066
10172
7171
653
1834
4974
1779
5142
5807
8302
7972
7346
7215
9330
7634
861
8690
1257
386
5712
6021
1914
3548
3324
5822
7259
10542
8375
2250
6517
4951
8333
7310
8134
311
1021
4624
8152
1592
5291
449
3177
1614
3518
8059
5052
8580
4678
7122
8506
7208
7714
3892
1106
1294
10488
5614
5664
9267
8249
4217
5125
143
5205
7959
9551
6752
6736
7498
1086
4289
3322
673
5130
2721
26
4215
2038
412
8298
10348
8668
7078
9285
46
592
7401
5681
9220
7312
2294
7909
122
9238
272
8228
10153
8986
2247
2194
9306
4937
6147
4044
10117
7096
9271
4028
8813
6599
9677
5054
5980
5447
9937
6455
3597
2686
5323
3008
1626
8849
8096
6997
1104
4225
7964
4742
10441
8472
2579
1755
8225
5521
1127
2631
7242
131
2372
5763
1656
3440
9297
985
2902
9834
5959
9000
4056
43
5241
9514
3817
5424
10574
3299
3208
10079
7335
9627
2426
3788
6380
7604
8
275
8759
10169
8076
4713
2395
883
8675
1885
7735
3354
7588
9253
221
6358
1521
7572
4570
7216
6949
8833
9322
9424
7617
5455
3342
3874
7994
10644
10277
6573
8647
4492
8751
2490
3767
7342
397
93
10608
1343
955
6307
2172
4070
7520
7198
1080
9489
1175
6860
4575
3456
5673
5093
4005
3500
1624
5431
413
7495
2295
6126
9086
9711
8095
9296
10537
2436
7006
2829
4323
9533
1430
1688
3527
7206
4107
2428
1761
8737
7532
1038
1242
6144
5750
7211
3786
3077
6644
3641
3515
7652
9281
10449
872
1917
6491
375
10678
9372
5139
5738
10615
8105
10155
2402
10549
1764
1928
5192
1691
6961
180
6291
5557
6775
8542
6241
7464
4867
4661
482
8162
6410
6982
4223
7796
295
10546
6507
3804
2844
1444
10369
3413
7824
53
4841
1744
5336
2110
5285
456
683
7892
10611
2054
2736
5377
3197
3736
974
9430
1775
694
612
6655
4688
4560
5357
2152
5561
1476
3483
2820
2090
404
8725
2674
5219
8388
8936
6663
6956
5979
5448
8217
8016
3895
10135
9607
2301
3392
5590
9767
9015
10116
10428
8039
3082
3128
2897
8983
712
2593
8927
7254
6688
7111
4477
2954
9413
96
3489
5276
28
8502
9438
8174
8790
5714
2471
2912
607
1284
2134
7041
708
6660
5864
3930
919
1170
134
1101
2813
5936
8734
996
8069
335
3164
5218
1272
10672
9152
892
1342
1049
9310
7922
7469
9562
5793
7366
2248
9098
5395
2466
1532
1314
1869
9602
8536
9268
10212
2561
5172
1024
4728
7913
10179
5306
7820
1256
3115
10462
7117
1787
8386
10088
9530
8077
6429
2586
310
1505
6772
6468
8101
9349
6394
286
4192
2419
2056
6600
4482
6235
7615
6566
7120
6991
1751
9305
1081
1770
6322
9176
1866
4175
3532
1071
6363
5927
6569
7777
1065
6822
2797
3367
6282
4985
9043
2710
4625
1448
7038
3148
828
10177
2540
2786
1601
9689
8372
9289
10362
2221
1407
4228
9027
7296
8786
936
7143
2464
8697
3428
6449
3054
280
10244
9715
5554
1839
4232
364
8167
1228
6975
112
4250
10158
330
9965
5840
5138
7268
2926
4769
6753
8261
10003
8110
994
6470
3655
7730
647
9531
10216
9414
10008
8938
1535
3178
1722
2524
1924
2049
8622
3939
1791
1577
5540
9543
7622
4934
3256
3154
5023
685
2386
1467
4673
9230
183
4820
8203
4252
2382
7613
9970
3520
3794
3569
317
5268
9908
8392
8268
2572
2505
9437
4080
558
594
6058
6189
1920
6812
3662
5250
5015
1871
8687
9006
1044
8448
8468
5999
1167
4563
7578
7799
5259
5796
4033
7711
4100
10478
5594
866
1741
1998
7715
9902
2578
9864
3866
8768
6308
1508
3377
9608
8803
2558
4305
9443
3608
9802
915
8395
3725
8061
948
7352
291
8699
1422
8227
3122
9956
2917
2204
1620
6031
10347
8539
4314
714
8156
10525
7169
9680
4696
7729
10719
1263
6038
1488
10625
1874
6026
6562
10664
2732
681
10262
7263
2626
7926
3603
1562
4372
1606
7703
6123
1855
4588
6379
5088
1008
3643
6128
913
8515
3414
6782
3630
3614
367
5578
10319
1239
4406
2136
5247
4261
8702
5307
10609
1821
6082
9395
3102
3729
3770
3853
7320
951
1657
6390
8859
10417
7136
4877
8811
7669
2281
2646
4765
2429
2468
8666
4730
6986
8454
7463
7917
9980
3262
1984
3981
10062
2030
10675
3714
863
8520
10437
1611
5204
6030
2985
8029
6312
9412
4047
5785
260
7666
10381
10000
3554
5458
2759
10063
1625
5801
2233
1387
4850
6206
10180
6425
1605
1066
10720
6201
7517
4384
8418
6091
3587
9146
9959
7304
10297
8880
5314
9704
10253
1198
1107
688
6048
6631
10322
2084
1162
6834
5751
2391
10333
2784
4444
1766
331
8348
5433
2647
9705
6742
9846
5606
7756
4138
8355
7568
7197
5
1817
1280
10078
8213
7178
8967
8799
7362
4307
1022
9774
2698
1372
2465
5017
2918
4431
4309
7107
8853
964
2765
4374
7330
5414
2871
6068
178
7672
266
10286
5302
10246
2656
6109
10195
7478
922
59
7538
2609
4343
4399
3341
4022
5768
8712
9836
4038
6625
5616
1837
1573
5765
7157
6143
6551
7124
2053
25
3013
1993
6519
6110
4518
2055
219
10433
1292
4803
6709
5496
3734
5280
7765
2518
8508
10580
10103
1425
6593
4097
5067
1184
6916
9279
4721
2081
1906
9404
10570
6805
10358
4297
3732
5875
4545
3539
4794
1652
8223
768
4246
6215
4410
1669
1610
5907
6018
4026
500
731
2878
10334
4123
4368
228
9750
771
5071
3020
1255
6248
10359
6051
209
1934
10684
8900
1935
8827
240
3422
6442
7243
5845
944
10494
5493
1440
8013
9835
7011
8764
4595
2544
1004
7266
6378
4629
9737
8850
10438
2715
7611
8460
5621
2701
8419
10448
5896
9122
4984
10285
4840
5119
150
8177
4704
9088
6459
5474
9089
5718
5814
7770
6595
2450
9832
2399
3471
1366
3070
6617
9964
417
4772
3430
5389
4037
1875
8027
7749
825
5985
5788
7281
164
5105
1459
3756
10669
9666
1230
10630
864
8870
9517
7541
10171
7718
7428
7807
9237
10495
871
2755
3713
9986
1655
10392
10019
2130
2186
7962
7150
8382
9709
3484
5526
13
5703
6505
6365
6738
5642
203
649
891
6305
9537
1845
3521
10631
9190
371
4623
68
4681
4140
5921
4193
2555
2988
10295
3654
8575
5047
1907
9422
189
2790
2720
5252
6756
7907
8264
3722
3793
6699
5489
7809
8592
2497
9180
4884
7852
3205
5653
3466
4846
10463
9982
10584
9163
1194
7998
3338
7879
10109
4706
8470
1880
8805
4761
6155
843
8244
8125
5286
10442
8556
10604
4391
7255
9394
8616
1941
8216
4142
10082
8718
1249
6037
2580
7693
4351
6448
511
709
2515
9539
3989
6989
17
2900
3292
5509
6567
2758
7411
9094
7905
6178
2094
4839
5513
9431
5156
3031
8783
5697
1138
8135
6139
5854
5146
4866
2225
8115
1371
8662
1238
5497
9447
6710
6469
6758
8546
8467
5165
1727
2695
7900
2893
6300
7153
3591
9166
767
5604
5961
4648
7621
1961
10395
9021
1538
873
7968
3843
10408
1783
9485
10197
8953
6726
1420
1361
2364
7270
2977
1660
6794
3846
7737
1112
10377
10551
9123
7524
187
1588
10588
7256
4768
4580
7202
7901
3771
1053
4912
2738
2015
1948
1137
10482
2887
5094
8433
3787
6412
5162
7189
9453
3098
9604
1163
9445
1409
3789
3964
3702
5574
2796
8840
1286
3184
7511
8148
6186
10452
1911
9779
1147
4238
7955
9615
9254
339
6226
3745
5748
10701
721
5889
9133
9876
8070
10326
6801
4373
5536
216
321
4513
6741
9804
7719
6579
6138
9425
7616
8984
9954
2528
2268
5577
10717
977
4891
6102
2226
3065
7174
4057
8366
8138
1309
4474
9829
6506
6704
123
5237
1145
6591
2856
4854
9540
8444
2451
2867
3398
3921
8116
3343
4899
5744
2058
10294
9415
9223
6087
8834
8149
3535
4896
7009
1304
3495
10182
10432
797
5789
561
7509
2764
3222
1965
2857
4947
9735
6846
1185
5264
7779
8220
3627
381
6714
1171
911
4775
7641
7624
7388
10414
5387
4930
9861
1436
5784
1250
7383
3320
788
9911
9143
118
206
6256
10121
4400
4923
6570
4838
2018
1417
10247
3232
10591
3718
5166
5430
1574
5483
7771
9433
1400
8000
1418
735
2076
2581
7199
598
8767
491
1500
3855
3947
7249
3453
9957
10086
6466
4506
6314
2875
5045
4659
8969
6584
8462
7483
3426
5469
6287
9277
6025
4365
8812
458
4211
2096
5480
6995
10376
2181
10601
2033
9556
4547
