5854
10144
933
7548
10118
6433
1664
7128
5726
1079
10634
10368
2643
9207
10714
7985
2789
255
8446
5371
3478
3854
1074
2223
1147
7508
1675
8528
8167
5530
1129
9299
4156
7188
8559
4546
9423
10153
7568
4447
6549
5747
3932
2363
9203
6075
5718
7098
3387
2455
3841
74
6893
5192
3804
8770
10555
2324
821
6637
8480
6193
4736
10240
9409
501
9574
7892
4178
2342
10111
6014
6238
1686
761
5753
2226
2870
8301
7779
5490
1827
6328
8872
7952
9364
10054
4567
9507
3484
3284
8729
665
8841
689
7951
8232
88
6132
5865
6046
5458
1306
5953
3011
6977
8921
1565
6420
2330
9447
2492
6367
9435
8943
8572
5656
9820
732
6423
9313
7263
332
2115
5703
2616
4454
5098
4199
840
7995
1252
9355
7122
2149
7702
9505
3813
551
2220
2769
9863
5964
5
9560
2028
7113
2940
6489
2041
3065
10164
8332
9138
1709
3375
8016
8529
10716
1705
715
283
2042
4542
711
1124
8793
4008
4044
10105
5044
4976
1792
4876
4831
4151
1313
2064
2278
2664
6457
1862
4170
1657
7778
1933
4596
6332
8896
4756
6213
649
4934
8779
1846
7323
3060
4059
9739
3152
7067
1196
103
161
8815
9748
7407
803
9280
6956
6635
980
8973
7666
9143
10652
2632
8125
10037
10066
9674
3594
6166
10090
6299
10717
148
4676
2652
6335
3850
2025
8763
3729
2567
7549
3801
8613
527
6948
5986
7488
6497
1070
4440
8319
1498
8362
8636
7334
5787
927
16
4298
3486
5330
4424
3980
8537
7371
4288
290
5582
5144
4043
5043
9874
10659
121
8384
6446
2915
2565
5779
7761
8599
7358
2328
9920
10039
1884
1421
8205
1096
6279
8689
10358
9686
3886
9130
4375
2030
8400
6909
3641
1698
22
5245
7300
3778
5495
4031
8006
6148
589
9315
4839
1522
10720
5826
7748
7994
7163
6913
7092
8972
10336
4877
4512
8460
6707
9614
10394
8263
2076
4242
1089
525
702
377
654
1912
3735
7232
8941
4995
222
2349
7831
8095
4049
6353
9397
4710
10320
2099
5367
6477
8214
10172
3473
4841
2023
1809
9969
7182
2853
2108
8162
3962
4256
4919
9586
5661
5182
4125
902
4629
3974
1495
8339
8952
4264
5516
8628
2183
6976
2546
7307
5123
8485
5312
7645
4002
2389
2927
63
8175
1057
5151
596
4529
10029
3405
5234
1262
9641
10391
483
558
3048
2318
304
5171
7626
1537
3643
1004
6895
6634
9451
8003
10271
9789
6197
166
1454
9149
906
324
712
1276
9924
9738
4708
8784
2110
2583
9319
4825
1661
8377
4171
1428
1095
8381
186
5352
5046
3971
1142
3712
8703
6779
9775
4530
7209
8844
1838
7315
8292
3338
2409
6632
4213
2069
9741
6283
212
8141
6662
6765
7284
2793
9434
6795
5113
9011
2662
9081
4113
3910
4409
1934
9422
10143
9047
3047
266
6056
7754
6654
6890
6019
9666
7305
9041
835
156
1488
3704
3458
1400
3482
5497
1409
1822
9095
7706
10514
5737
5460
7143
697
2007
4864
2097
9242
7116
8423
2496
4597
6329
7635
7354
5181
7919
4295
2980
3719
8144
7738
2272
892
9981
2420
5828
1274
6615
2843
4249
4559
3007
9100
3304
1239
1521
9323
9433
1568
4062
1478
1806
1851
6985
9623
2871
4519
7677
3287
4945
6658
1650
2280
11
9592
7871
6838
5007
6199
3328
123
2763
4226
9694
7091
4116
6504
573
6943
1796
9342
8760
6045
4211
8397
1872
7998
9784
5402
8265
668
7648
8206
3926
7491
1217
2124
4859
5097
8118
10700
604
1106
2292
8589
8591
10623
5874
6743
9948
5147
5613
1706
4666
279
3675
1891
6174
3026
9818
9212
9488
7316
3648
8648
5105
6364
8660
8540
10340
9353
1429
4134
3580
6693
6885
5960
4423
4312
6450
3057
370
9146
4975
7094
8320
2728
8520
7051
5023
7735
2939
2992
706
5267
3764
557
9121
5084
2314
1410
7333
6854
2148
3331
5575
7011
7695
5694
8235
5944
8582
10423
6265
812
1626
2211
3617
7697
1913
5469
2155
4557
218
606
1381
9721
3414
2128
3635
1013
8876
252
3686
9373
9036
2019
1431
5593
7969
8402
1617
7899
4750
3531
9259
81
6826
3583
7877
2945
694
3513
10593
8112
7156
5008
9306
9597
1034
10306
4572
1890
269
5111
5077
3035
6714
5773
10072
2490
7392
8765
36
1625
9160
2146
1110
10677
865
313
5397
52
8853
1030
7282
2590
10655
4603
3251
5104
3312
9360
5412
10612
3018
5246
7764
705
5179
9175
2258
10315
5577
2756
10489
770
1804
8264
1684
10108
9445
2571
4555
7416
10326
2338
1666
9425
8607
1713
597
2444
5717
3330
7844
4065
9248
1924
7470
2780
1526
8830
6993
3739
2180
8990
10346
10076
1386
9496
5581
6587
2772
8758
26
9877
5807
10292
6300
306
9215
7078
4286
3943
2649
7990
5331
8255
9398
4646
9809
10410
4600
7547
3879
9554
8708
8503
4592
6221
10468
1810
1577
2932
6267
6741
3747
2830
8108
362
7451
1731
7173
4017
6739
229
2689
5120
7125
8571
7111
7473
989
2760
807
10181
4747
4598
4759
5734
10564
10253
6116
791
5632
9384
15
2381
9828
1466
1992
8249
446
10507
5178
10709
7576
1555
5135
6556
3219
248
785
9052
118
5938
5989
3169
6100
5265
545
4084
1103
5628
6673
5223
5092
6715
4036
4336
9284
811
8865
8250
10542
8471
1100
4671
10521
5586
7090
5307
1960
5952
7828
6624
3140
2494
4878
4056
2367
5891
900
1159
413
8407
781
5503
7313
7297
5702
8440
7204
5354
2111
2433
3707
5264
9711
2597
8796
7781
10106
8808
5615
2582
5141
8860
1787
2163
6392
6881
6920
8546
9831
8893
4791
10176
8128
1745
9679
793
703
3709
4653
10148
5293
9501
6262
10402
1714
7574
4543
2994
2158
3770
8813
757
2816
4943
6049
7929
3170
3429
7012
7546
4412
6744
2540
4879
4582
10550
7615
8406
6852
140
2043
4802
6668
4457
4959
541
8877
5224
9455
518
5730
10662
9850
7053
1101
6188
584
6957
5589
8869
10412
9508
3121
249
10279
6402
9618
3941
2622
4422
6498
3963
7594
5377
4693
6381
3147
1005
9974
7350
1489
9045
8692
3669
759
2185
5880
4491
9995
4884
746
10651
3113
10401
5543
8593
5209
857
7554
3883
9558
427
9459
6988
4665
7683
8111
6492
9526
4103
2230
7583
10589
3056
9847
7330
6473
10573
7696
4664
5647
10324
7596
3398
3545
1735
6946
7429
648
9183
1414
4356
6501
8734
6577
5612
5696
3518
7945
1691
9279
1404
1766
2713
9988
7120
622
9915
1010
593
877
4330
5743
2958
1416
9930
1641
8771
8181
5465
7340
1279
7385
3911
9566
978
1090
9325
1263
194
2819
8274
250
6021
2335
638
4804
7149
7586
1859
4404
8733
4034
10516
1212
3529
2333
10211
8273
2270
4
961
9268
3961
5913
8721
5405
6833
6135
5425
5254
7348
7337
3108
6799
10114
8046
9059
7768
8983
10510
7770
2221
10479
4106
6980
8191
9547
4504
10296
9611
1823
3086
274
4087
4119
2184
4155
2595
1886
8996
2801
4703
4643
10337
221
3457
4317
2446
8629
3224
1083
8530
4086
4517
1420
6664
8953
613
10646
1297
7745
9868
4905
108
5507
8848
8257
3856
6830
3039
6853
7368
3568
3052
10188
3605
6176
8805
9260
3738
10643
5051
3731
8742
6079
4973
7818
7703
8437
8323
918
4176
7005
4097
971
9075
958
6758
4291
4820
5263
7159
8594
2866
2672
4110
5574
3342
3665
1777
3356
4740
443
515
6581
1150
6372
7622
5069
2868
2640
7861
8661
9211
4470
5898
6866
7137
3090
6509
726
4727
4448
10706
2012
3044
2602
8632
9393
7511
5841
8959
7539
3407
488
1864
7417
4107
4027
9367
1128
5754
10380
514
6733
2478
6139
9682
3857
7708
10247
9599
4233
2296
8051
576
947
8620
484
2810
5904
369
4650
1388
3215
2154
9951
3831
780
3745
6181
5274
10395
4604
8318
1350
5418
4508
1214
1227
4733
8065
10552
6155
3689
5040
1682
6107
1136
3957
7312
1368
372
6607
5583
1905
6105
5444
9417
6030
5566
5189
9287
1609
9692
2356
9882
1939
1535
4744
2770
9954
9137
4340
2109
10064
6813
7525
4993
10633
8780
1554
8926
6184
7558
9958
9562
6698
2327
10158
3496
2889
1051
9317
5973
7688
1459
6409
3615
6115
1140
1505
3404
3959
9626
8745
5563
3559
9567
4338
1238
6123
8706
4160
83
4078
7797
6503
2269
7023
4680
5493
4525
9591
10202
4989
6263
9534
9975
8810
7409
7453
6258
6028
3424
3459
741
8883
7943
2203
1232
953
3212
3000
8920
4614
2112
3162
8216
2477
8324
7364
6152
307
3506
8642
2250
4187
9186
8239
9774
2849
360
5778
10389
9719
5921
5552
3996
9066
7624
1250
7157
2525
521
8826
737
1348
1703
6091
5739
6955
5740
1504
4300
10094
303
7649
3358
4954
6704
6112
1842
9117
3397
4273
7532
4248
4258
2961
3936
348
3839
6141
5461
1113
4737
4285
3243
6994
247
8416
1694
10545
10472
7933
10572
9173
2738
3306
4738
6505
7215
375
2439
10174
561
733
4207
3612
2253
9763
8372
719
1758
2981
1366
5038
4360
7432
3186
8166
10012
5232
3685
4388
4835
9695
8651
8442
2604
1993
7854
3089
504
1353
4809
3004
5212
3988
8135
2975
4700
8357
7623
6140
4014
2479
10155
9798
5475
460
1865
7276
5299
7226
965
2290
2480
8604
9587
5160
5208
3581
3554
4498
3368
9918
2676
9194
7987
9271
7306
6510
6667
6326
2852
4364
1331
9232
3805
4328
5220
2387
7395
7040
3136
6629
8573
2865
3475
6399
1355
3295
2906
1016
4293
4319
9555
7890
8353
5764
508
3840
6630
653
4783
8778
6194
7524
1780
9120
5528
8974
7262
333
7538
7431
6208
8484
85
4186
8183
2362
2130
10139
366
7279
3184
7068
9732
6286
7275
1285
3992
4637
10110
5304
8325
10640
1870
6060
4871
2029
3369
3227
9982
9943
5912
10554
8494
9642
3032
4787
898
7439
463
4910
6827
9444
9779
4882
8248
5431
3415
9412
1770
4781
9403
10434
4652
2002
3639
10524
8892
7755
312
6906
5398
6447
5439
4808
426
5024
6209
30
7904
5255
268
2938
9141
4456
6426
7386
4057
1434
1022
2438
7019
3357
6230
10591
5188
3111
6686
3642
3540
1038
3607
7406
7924
1794
5230
4988
7607
206
7202
6491
5213
7027
9675
4818
7289
2228
211
3698
4026
8331
644
7370
748
47
4927
5886
725
6038
6717
316
9292
7352
7505
8427
10015
8987
3456
5752
7887
7357
5782
6559
9670
1219
6374
7823
1266
10369
1546
6550
8002
5816
236
6702
6703
8825
6661
7693
9531
3341
6146
5256
10424
5437
7782
1491
7496
7211
2464
6772
9002
8492
6076
9407
7266
10547
945
2837
8992
5852
2995
9371
2344
1558
1139
8294
4615
7907
7402
9892
8579
3978
1176
6130
9019
8158
3952
571
5653
8421
5219
4180
3780
930
42
1511
4511
7710
10302
4439
6379
3237
1443
9570
6849
34
7714
8371
8622
7063
5353
6369
1762
235
6318
1359
6033
1921
9500
7625
80
4198
9076
3787
1134
9165
2066
763
3991
7274
3236
5258
3218
3949
9795
8161
183
3480
8099
8950
8899
5481
3900
9984
8261
6341
4936
1076
9925
578
1707
44
5924
2553
1026
2332
6561
6930
8790
645
4268
8458
10459
7578
8991
3869
2196
9485
7804
10061
10632
9814
6382
8463
4638
7238
5736
10666
32
7531
170
1938
9571
8669
10167
2829
336
9866
3119
2845
8543
8506
4274
105
7441
7527
4484
8385
9210
3682
7448
1904
4716
4310
7189
6039
5864
1052
4892
1539
7434
2673
8116
5940
6483
8157
9584
782
6418
4055
4029
7986
96
3654
6459
7318
4385
1324
438
4998
7003
4278
4329
1506
246
4941
6391
4241
2634
8411
1011
7033
8081
1341
9227
6644
6862
8213
5247
5927
3139
8965
8114
1518
2708
9749
7346
8310
5640
798
724
8907
5329
693
9528
3438
9328
9997
1308
4717
3468
8140
7670
1926
9139
7141
128
6044
1460
10501
8450
3771
3947
2812
4265
2198
685
3691
4041
2009
1631
9594
8939
650
1424
7373
9195
4128
10104
3901
6164
341
1821
5345
3640
3340
6131
7248
5942
1092
7939
6047
6773
10175
8462
8895
2841
7356
6384
4900
6971
5216
8012
7814
9411
6877
8797
6688
1512
1725
8121
9321
10694
5873
8542
3283
9058
3814
8698
1483
4860
7487
8744
5767
8418
7836
1178
2656
9414
1752
3973
5231
4644
7974
5660
7570
3177
2690
10590
4589
5416
24
1979
9263
3082
8180
9854
2669
8489
2718
4092
8266
1643
2758
10041
1367
7101
4307
844
3638
1749
6520
1362
8040
2815
9959
9921
1857
9805
10128
6316
136
4351
4476
7780
7839
10406
4914
1826
7680
8349
511
6728
8313
10107
10194
1405
9278
7106
7015
6396
2802
5603
5243
3985
6816
5780
6947
8786
1579
7647
5937
5050
1874
9791
3659
6178
8502
6397
8340
5347
8464
2233
8855
3670
3182
1988
1677
4632
7172
6911
1659
10103
5349
8124
6034
4313
4497
6939
1130
2863
7805
7037
6330
7664
847
9112
8756
4865
9352
870
9653
7374
8807
3293
2216
10465
9288
7268
8058
1618
10513
2463
267
5101
1398
8746
5916
3151
9150
6405
8803
1811
687
3789
2341
8300
4628
5751
2141
10477
7718
9439
8979
3493
7224
485
8539
1624
6011
8511
2965
9197
1318
2714
2426
1909
4987
9964
9510
6687
4446
10375
1427
8687
3348
2663
3557
6611
3131
1779
2190
5238
595
1743
9024
792
9472
4259
10145
3537
8925
3339
9813
1995
3668
1009
3298
998
2437
7629
2431
5017
6099
8197
2862
6722
9481
7454
6972
1543
10649
9356
1973
134
2
8468
9514
9723
6676
9564
6596
9231
6616
9966
9891
2560
9285
2759
7381
3757
2170
5091
5658
387
3024
4655
9074
456
10162
6254
4938
2243
6244
1457
8163
6240
3054
4718
8443
5644
999
6840
3380
10597
3812
6527
9760
420
6880
2876
8693
2811
5190
9147
5137
8368
10436
10570
4079
5129
9473
800
2161
4926
4521
2489
8769
7602
1727
6027
7445
5483
9785
5064
7069
2419
1205
2308
3464
5165
4192
2008
10471
3395
1977
1497
8293
9335
3015
8447
5715
5576
243
5396
8623
8906
1740
9568
6048
7041
7035
4005
827
5949
2034
8199
8701
2706
2644
9339
9632
5228
5090
7468
3724
5713
8119
9038
6966
8828
318
6768
39
1855
1309
49
4353
7610
3183
1275
172
7946
7256
4897
6356
5459
8658
2072
2743
7459
2977
4468
1319
5606
8429
331
3915
8811
9759
3320
1315
4725
4164
5442
6249
6443
3811
10432
3934
9941
477
10338
7766
2229
287
10333
2144
7469
2550
8526
7076
3785
6280
3994
9825
9430
8878
137
2703
2891
8595
9937
10422
2783
6958
10592
8676
9552
5761
3286
7258
2745
8155
6512
232
4123
8614
6214
6333
4283
3233
6004
1776
3576
1716
8697
8110
1301
4566
1943
9031
9491
3009
476
1487
87
10441
1469
6996
7741
6289
9275
1696
676
1347
6414
5336
8287
9133
9382
4389
957
9177
10273
10303
6270
5447
1144
9755
7855
4069
2432
7942
8737
10462
1849
1908
3431
2304
3143
7455
2046
10109
2442
938
6973
8496
2716
7867
4337
8104
5277
9610
8994
3201
9733
9545
7252
9800
7846
5393
4150
6344
1012
2747
3133
5350
1944
5276
7577
10546
5047
10250
2976
9999
276
8933
7328
4133
4683
7290
9009
8033
3833
9871
1615
4344
9878
9291
7479
1184
4642
7419
10508
8852
6390
9633
322
2777
873
9119
9518
8999
5126
6101
9477
4003
6431
1024
2006
10021
8711
10637
5635
6437
8378
4421
1741
2337
9802
3533
4950
5833
10025
7934
4466
819
3278
6847
8750
546
261
940
5025
6043
8679
2073
2655
5521
3851
3870
3033
10419
197
5445
7387
926
1671
923
6121
2302
2883
3178
3235
10053
4526
10686
3494
5804
7062
10379
8210
4449
1592
8768
9826
8949
8038
4311
864
7799
241
5872
8777
6539
10485
3756
9314
6084
8976
2119
1311
6753
5559
7752
4607
2241
10708
6513
1611
3187
1380
911
492
8736
10291
9579
3288
5426
9900
4303
3596
1329
9042
585
7599
9252
2894
3586
1854
1224
3446
9881
8536
10203
6242
3302
4730
4749
1122
9025
7783
9113
3160
3488
4593
3118
4471
6196
3881
2970
4240
8202
2548
972
2407
833
5074
4977
9762
9778
288
10527
4561
6192
335
9923
9718
4855
5950
3442
1240
1135
6689
1584
3408
769
6842
4844
10454
6156
5060
1412
7521
8291
5648
4674
5721
10269
4453
709
7582
5011
4395
6025
3507
6436
352
7245
7104
9912
663
4577
9001
4785
7923
2513
7760
9756
2999
7492
5555
10641
9449
1712
2284
5681
3532
4617
797
5235
8601
6499
7167
686
7973
9385
4250
2482
8355
8751
1549
5768
5087
10134
553
5453
5620
4378
1898
8850
8946
3692
6518
10277
9350
1448
100
5385
7097
5297
600
6997
7246
2983
7966
3608
273
5971
8583
10274
10506
6719
5533
6163
1201
5042
10002
10135
8891
9406
6546
6153
9171
5004
3736
3878
8985
3214
5562
8098
7299
722
1364
716
6219
5413
10578
1371
4584
8228
10156
4410
104
7722
9687
986
7921
5542
6507
2960
3956
856
7110
7201
7905
9535
4649
201
4299
1047
4681
783
7879
616
4719
5682
6736
7384
2605
5679
9205
2411
5659
7322
2556
7309
775
8720
2947
2514
4692
8341
7294
2212
1181
3762
6202
2197
2520
5690
10619
9005
8044
2172
70
1015
3038
4956
1342
9712
4689
2717
8309
464
10100
3081
223
8149
2086
7832
8225
9698
4852
3921
1866
10712
9057
843
8681
9890
2930
4996
9072
2667
4928
9093
8728
90
2050
7922
10553
7415
8656
4554
9226
111
6062
6910
9085
8438
10689
9106
5709
10235
10504
1121
6734
1035
1653
8857
9621
4238
4893
9812
1932
1269
9480
575
876
845
1739
8798
9729
9369
5204
7489
6962
2809
2079
949
4091
6575
3584
441
386
5578
353
5723
293
3969
2913
7656
6204
7801
8772
5505
5845
10381
7446
7737
10617
3884
5499
10600
7242
6284
4188
3046
2398
1852
2575
4685
10282
129
7886
7837
5774
10481
7709
7411
6200
6395
3551
2060
7367
9303
7504
767
4435
7187
1585
5324
6228
8271
9079
6191
3726
10074
7047
9154
7272
7481
9689
7949
8370
8168
5117
2447
8674
3168
8383
3094
1265
3273
2405
4475
479
6968
4129
4699
1652
349
6425
8417
7255
7502
5061
5139
8761
359
6555
8338
1077
9029
9859
9329
550
8694
7191
3820
7449
4524
5569
3788
7021
10329
8303
9663
2671
4924
8365
3091
10603
205
7588
10142
2013
5036
7422
8185
5282
5817
9894
2016
5155
2944
9340
612
231
18
6009
3346
526
7251
271
3696
6788
1582
1990
3903
3760
7955
10631
9246
8063
5400
1078
491
3740
8330
7412
5362
524
10290
6198
9376
4742
8873
2702
1333
4381
8928
2638
6296
6610
2288
5630
10339
5686
7553
5428
5382
6227
2570
6474
5853
4455
2554
9765
7898
548
4821
3394
5227
7848
5875
3002
1209
9441
1194
9061
9901
9504
6303
10050
10238
7344
10289
4417
7234
9394
10594
10149
239
1690
10223
8569
534
3524
10366
2541
4251
3101
10616
8470
2306
10184
2131
1647
10070
9777
8367
9483
3644
5195
7819
3703
2323
5649
5922
10239
1633
4547
7515
6095
2005
7280
4654
6210
1045
2294
9308
2049
8522
8242
8379
3232
7223
7261
9180
10528
6991
3577
7264
10464
1883
3521
7644
8223
3621
8189
380
2047
2654
1401
10698
4797
8752
101
6440
1152
3
28
10560
3037
3954
2032
112
4461
9980
3193
10255
4922
8819
7964
7369
1964
199
10558
1784
3174
3146
9630
5102
10286
831
5900
1717
6125
6600
1116
1935
2399
6346
9192
1832
3919
8350
4383
8880
8055
9381
8364
8960
6603
2488
6102
6336
3461
4735
7216
4585
1955
4365
6894
6682
132
4067
8955
5014
29
10201
9476
2421
3893
9627
10574
4923
5473
7851
3578
2527
8218
6073
3573
1761
3122
1937
8644
9962
854
1484
6478
10316
1785
1982
690
2805
8299
10498
3661
6424
7377
1971
6620
9234
6776
1715
2661
8457
3595
994
5451
908
9691
7584
6805
10345
7557
9022
4324
7815
6408
4721
10095
9312
3763
4704
10491
8204
8
1109
6750
8557
7845
2857
3384
3386
1966
662
8735
1048
8715
10036
1517
4803
2319
6308
10055
8704
1256
9188
5803
3916
9908
9178
642
2058
2699
4516
863
4081
10335
6951
6496
5198
457
4986
8454
8448
5631
2591
6430
3561
1630
281
6737
9851
3217
9267
2757
3125
4896
8888
3829
960
4536
6087
4488
68
8351
6223
6069
5765
5843
8791
9596
8909
9063
3562
750
7800
3743
4698
8115
7928
10648
2549
7363
7219
2366
5514
7458
9347
5088
9898
3793
9605
5738
939
5687
1361
7501
10678
10178
4984
4751
6434
9575
10428
9992
10252
9410
57
6558
8061
1925
6590
10582
233
1970
4506
8678
5625
2648
3766
2696
5525
6339
9902
9258
1084
2414
7171
7906
771
69
8510
5278
5488
8345
154
6684
7031
4367
1871
5981
8731
7225
9933
3014
1179
4951
623
3165
2385
5112
5884
5020
10693
3984
67
7941
4322
5021
8821
10033
6337
6278
415
1195
6701
651
3345
9942
2126
263
5890
6764
7717
9524
5617
1040
555
2586
6523
5883
8244
699
10263
5236
9077
9221
3428
6386
4932
478
2964
4571
5086
7423
7720
6786
6666
2735
4284
8041
8134
8479
2312
1928
5018
1189
5936
145
9976
9311
3173
1415
193
1462
9490
9740
6305
2213
8405
3925
925
10280
5468
327
6212
8311
2991
3777
5595
2687
1033
8822
4729
5766
4272
4376
788
1791
8282
406
3520
842
1377
8901
7564
4009
10125
7657
872
8513
2495
5462
9179
6186
8321
8538
8488
4080
7544
4942
2585
9254
4760
10605
6366
3465
2767
9715
7545
5941
1080
10165
7613
8241
4194
5673
6864
8401
178
7893
4857
10449
6246
1616
8420
6628
1302
5022
7563
4072
3325
608
3802
7494
10133
1182
4955
7612
4494
8988
3680
4833
3582
6650
4657
3982
9068
7910
10016
388
2153
2188
6400
1335
2842
2505
2027
4212
3374
6385
7443
8352
5522
1107
2452
4143
9720
9111
7335
10615
8085
8610
4563
3570
3637
3742
177
1667
9463
1663
8787
8913
5454
1765
7740
10312
5386
2516
6697
1215
1317
7339
2686
934
9946
6070
2116
5041
9747
8037
9262
8094
4411
4824
8295
3310
8514
9440
1492
3355
7366
6588
10502
581
1591
7686
10645
1197
9932
10325
297
671
10544
1422
10415
428
7378
868
10372
8866
4019
5750
8036
1470
436
7601
7105
10487
3074
5332
3362
3695
4001
2191
6886
10484
395
8316
538
6468
9200
2274
7606
4332
3350
9947
3158
2722
7689
9953
1808
3402
2075
6935
2133
4648
7838
3075
141
8859
7004
4068
2457
9561
500
5959
3687
7043
282
5749
8004
1193
9250
6619
1235
8956
5995
2102
1502
10007
3410
2011
10653
6823
1604
3296
7746
5152
10173
6255
4925
5013
2152
8738
4006
9388
7472
481
7281
8566
7130
2289
7332
4587
5642
6763
6534
1183
7181
7721
4230
6119
10676
6453
6349
6180
453
2609
10018
5567
364
5643
3181
459
5270
8087
4093
6467
8029
8725
1192
4872
2206
3786
9827
6480
5446
3372
774
5793
5584
9987
10425
9767
2990
2529
9240
3129
1899
7427
7552
1287
3834
10660
433
804
4486
2089
1603
2428
10665
1270
4400
7444
151
10200
1123
8655
3049
1310
408
8107
1202
8754
1370
3566
6224
6444
2618
6723
6819
5474
7864
8312
3852
4478
2369
5140
1102
912
300
1737
536
4834
7478
2466
9585
813
1387
3611
5085
6903
2222
4060
50
3466
4696
1949
7199
5623
8455
10457
196
6937
5903
2245
2859
4316
9690
6883
3145
5517
1155
5859
5510
9903
3706
8548
2424
3400
8097
286
602
4702
7071
4290
734
564
3021
5075
9125
5337
3505
8215
728
9929
5704
5698
3824
7891
5166
480
3498
7739
5485
9876
3527
3199
9343
6082
7500
4239
6809
5665
1678
5594
4732
5863
6769
10150
8723
2263
2045
5857
7257
3264
6243
6855
3085
7025
3649
2709
3930
9727
8408
4770
2087
10669
1834
2078
9334
10160
6042
6427
7241
8867
1875
5966
4406
7205
4937
3474
3444
6404
3752
6461
9391
8347
3674
1600
640
577
4127
10130
8195
5650
8346
4705
7528
2071
10120
9700
2168
6363
1081
8399
8021
9400
9071
8677
8917
2371
8759
295
2187
3671
2265
2361
7477
4386
9706
2322
3185
3448
2048
9094
634
10626
5777
8395
1208
10535
5560
5423
4117
2784
7776
1868
7283
2658
10245
6585
1597
2795
8374
1942
7118
5608
3195
6551
444
2022
3865
9961
5610
8285
5174
3126
2804
9453
6342
7982
7
8360
3863
8047
9294
4580
5052
9810
5652
3291
9737
291
3322
7674
2305
5720
5727
7940
130
8951
2135
9644
9563
9084
5320
2145
10621
4686
6875
1098
25
4811
7239
10667
7190
5710
8145
1718
1054
3772
1273
8186
10254
5800
1172
3116
8415
6970
9421
5547
3522
2732
10113
1588
7134
2921
6515
7383
8194
9581
4483
3393
10495
5409
9191
7321
5252
5915
7447
2636
1352
7319
4185
3079
996
9466
855
8028
9922
9043
3470
646
2823
9482
7794
4032
10010
3588
2700
6351
8875
5935
3179
5327
6542
7036
8652
641
4697
8637
3887
3203
3917
3965
2813
5384
2568
8334
169
9787
6856
10440
10288
5266
4318
10654
3087
6606
9027
4535
6470
529
764
347
9305
5196
2598
5597
7247
9672
5184
5607
9296
6831
881
6766
7080
8649
8846
3585
5443
91
7687
8147
6636
6157
7668
4114
64
1389
6752
8989
2316
2299
5907
1233
6834
7616
5157
3382
4660
5809
8931
5172
3016
1304
60
3549
5692
4071
6481
448
8603
3625
7938
5191
4812
4132
4432
7935
8792
5056
3252
2943
9220
6068
717
2997
9012
4911
8089
8856
6921
6931
1332
8126
4762
1131
8552
2055
5394
6377
4434
7117
7850
5284
9333
5410
3231
2199
7486
2201
5406
1254
2107
6455
7981
486
1384
7684
6215
6147
6926
9361
9233
494
396
1764
8578
1509
10407
5430
4814
5316
5564
9606
8456
10085
167
5814
928
7640
10523
970
2878
10032
7723
9217
2942
5070
163
7197
6185
4231
155
6175
5121
10359
2297
4450
988
5037
6236
6863
2105
10
1063
10685
6111
5504
168
7513
1672
4939
10455
4502
7632
9965
8626
4063
10541
8713
5788
10576
9251
3137
1444
3647
9821
2916
10691
1598
4968
6380
174
2937
8964
2715
10608
5346
890
995
4146
3890
8898
5116
6375
7249
7756
8903
1629
8845
2697
1833
7142
901
2370
9743
4630
9869
9516
7081
10503
5882
9693
7849
5262
2748
9716
6631
1514
8871
4964
3344
9885
8657
7724
9366
3769
7074
7026
8493
7598
3423
6136
9607
8982
4177
3567
6785
9697
5987
4553
10081
2683
3722
6277
3838
3628
2674
3679
3556
2454
10624
512
7285
382
5153
1327
9129
10101
587
1223
157
7044
5000
9295
10347
10154
2875
3422
6548
9917
7868
2151
643
5670
4308
4510
7590
9135
9521
679
3823
5489
6564
3416
5801
2551
7983
10283
6960
10204
9928
8874
10601
7699
1523
2279
4244
1018
1520
4539
3433
3758
2435
9549
1258
9846
86
3681
9546
8764
4174
4236
1173
4795
566
8439
7675
10251
9757
5851
6003
4393
1171
7843
1336
3167
4971
3598
9032
4533
5175
9487
5965
8348
1681
2775
7856
7343
6340
893
4398
4769
368
7024
8358
2969
5604
10505
4267
7948
5996
2255
10439
7534
2231
3413
4158
5203
3109
9960
3499
8817
228
823
6256
1963
4886
5477
5261
6348
1338
2364
6576
9833
6145
8680
4139
4191
2839
723
8588
5926
9345
9228
7736
7207
5432
10452
7751
3171
1527
7485
5881
3923
3558
9399
7971
8741
1117
982
8944
272
3501
9359
10364
285
216
9955
941
3701
6108
3028
9904
7749
1571
328
7566
6061
2838
6301
8233
664
5434
9096
5421
10080
2476
2998
9086
4805
1068
284
5244
6317
8635
6892
6554
3360
10027
4748
7376
8574
796
10403
3569
9080
6700
6660
8413
6791
3221
8532
6321
5609
3746
10086
2666
9815
7054
5701
6012
405
946
1023
1563
2935
5967
207
8412
9550
777
1399
40
6206
6706
3970
7185
8834
10122
6793
10540
2122
3008
2340
5334
7218
4982
9489
4166
4490
2365
3909
5823
1406
5527
4570
7992
9014
4549
580
2484
5585
5599
9640
4867
8050
1697
7734
3462
1411
8452
2509
6016
6310
5333
9702
308
2962
3103
2628
517
5939
4906
506
2504
9162
5072
9107
2684
10587
351
1983
8497
7807
2416
338
4608
713
8775
5600
887
5286
10382
10020
384
3616
10124
10046
8422
2576
2850
3810
6822
3194
6417
787
9257
7160
1187
4148
6940
4452
5979
6294
7018
6746
10310
3150
8461
1435
10332
6738
2657
9781
9344
2619
5211
8782
7685
5364
3716
3392
9990
4828
5214
4359
7148
8150
3324
2752
4200
4371
7573
10444
8024
5289
3830
6203
4037
1396
8667
8056
6526
6109
4931
7646
4159
6528
6742
7944
4695
191
6871
2236
7123
1856
8940
10405
2232
9261
3632
4830
5381
2762
8993
4173
5901
2766
5134
10304
5775
9168
9645
5279
5470
636
9253
8306
450
1050
3876
5769
2538
3907
9685
7516
9595
2532
407
4501
1393
3417
9952
3303
9764
9572
4219
10189
1284
6808
9446
8234
1548
5370
2113
2544
9786
9998
2528
3754
5301
6053
4569
10014
3842
1805
3463
977
5678
10009
2867
1869
3130
8035
1191
6029
2354
9654
5627
966
7420
2345
9166
1640
5351
1658
187
4289
4875
8229
3677
3565
4935
159
9542
8602
1819
932
7495
107
4147
10159
4167
7414
7659
776
9673
4788
10377
956
4197
9857
326
6113
7880
1508
2473
7405
5731
7175
7292
7672
6729
3316
10051
8958
3381
8043
7050
6835
240
6954
562
7530
7437
3012
1742
9853
6448
8809
8057
7267
5422
8289
5744
2285
5541
4379
1818
3017
762
6557
6790
5185
10180
6537
1114
669
3301
9003
6567
1206
3664
4992
3077
7139
9405
2502
176
10242
8466
1295
6327
3730
7360
5634
6599
8048
2242
410
9239
7222
2434
3383
7518
9495
9660
9656
8948
5233
5408
6522
10003
9494
6563
7692
3589
990
8575
10568
10672
8132
10602
7028
2052
1744
1747
8984
4709
5322
10644
2024
502
5930
2907
2286
605
2336
8080
4459
2705
1897
1247
2562
6762
9378
7806
5537
4131
10230
3190
9671
4576
4405
6647
997
8322
8627
3794
6110
9856
4537
10137
5492
1958
3247
8356
7833
4302
4090
3297
5161
487
1552
2639
3808
10004
2256
2373
2629
825
3073
8919
9124
3966
2925
6345
10599
8967
6589
1738
2474
461
3940
8653
3792
10323
594
2659
8137
2854
8410
8842
4823
5732
9710
7661
543
1655
4565
1019
6362
9899
1750
5305
9023
1056
3817
9527
9957
8794
6657
6783
4885
2712
133
9525
7460
8042
6639
4042
2139
5357
6094
7705
6609
8151
3010
8740
7435
7678
2923
5781
5294
3795
296
8743
5096
5383
5920
10614
93
2919
10079
2200
10163
8032
6942
9909
4469
8560
2564
5452
1358
4305
340
498
5706
5034
1199
7217
10350
9108
5309
1850
3314
8091
10427
1170
10275
9648
628
2470
5164
110
3798
5109
4620
434
7862
1813
8436
698
4420
1426
9348
4755
9055
3895
1154
5834
987
7397
275
1216
8382
422
735
1500
7326
5058
3106
5376
9704
1354
3866
708
4822
8719
3390
4485
1281
3597
2814
8685
9736
4246
7131
2451
4626
6678
9274
4189
2160
10308
5308
2248
4209
8887
4849
4609
8590
1847
7962
1118
10642
5128
6383
6128
4228
10199
7744
10681
270
2215
3550
9048
10515
9907
4162
9241
4372
1343
3937
752
6041
6740
3069
2851
3953
374
9164
8986
6608
2391
2320
3329
7064
3899
6625
1437
9302
4678
2101
9438
6290
5167
9766
245
3508
9926
7456
5441
1226
2186
846
7178
9448
5239
5728
3650
6643
1723
8814
6709
10443
6517
6592
8284
6500
9751
8886
2959
9600
3492
592
5306
4940
4668
7463
10206
695
2879
2691
6031
5240
73
4075
3379
4403
9841
9006
5162
4121
9152
127
7653
5200
3088
8862
3699
10579
6287
150
8130
2951
5669
7769
2095
5786
10228
5571
138
1167
2846
2001
6721
10699
9968
6868
2104
5877
7930
1071
7351
10356
8103
5664
8915
5829
8335
7210
10607
7655
7153
4969
1445
1383
1395
8766
10400
9365
1299
973
2621
431
9792
5285
5156
2993
6394
3334
3867
7634
8847
219
6026
617
2287
9541
2224
7772
8314
3274
3128
3678
7510
7136
10205
4540
9324
3020
5590
1472
10357
3711
8169
9728
3536
2791
1612
361
2051
7639
1936
10567
4902
9213
9283
6897
1175
7605
7212
5067
7763
824
6252
5145
8646
4870
4458
9910
3600
851
8247
10342
1867
3827
10680
4534
5250
6774
3552
2908
9431
2647
6797
3001
4552
2869
8075
1789
5910
9115
6671
1702
8707
8474
6604
3862
3196
9053
8375
4898
1748
5201
609
7609
4070
439
7162
4627
647
9265
6891
257
4713
2558
7146
1957
9537
2884
5980
8142
6167
7127
3741
7617
582
7796
4431
6981
8638
9457
2134
8998
8020
8015
5136
9338
9437
503
3626
10098
721
1073
2749
661
4495
4387
9151
6452
5651
6231
8102
1188
6170
6179
1693
4445
3534
3317
1043
9184
4287
2004
4930
7214
8938
2902
1513
8477
6322
2986
383
8553
7621
7522
7103
1028
7475
7633
6878
8890
4720
3265
6732
8270
3797
8219
1956
2679
4715
809
4723
3343
3210
1111
5464
4793
4366
7341
7773
8500
10583
4514
1892
5850
466
3259
3436
2589
10420
10059
1392
3489
8516
3855
8885
4850
2209
7681
4889
181
5674
9629
195
6288
3319
1583
7176
8773
7959
4370
9681
5457
6651
343
5667
10330
2920
9004
9840
6
6594
7698
8133
7132
3487
4777
6506
9887
2688
5107
10469
3935
6104
10220
7902
4673
1620
4204
6259
10026
1835
3538
10115
1688
1773
624
4838
9834
1503
8027
6685
4806
182
3516
1559
8776
1476
8535
10435
7170
280
10482
9286
8018
7379
7852
3430
4349
5389
4499
8716
4765
2630
6919
9991
20
8753
4845
2427
102
4436
4560
10197
5210
1213
2737
3481
7490
8045
7559
4970
1668
4321
2954
8449
5878
5676
7561
1946
692
4564
5746
4082
5387
8131
6595
48
5905
8435
4813
4373
5110
6670
323
3548
2720
6389
5513
10390
9582
5998
9216
5629
6626
9864
4208
3733
2123
2820
152
3204
10351
8156
2080
3601
7462
754
4746
9484
8076
8030
6699
8272
437
10305
652
5048
569
7550
6052
7244
7523
635
9127
5759
10013
9906
6533
3512
5009
7793
10696
9677
7046
6633
8935
65
2922
9465
7788
8556
2026
8268
4224
3313
10083
10348
346
3084
8430
2882
5824
8870
9769
8673
9479
5822
10519
2574
220
3281
5885
7909
5645
9123
3944
2156
6571
9559
6582
8100
1125
914
7507
8555
417
7400
3401
3619
8243
5359
7259
10378
6096
10353
2771
9622
2781
7771
6841
7824
8217
749
10045
7614
6932
10261
4507
6601
6129
6953
1670
7398
10581
7842
2402
2360
5448
490
9503
658
8747
8152
6370
5832
8106
350
3050
896
1594
8512
8487
5957
7894
5988
1907
1651
1699
10447
1774
1465
8297
7008
2138
1602
7882
10493
5838
9830
8561
567
9612
184
5340
5363
2429
9837
3542
5614
6828
5319
2633
2729
6760
10409
2957
8354
4038
1471
1322
1553
7465
4854
7228
3999
4306
7253
1726
1112
8630
9668
6964
3873
1547
399
8434
1186
4000
5130
7308
1914
1241
10713
784
3517
5427
615
8363
8558
5194
9985
3269
2625
1334
2637
5657
5515
10418
497
4574
9886
5870
2380
9383
4503
1261
8684
3755
4232
3107
2601
3443
3455
4974
4304
6097
9699
4801
5159
570
1326
1984
7676
5479
5680
1906
6995
5879
6974
5132
8498
1091
5318
8806
5524
10131
435
1303
10147
3938
9709
5187
7658
590
1746
5053
7365
4357
1578
1419
8022
2832
401
8930
1533
3896
1115
5591
8963
6411
1
4350
6781
3117
2339
2189
1545
6694
6857
8587
10421
6017
10618
10186
2572
8600
10096
8208
7410
7979
6261
4362
6516
8000
5127
10679
1680
5520
8486
2721
5193
8298
4190
6806
5001
2423
1375
4779
2982
117
7671
4414
7302
2167
907
1918
1895
10244
7514
9098
5321
1613
6479
1987
2535
3515
632
4856
278
1825
6072
1049
10442
6324
4754
1137
6486
6818
2054
9208
801
4978
440
2194
1863
9309
3099
4573
8259
4874
14
3425
198
321
7937
4888
402
1290
7056
2774
9017
6560
5291
2132
618
1830
710
1185
4384
7066
10049
1477
3495
6232
5570
2166
9519
2844
9819
6812
5010
8833
7288
5225
1229
2129
5296
5287
3216
2792
5724
8190
1732
10067
904
5272
475
620
7389
6077
1249
4085
9643
2880
7168
8605
611
3723
5982
3928
9637
5078
7464
10611
1877
3003
325
147
79
878
5812
7691
8086
3120
3958
1146
6751
10595
4523
9548
5636
21
3543
4050
8724
7660
9771
9989
10138
6138
9424
2307
4480
4024
3289
6403
2063
7298
3250
114
7164
1099
7540
2817
5572
8861
7790
1234
3688
3029
983
10604
2238
37
630
8148
7533
3062
1255
5433
8491
9731
7260
678
6552
8392
7325
5626
8001
9158
4477
5695
5343
7650
3727
1097
8039
2779
4528
8064
883
7667
2315
6648
4913
2334
180
10214
2291
8031
544
9033
9224
9142
6989
9083
9617
6730
1959
8342
3164
6001
6896
1360
6161
10450
1160
672
1644
1461
4817
8014
1561
9497
6078
2000
1654
468
6432
3134
3124
10193
9181
142
9126
2665
4990
8019
3373
9944
4229
5498
4946
6023
6412
10388
4588
2415
885
4661
1463
2515
8171
9128
2677
3734
2963
2653
10701
6735
2483
5638
4237
9054
2744
7628
8908
4368
6867
5972
10365
7704
8465
10453
6015
10226
7269
1954
4028
4053
7013
7310
5360
7835
3603
10001
7382
6269
3105
2579
7193
936
5918
1734
9060
7529
7972
9122
3267
6159
4115
579
5968
6821
1430
2487
10625
10490
9462
10704
9153
9927
9293
4277
7812
6884
10177
2581
603
9235
9486
7960
7931
3905
4096
4419
9583
8369
8788
1507
6802
7977
9375
9428
1790
4100
9419
6235
471
6168
8398
1486
3599
1755
499
9661
9628
185
3790
6272
92
7195
8499
8361
2898
9883
6591
6010
8824
237
5186
5407
1339
4472
7152
7440
3782
3389
8092
2020
1532
8668
8066
3207
8911
6248
9543
9327
452
4157
4363
7467
6963
489
442
3300
4004
2723
7556
4202
6281
9870
6780
3514
3714
8307
7158
6597
9020
1029
10534
425
2624
8174
8288
2660
1711
8691
7320
10566
10635
2847
991
1753
317
4647
6120
560
2059
9229
10478
9650
1493
6598
1058
8238
6982
8577
8176
8277
1689
1845
277
1242
4401
1570
6535
1453
5500
8802
400
61
10121
10298
8201
4591
4880
6088
1719
729
7029
3510
707
200
9049
7503
4206
8864
1662
794
2929
1133
8666
7014
4262
3847
1300
1260
8567
10367
1323
7075
10042
7000
3618
1222
10695
1039
6900
8344
6313
357
8200
3526
3005
6090
367
3154
8785
2933
3826
6126
10539
7975
1402
6905
2798
802
3843
9243
4622
4963
10278
2193
8280
3260
1573
2227
894
5616
7526
3202
6975
10044
10195
5029
5899
1621
3504
2422
10396
7271
8093
7652
10331
2573
6681
8523
7147
3993
3477
7082
7859
7519
673
8245
2828
3587
4234
3490
4399
3945
6934
71
3975
9708
919
6716
6569
5663
10217
7896
4355
2753
9844
7135
7970
7965
5142
95
8840
5760
3767
1245
8008
8072
5911
520
8549
5561
1093
9843
9522
6898
9493
4215
4583
3927
3784
5532
6824
2831
3922
1816
2259
4137
1169
6850
6410
4380
2298
3815
9707
1930
7567
5951
4711
3361
2295
5742
5776
8762
6621
4214
4269
2448
7286
5339
164
8836
7229
9745
10463
4949
1344
5815
2953
10169
8799
1163
6565
1759
2517
2121
1799
4152
9804
765
9635
9021
1438
9331
2803
3832
3299
7967
9363
1575
7100
8929
4314
6442
2217
10445
5326
8699
6770
9517
10281
9461
3519
9264
4048
173
4195
10488
4054
979
4223
937
4392
3363
9035
530
3161
7620
8714
5379
3112
4641
583
10536
9044
10426
7497
5611
6312
7597
2926
9245
12
3874
4605
6484
7032
7669
7787
10267
10532
6543
5914
2204
9256
6222
2240
4076
9608
4972
5933
6067
9530
2934
8732
3918
3163
5794
3114
1105
8596
2840
1037
9713
8533
358
5790
0
6602
6357
10089
5675
4771
7579
8570
9028
7817
747
963
2834
2701
9972
2472
1485
4033
9657
681
208
7813
666
9401
8615
2214
8634
8026
1164
4734
9039
10182
10295
6350
1902
1817
9730
4509
10438
1210
2177
2836
7713
4515
10650
2460
3479
5456
319
8534
2093
8328
8279
820
1915
1669
8879
8789
2751
1879
5124
5725
5242
2136
6472
9467
5641
5840
2276
3571
4361
4691
655
7304
1887
6959
8192
294
8695
10216
3662
5125
6220
10613
1141
3166
2247
8927
6617
6545
1296
1656
4339
5835
7775
2872
9788
9386
7347
7034
5122
8889
6992
4297
6143
9316
2848
5118
6292
447
4416
9646
1246
8947
9187
7428
5993
7200
5404
7733
7993
1525
1148
2750
394
9801
2175
8389
2600
4590
4015
1700
9351
8804
9532
106
639
8304
8551
4527
10233
8832
8508
1590
9214
7314
5689
7912
5335
1581
3837
3579
1976
9498
10017
9916
75
4548
6323
6360
6488
6789
1218
2545
1876
1608
10639
10661
6829
5057
9310
6398
3272
992
9377
2685
9078
8222
834
1861
867
766
9132
6541
9996
8441
1425
2910
7424
5368
2893
5486
9659
1267
8924
7396
2118
10670
6233
1880
9872
6861
607
633
1646
2481
4118
403
905
9474
8631
227
4531
816
8800
6544
10293
3453
4595
10270
5012
6276
1952
3321
758
8404
10399
2378
522
1795
9752
4819
5089
4040
5414
6217
5917
1127
3353
701
6013
7413
10322
5482
3403
7231
1243
1945
1968
1000
7604
2909
2914
4331
2987
2062
5820
4981
9307
1771
3411
4741
2806
10140
882
10168
2179
7701
1207
5355
72
2499
2603
6355
1820
5558
1760
1580
7278
4218
6311
7342
4323
9169
1436
8143
5654
9454
7716
2596
6655
1237
10622
789
7908
1251
6696
8755
2234
2262
2147
3031
1291
2785
2503
4253
2379
1289
10687
8011
9782
4766
2169
3255
1320
6264
9768
626
8252
10232
3223
7541
9823
1450
3783
8995
2176
1456
3135
8643
4960
779
5892
7065
5257
3335
2465
9416
2210
3238
5837
1634
1413
5419
9468
3502
6889
964
9007
6754
5783
2143
1534
7155
9088
829
9683
7121
1557
8173
7641
9651
51
8317
4541
2904
826
7233
9395
7758
8472
2614
2450
799
6787
6002
3058
5273
7727
10496
6645
1293
10259
8664
315
5545
8524
10187
8388
3336
889
4474
3253
6933
7291
4280
1165
3420
5068
2892
363
4763
9426
10509
2523
9362
10598
6936
3700
3889
5395
1036
8598
9936
5802
10494
1211
2418
10207
2877
2157
7730
3023
2321
7841
9413
5455
5821
373
3560
3282
4687
1452
2283
9415
2531
4602
9806
9392
5818
880
10099
2313
10266
4677
1599
9539
209
4890
8690
3230
1687
7393
5893
4947
4636
1768
7875
3655
3440
4348
5683
9103
1541
7725
4701
6811
9956
3206
837
9016
9499
162
2083
7220
9222
7903
4952
62
7984
7883
10411
5380
234
2436
5420
2796
3305
6456
4518
5549
5551
10525
6665
8315
7002
6393
1515
1432
7926
2818
5622
6361
7099
3651
33
4979
7083
9471
4826
4961
3040
9204
3989
171
4550
10638
6949
10413
3658
5435
3213
3553
888
2382
5205
3624
9754
3294
5568
1006
8394
4786
9994
5976
9116
10198
7719
10674
5249
4296
9973
1017
1072
4837
3421
122
7956
6872
1373
3776
8997
7493
1174
3271
2498
1264
126
9634
7627
4088
4908
8424
7480
6211
7177
1542
4058
9249
1378
4623
5861
4094
10237
4712
4670
2941
8712
10520
391
3535
6755
9396
6613
4601
7388
2754
6266
4016
5298
7847
879
3825
8670
10467
9858
1950
8101
6583
6922
4966
3898
1679
8490
3606
8193
3656
9289
4108
2768
3041
3872
8478
424
1751
8390
3592
5466
3849
3096
9458
7587
7757
5684
4481
9639
910
9237
7863
6320
4798
3439
3092
7512
3254
2015
4901
7865
3892
3897
8153
1985
1998
3027
10393
3765
9848
7785
3308
3860
3990
1325
2931
3240
55
10476
3452
10166
8096
2202
7997
8068
10537
1919
4382
4326
4463
5450
3761
10190
10272
1286
7834
3781
6007
6020
10231
10715
2903
8281
3609
10647
9101
4846
3880
10035
6297
7150
3406
6679
7088
9018
1221
5844
9087
922
8481
2773
6524
3080
2707
4728
238
8060
4761
2650
9896
2566
8227
4863
10627
849
2376
9273
5280
43
1815
9460
6695
3144
7421
10561
3068
1280
8251
2608
2182
1292
742
2797
10430
8580
9911
7630
6354
7950
4235
7009
10185
6331
7349
2430
4958
5671
4873
670
627
5260
822
8495
817
3631
9576
5222
8305
753
6573
10268
6460
862
5081
4464
6574
1920
3828
421
10416
8812
31
5106
3153
10060
8717
113
9368
4418
9667
10052
3845
7600
2534
6817
3192
2386
2085
6291
10374
8387
5932
3614
6915
7636
2693
5288
5146
3263
8829
1997
7227
9442
8267
1812
1032
2788
6165
8054
8783
10688
4658
10170
3657
704
6908
3683
7362
5534
4904
9056
9619
8837
5691
1797
1025
342
6745
6103
2159
5735
886
6945
4611
7311
8396
8854
6952
5154
9845
4920
1896
2219
1312
8179
8749
7569
10213
8881
6250
8968
8934
917
1772
4899
10711
5079
9091
3076
7917
6887
4341
10151
9761
6365
10256
3960
5059
2641
9336
1610
10500
8696
9939
9533
2384
5992
7296
935
7390
5168
3471
8563
474
9301
7901
1756
10360
1829
8863
9573
5199
9082
6879
1468
3376
2401
3053
2704
6122
9443
59
2195
4142
4047
2275
9131
2861
5066
5876
2056
4578
3347
9746
5919
3483
8074
8702
7750
1916
4346
4292
10313
9097
215
3365
5366
3268
3564
9934
6475
657
9070
6006
1119
4010
2127
944
2417
7712
1151
8597
6441
4270
9613
10458
718
3986
4843
9432
591
66
4479
10038
1586
6640
409
1642
2267
10690
3673
1145
1911
8129
3591
731
9725
179
8816
9938
3370
9322
7663
1433
7126
4203
3451
3261
1423
3434
7884
1351
2508
10243
5697
1839
9655
5862
10212
1330
4726
10078
4807
6054
314
3019
3449
4120
7822
3721
6944
6727
4829
2021
3859
1596
2905
2237
6876
6646
1587
10260
969
4089
7792
9889
7543
5536
6451
6757
3426
1177
5565
6319
5856
9905
1253
10068
1708
2966
8904
7042
8625
3200
6229
6677
1385
4216
1041
9244
688
6873
7161
1046
10319
2971
5984
4352
4018
8453
8541
2764
6502
9744
5271
8359
9970
3156
10209
3138
5237
9199
2587
9008
9105
9625
2799
3491
8475
7240
1403
516
4141
656
9272
3806
2536
2512
4275
2901
962
3912
9884
9163
10218
3574
3822
9803
1572
3509
7889
9357
808
2680
10543
3412
806
1268
10126
7976
5338
755
4599
3042
1888
4767
7206
4586
565
3646
9624
1440
9161
7840
4172
9069
3630
9569
5484
6177
10123
3205
2955
875
6584
1636
4778
8070
7581
462
9609
3796
5480
9189
2309
2741
4722
677
3055
144
9638
8592
539
4012
9967
2989
9797
7536
7073
2403
9949
6540
1981
4020
4407
976
10397
5762
7762
6747
6226
2833
2606
5275
951
6118
7273
4021
2329
6273
6347
412
5535
5716
9354
2896
9893
311
637
6961
3629
8196
5031
3634
2092
9807
1781
1390
8936
3149
9590
9726
5148
985
10258
5325
5476
3337
3987
1031
8918
414
9714
1374
7154
10692
4334
7338
8198
1524
10483
8726
5268
4039
2956
8849
9167
2397
1648
5207
619
1536
4610
1975
2900
5119
740
5827
2510
6674
5341
6476
6969
3807
9836
7953
3078
3127
8376
10341
6368
10512
743
6421
7816
3222
8010
9717
6334
10264
5348
9588
6888
7631
10355
10718
1418
4690
832
10710
2067
4377
5771
6237
2511
264
5170
9664
4083
10668
1569
2100
3432
1257
5176
8178
8083
8469
5015
3371
214
5956
10671
2670
356
7499
660
1282
1480
6904
7820
2610
8858
3229
9793
2635
6987
8961
9983
815
1965
3450
6918
768
5229
3333
861
5831
8519
5931
4441
2165
2271
9963
116
7798
7060
1967
4772
4327
795
3717
6547
895
10219
2936
4624
1632
5509
2967
9551
365
7562
242
4175
8550
4426
9238
7380
5512
8914
6493
6923
954
3409
4154
9811
8136
5027
4532
5946
3853
3868
7237
5896
9182
6859
7169
2061
9380
4768
6999
1962
6298
9478
7498
7858
5016
10431
3846
8432
5978
2140
10630
1763
4513
5963
5770
8682
9776
4667
6725
2522
7811
8621
4437
9374
505
330
3315
9404
6268
4848
6663
3800
10088
9794
667
4894
1203
10040
2886
5677
5763
9134
9073
1283
10248
6445
1496
4281
1607
7115
6106
6659
4694
6245
3364
6941
5143
6917
7927
2044
6154
2731
7827
9636
7591
9114
4790
1002
6978
2486
4745
6117
2181
5902
4538
950
224
6275
8981
4493
10301
7963
5248
4473
2281
1722
8005
4391
2501
7895
2895
3653
528
10474
7989
6487
119
10609
3447
700
10629
4245
850
621
8236
7277
2090
7401
1369
5923
4413
5314
3157
8827
9861
1161
4077
3399
2776
10311
5889
2539
8547
4707
629
7254
3349
4853
2726
1530
3198
3544
7774
2114
4618
10675
10473
6454
1020
4257
1941
5954
7700
10069
7301
8902
5836
10008
7085
6874
4425
4220
8916
1158
1272
4684
3454
7980
6085
7183
2822
5958
8818
6485
10451
3472
1198
305
1085
5719
2500
5006
4613
3209
10385
4254
4558
1566
1767
2301
5221
2563
98
921
4460
6656
5792
1793
4861
1889
3070
7589
537
9873
4662
2068
143
371
6929
3708
2350
9010
10719
2040
8608
8978
7436
659
3725
2888
8562
4358
942
6124
10549
9603
8009
1894
10398
10031
1345
2359
5798
1754
2393
5755
2651
6869
3022
5685
4169
540
6464
6928
4294
6352
4165
339
4035
4851
6622
10656
8688
8336
7133
1200
10361
77
2410
115
5429
6315
4098
1455
2682
4764
3245
10075
6376
2094
2106
2485
1356
9230
5598
974
2742
7872
3500
7138
4347
2730
8619
523
4965
9509
8700
1783
4505
7853
10028
3034
1220
5436
3485
6439
2343
10227
6825
3110
874
3946
9880
9346
8781
6187
8082
7399
8545
10262
5855
2825
8483
4635
1298
1782
8584
5218
5149
6675
6814
1978
8444
8187
4374
4217
3693
2273
6359
3256
2561
6225
2996
3748
9402
869
4427
6845
1001
3774
3142
4520
2593
9470
9577
5947
8900
720
6343
4325
7179
744
454
1601
7087
10285
7236
6065
2396
5839
6005
7885
8226
6406
10658
9615
8709
1801
27
3939
5269
8507
6832
5888
4124
2456
7070
3902
10334
9536
2542
5848
430
3690
6247
5358
2244
4881
1974
8433
2235
9750
7194
2790
5062
4390
3354
6071
760
5073
6150
9300
1724
299
4612
10093
158
53
9601
2580
5825
1407
1055
8654
3861
2260
5708
7802
7102
778
3528
984
5975
2547
6036
1305
1674
89
1446
165
6387
2300
5080
6463
3750
3955
3977
2537
4074
6531
1828
1230
3684
1878
7517
9829
4916
6914
2441
3311
397
10588
4957
1271
10011
6810
3228
10034
5601
9770
3753
4522
1408
5531
6239
9436
2518
2918
3645
1683
8722
5748
10299
7114
2787
3914
9065
8122
6000
6093
1069
6133
1695
7637
4656
6538
674
2471
6285
8504
10610
2557
8662
9062
5805
4640
1844
4462
547
9015
5662
2374
3172
3652
7803
6839
3257
1798
7829
2225
6998
1494
8262
5789
2065
7914
6844
10628
7235
5637
8647
8476
2612
955
2559
5082
7450
4832
9492
5518
9092
2491
8525
8633
6579
5999
4616
1104
9236
1824
7295
4161
5150
8843
7144
9935
10531
6820
4840
5621
10146
10480
2972
46
10043
8253
9225
6050
6614
3718
2988
9688
1228
6605
6469
10318
9842
7618
120
3751
202
9913
9000
6422
17
1775
772
1969
9067
8220
3098
4868
3378
4222
7881
6086
9986
5806
6938
416
5313
5281
6792
9269
7575
3885
3816
6325
4335
2623
7151
5283
1464
5323
259
1947
9190
1843
9298
7742
3530
3323
390
8739
507
7077
4621
4562
2208
2681
10584
3307
2646
9051
6257
3998
8286
8839
10132
924
5711
8393
10300
78
7707
1605
5772
7174
10343
9578
2351
8078
1003
230
8079
6767
10097
2096
2031
6672
3388
2251
9875
9658
5163
5183
10684
4980
8650
3391
9604
10048
10620
8209
5003
6986
2317
8182
2077
7361
5672
6494
6759
1994
10127
10314
1729
6134
9450
8138
1623
1340
7911
1980
5374
10456
7869
4402
2719
5929
7786
217
838
3602
4007
2698
7571
9860
3262
2948
8767
9277
1736
6731
2617
6553
7022
10249
10091
1730
2734
2348
7920
5026
2388
8581
9862
7166
6189
3225
10551
10087
6796
4917
6807
4776
226
1531
1538
1143
10376
4243
3352
3497
1190
5093
2873
4276
4013
3064
6713
7936
4815
5548
8184
4428
5557
9556
2453
4731
3327
7007
4011
345
2178
7196
2952
8640
8671
1903
3467
3981
5100
9979
2984
968
1665
7096
7900
4551
2303
8059
3541
2885
9337
4301
6907
3239
7086
4073
9429
5977
6295
3277
4104
337
2740
4774
9703
8957
9931
10596
2800
3666
8672
10157
7810
10161
736
3396
3694
920
2357
3563
7372
2755
4045
153
6720
1769
2445
3613
6511
10077
9593
9838
7408
3102
6794
7438
9705
9758
8017
7957
5970
3097
3503
8675
2860
5502
6302
2003
2613
5415
3759
8531
13
1564
5983
4444
4780
10246
2807
2974
10307
23
6151
10221
1720
5847
3593
5197
1837
559
1138
6778
6771
4168
10284
7119
10448
8554
7165
8327
8851
8117
7821
188
7808
5226
5928
4545
7010
805
6983
7991
1075
1346
2014
9589
473
1473
418
839
10460
2347
7857
7592
5909
9418
3877
967
6784
9512
4279
385
10309
915
532
3351
3197
675
4443
5251
5587
8084
4579
2406
6022
5344
2413
10518
2950
8912
6950
3051
1516
4354
533
10577
2584
3620
3920
5869
2493
10241
6570
7916
4983
9030
860
1544
5472
5471
8170
7665
8609
4827
5391
4669
8467
625
714
2856
5592
5094
7826
601
9513
8774
3063
6967
5215
8403
301
6035
354
6865
10024
1836
8025
4465
10112
8188
7461
10414
7791
2266
5173
6924
866
4144
6490
948
1157
9206
959
3367
4915
9370
8932
10294
7809
3523
2468
5588
2588
6162
7958
7551
8515
82
10522
10466
355
8884
8705
1733
3246
1357
4962
8663
9255
6680
4757
2890
10328
5180
4345
9196
6705
9950
7673
10517
10408
1574
139
10071
1996
7030
4023
8428
7608
10499
2174
2394
2440
2268
9506
8077
4862
913
4210
6860
8564
5403
4343
10183
6419
309
6171
2627
2207
5961
4836
6586
9824
4544
5424
2786
6623
6925
3590
8177
5712
786
8509
8606
8409
1721
10129
7433
4102
6532
5700
3155
6058
6691
10563
131
2037
7694
8801
3100
4061
4095
4145
1391
1927
8659
1803
680
9865
8146
2642
4775
7954
1499
5399
3546
1676
1692
4739
3697
7860
265
6979
5365
8473
6032
6205
9753
2631
7925
7198
146
8639
3226
10526
5997
9118
4933
7329
2968
556
9502
7466
9282
1567
3418
6234
3093
4112
3979
3875
8073
6063
6037
5169
9652
2117
3676
3913
10433
7250
8127
310
7072
9389
3848
6572
859
10383
4193
3066
1376
10705
3180
9358
1931
8445
1044
9665
6218
6718
2765
858
2615
4182
8459
3525
8937
1757
9722
4489
7184
1519
1788
3188
9089
1328
125
5054
3720
5508
244
5867
6726
3059
2458
7729
8922
5795
3836
3622
10073
10225
871
3419
8337
2467
2082
10022
9680
5707
10222
5791
1593
189
2928
7915
2555
5375
4271
2599
6358
4430
9148
3249
10321
8034
727
3045
9742
4682
4135
54
7403
9387
7988
19
8164
5356
3572
9136
1728
5945
9209
6761
6127
7572
8730
1479
5906
4883
5108
5991
4794
3948
6371
5055
4631
8246
9553
10370
1059
5655
411
8710
6927
2821
3132
84
9349
2331
5076
5842
4022
10530
8980
684
2912
6465
7058
467
1363
9266
2257
1814
7418
7874
7017
4263
5028
4099
5962
8109
7560
6782
5511
9202
5895
6514
6149
2246
6040
3964
2461
10702
9390
5605
6912
2710
10287
4487
4130
572
1910
6708
1923
7520
6843
3095
10141
4789
1800
262
9156
1638
6815
1204
4163
7317
4903
9320
5866
7506
5378
6173
3469
3292
8617
9669
1441
1082
8230
3575
3809
5846
423
10682
389
8831
2736
3775
7662
8254
5417
5099
99
2594
7192
7866
7359
3326
149
9
9104
3366
598
8971
8256
1922
2395
320
9193
8090
2607
5858
8260
6416
9172
3030
5797
4633
7961
1394
6593
1132
828
8905
4773
2733
2137
814
5925
8296
6800
4342
3744
6089
9816
6241
7870
1126
1149
1294
8172
4866
3013
3555
10384
9631
7213
599
4887
2400
1635
5177
1379
9511
10575
10056
451
4997
8683
455
6471
2911
6618
3995
6057
2533
5758
4645
8923
2855
4784
5526
8343
8942
9420
1021
9170
3385
10063
3148
2282
4944
6183
5544
2264
5860
9735
1627
7825
2924
7743
2261
4046
1628
10030
6711
6092
6428
3547
9839
7109
10683
1948
5830
3951
1382
404
9914
9978
1482
2254
9276
8088
8425
2084
1027
5115
6798
9201
6724
4842
5580
6293
5785
6466
6098
10047
5705
8269
552
4105
1153
251
7061
7471
10437
1807
9144
5668
4999
10179
9110
6051
5202
4225
1365
2826
8426
8518
9157
7287
10062
3610
7474
8069
10297
7452
5756
7765
10387
10559
9538
6271
3266
9808
7230
2692
5553
9701
5317
5035
2390
5757
7045
9247
5083
2252
1288
1953
2372
2543
4122
7243
5401
6462
9040
8527
4714
10196
8419
2761
