5030
6265
7429
8562
8047
1450
9943
8840
1736
8944
7688
739
4032
9922
1279
6967
468
9448
1355
7310
3374
1976
4333
3445
2085
9742
4401
1101
10060
5527
8405
7602
7786
2078
926
826
9768
4561
4073
9914
8858
8222
6600
8806
1649
7247
2611
517
8192
5417
672
3530
4827
8718
2164
7020
8134
426
3213
4939
1080
1276
1867
166
9944
6536
9176
8872
6935
1022
7679
2006
1647
4896
9028
8598
7704
6007
7771
7281
1415
6108
6648
10670
4769
7002
9544
5547
1911
5081
2814
8166
6383
5356
6635
7437
5430
5009
2342
10624
7990
5224
1239
3601
9269
10441
3330
2567
418
8100
8389
3817
9286
7635
9205
257
9751
4019
3657
2010
1545
9888
708
6678
3
2805
10635
2331
1375
9288
2096
6612
8194
8400
5726
5898
1491
2878
5444
1455
2600
1325
8934
9757
8610
3191
937
7223
1700
443
2522
9114
4250
297
1240
4281
2806
5543
6195
3489
7124
9411
10494
7989
6428
2734
669
2475
7261
3671
1364
3369
7035
3422
1244
5751
9562
3519
6417
4175
5622
8057
2703
3847
4598
611
3775
3543
202
3112
4090
1706
7395
7268
7721
8468
3870
8497
7242
1310
4951
8843
1743
9495
2438
10459
7845
10645
10299
3728
10325
5870
593
1472
5835
7717
7377
8270
6867
2301
2373
6180
2002
6208
4792
64
7475
1452
1053
1708
271
2493
469
6395
6493
1871
10009
8950
6963
3625
8870
2634
233
3561
7976
656
8244
10491
3185
10340
3722
1090
8310
509
3978
4799
9051
6298
1593
1968
9323
8184
9655
642
3349
9979
305
870
8669
863
311
3627
2707
3975
6556
9961
4721
716
4106
10172
4646
6317
9689
8679
6397
6340
4559
5608
1070
9177
3551
4385
1983
472
4295
3572
9770
2767
7963
1788
7198
6019
3149
1644
1756
7372
7566
9783
9231
862
9622
6116
3461
2608
6414
6093
3309
9079
9476
5382
8290
8365
1773
238
631
5531
8839
864
60
4116
4889
4656
5078
7273
9507
7485
2040
5479
6064
10638
578
9885
7580
8732
2021
524
174
2116
7630
7802
3322
8842
5593
2861
7607
5688
1949
10102
7122
8862
4520
576
1121
3907
9073
773
5293
3476
9676
10258
3283
364
8625
5098
10195
5055
9855
2636
8159
3223
4785
4863
10483
5214
8736
9246
6153
2032
6491
2735
8618
10531
177
1351
5912
9214
8046
3039
1969
3338
1697
3778
5036
4923
4065
6629
9456
9699
10226
3859
10025
8518
9092
919
993
1183
8847
3624
5482
6772
8817
1764
5443
2396
7071
4058
8480
7446
8143
10315
4490
3487
7944
3971
2245
2304
5684
6447
9331
298
6282
7403
10419
5468
2548
8663
9663
5646
4359
9326
3961
9687
9761
5549
412
3532
4285
9234
2673
7219
9492
7365
2497
6910
9805
7108
6470
6889
3949
760
2554
8292
4235
7593
1395
196
7096
1476
7850
8396
8085
5526
7676
9520
2517
4821
2867
8758
9688
10160
3694
197
8247
5498
8586
2281
4534
5656
9169
1400
6094
7806
7573
2795
6677
4232
5374
408
1172
1159
4063
6482
3802
8877
7856
447
9514
9226
2371
2244
3184
6458
3325
8152
3854
5256
3746
1307
3050
5885
1945
4196
3616
7509
811
3614
4141
9324
1885
3259
5469
6748
1836
10342
7062
963
2590
10362
7705
3244
5775
9534
8505
8189
1485
6807
1888
9464
4074
6724
6542
5636
4697
2586
4995
3277
4933
623
8706
8996
4521
2677
3812
1257
5936
8319
10431
5451
6670
8733
7962
9314
1738
7822
5385
9566
9427
5801
2229
3384
9237
4322
4763
5578
8364
808
9022
5913
8880
8894
3575
9482
3305
152
8234
2441
8317
481
3698
5203
3748
1379
880
329
9935
3762
10395
5596
900
191
10614
3700
3619
5175
4904
190
3542
2153
869
5308
9236
1692
8201
5544
4416
570
9921
5075
5306
10570
210
3541
5687
6558
8181
9939
2359
2290
9109
7699
8454
2035
5563
5367
2973
2745
6284
9621
572
6793
9508
5981
2039
6226
2443
141
3813
2641
7559
9554
3926
3311
1557
7991
10472
8613
7724
2722
812
354
2635
406
7869
2023
1481
1071
3409
3013
977
8478
2060
1741
6063
3527
867
9402
7664
8156
7807
8461
105
3609
424
1807
7564
7948
7977
4543
5890
9497
7363
7997
6229
434
4703
6901
3774
2323
9631
996
3028
10583
4508
3905
8781
5889
5095
4163
5182
3637
9590
1979
7576
2967
6948
9581
9310
7194
3258
8931
4230
5162
4327
5282
10477
356
10705
2683
6603
10257
4545
4205
5235
1003
6085
3475
2930
3966
2702
5025
9784
8712
1984
7331
3242
4756
1745
2597
9318
8492
3027
2295
7682
7432
3354
7188
5446
8919
5260
5566
7885
7873
4683
6056
6139
2407
1782
5662
819
552
3018
3126
5917
4750
10282
365
5188
10701
5344
3986
5795
694
5261
4833
1511
5121
4057
3965
7345
3638
4865
950
984
3815
3710
4334
3250
4364
5616
4667
104
4262
2083
9848
5428
4649
1349
7186
4527
4659
1902
8349
4791
6222
9986
4315
2133
253
6735
7572
2652
2676
6474
3780
8357
6309
1158
2186
8593
8655
9575
10329
789
9330
4758
8076
10366
5834
783
3002
8685
677
7116
785
3470
5595
9543
2369
743
7006
2920
5946
5152
6780
4530
7638
644
7895
1196
5954
7274
8935
4687
3666
6932
8649
3566
10037
3347
2509
8332
9734
9541
5508
2779
9438
7589
2903
9792
9361
1301
5429
1972
7643
949
10524
5328
6360
1957
5126
6033
7522
4375
7100
2240
5511
4471
29
10319
9929
10100
9180
45
6531
6572
6078
9568
999
1224
4212
574
1723
5450
7796
1175
4981
7183
1203
7311
2261
3105
6897
8573
32
7034
1891
9119
387
10328
1160
4016
9225
7360
2593
2173
6072
4476
50
8929
8488
7430
9425
9210
7503
1467
6128
9815
7191
6088
6457
2403
1754
5043
3431
5872
3716
975
5570
1214
513
6970
4461
10507
7674
6570
3273
3565
6548
9086
7558
3353
189
4830
4310
8157
9049
10179
4226
8895
2713
9017
9126
1841
6584
9369
9897
9008
9606
8961
1892
1466
4298
6801
747
664
8634
5737
1145
4794
1602
973
5611
10216
8028
9769
2477
7077
7458
2678
3843
8699
5847
10313
8630
74
7080
6620
7825
10052
4215
7101
8531
2617
4616
6845
5603
4570
78
8484
5960
9241
7207
6011
8569
6712
8031
701
3139
4044
3270
10108
2130
61
10678
8371
942
7799
2787
1493
9984
3974
4193
8607
6840
5594
1492
3954
7513
3146
5270
9283
6571
154
2065
5755
3914
6297
4335
3534
1656
254
10396
4067
5364
4617
2919
8567
2863
5436
4967
396
10006
6021
5915
3122
726
7357
7698
5503
4127
2512
1877
8998
8953
6725
306
2401
4977
10171
9374
303
2372
10462
327
8510
5783
5929
5794
1241
5537
3326
7757
3480
6488
4177
9453
5925
7862
3444
5988
7453
1839
3332
1278
4557
6044
5804
9052
6504
10679
7798
2963
6436
6567
7146
3186
9956
2148
3310
590
5609
4402
6613
10359
8018
4702
897
3697
3687
10558
10413
42
9912
1089
9983
7333
2596
7829
3883
410
7965
8841
10294
6261
9274
5552
4745
1152
6525
4301
5127
9194
10017
2311
7892
8741
6811
5820
4941
159
5894
696
9001
6369
2395
6509
10062
6936
2978
10493
480
4365
1609
9458
3879
10265
3562
9343
2810
10662
3143
6609
1562
1059
3483
4018
3313
7644
6621
8988
6455
3997
9611
3568
7449
2937
150
4204
3302
3897
4602
2358
5940
692
2239
9164
1863
9500
10165
7469
3693
10423
3760
6605
8948
9134
5884
6931
9115
10380
8534
10444
3943
4580
3436
8232
5708
10500
281
9713
6634
3684
2528
1534
1714
1848
9834
2442
7594
6117
9552
3464
5984
8503
4642
648
6213
4771
4297
8051
8826
9394
2421
7680
4415
4373
3772
3689
10031
2834
5832
8542
184
6794
7228
10353
4701
3531
9372
1507
5388
10040
6925
9141
759
7222
1270
8224
7400
5650
10400
2821
4264
3085
2845
9528
171
7337
10229
1056
10618
10269
9595
4655
6035
5357
3241
7037
3473
10341
7507
549
9451
3552
4423
9773
4414
8568
5226
5103
3109
7272
7762
340
66
3256
2054
1163
8058
7269
10600
4700
10502
1554
7266
8163
9014
10292
3830
10492
9384
8329
6137
4855
6359
9948
3440
9704
10506
1733
6020
2063
5773
8185
7154
7257
6069
3555
1445
6171
10263
4948
1501
8473
748
2298
7208
6099
10690
5386
8999
7239
8986
4145
3765
8819
6062
8687
435
1433
1589
5398
8823
5314
800
5403
6918
4104
9275
7465
7256
4391
9405
744
1952
9509
5797
3948
9958
6566
4495
1328
6827
155
3617
762
3045
4038
3935
3289
8230
10148
6479
1034
3711
4567
312
865
1422
4147
8228
5819
2651
4957
8608
5645
1218
2900
38
8342
7300
1556
7148
4847
8033
8982
4403
6662
1890
1446
5335
4880
2689
3099
8865
4681
3268
9143
6573
89
9131
797
6726
9445
3749
3125
3128
7028
8000
3275
8788
1464
7893
6245
5950
9656
3676
5457
185
6968
8095
3447
650
1872
420
156
2817
6543
4227
9806
3000
3212
9685
6779
7779
1536
3221
8523
674
1187
734
1827
2991
9891
10405
9881
118
9521
4975
8561
6467
8646
5679
4159
4046
3704
5510
8079
8177
1031
5361
4492
10150
10481
6786
3984
1495
1271
4071
2692
3415
8668
1005
6833
8216
6365
8112
7557
9571
9099
1698
9987
4612
3902
10080
5813
4650
4350
3055
343
7131
7291
6209
9863
2563
3589
7190
6207
5911
6193
9627
3502
9198
1590
9584
10178
9218
7805
3044
7831
4314
2558
8411
8967
7746
2248
9540
1087
7834
7546
1639
1223
4538
1835
3993
5371
3826
3691
1996
4746
2763
7905
10522
1874
2895
6403
7440
8779
3331
1605
2302
4346
2778
2101
4017
2277
1420
7840
838
9537
1484
3785
2155
4651
7024
2571
7087
4167
6182
8878
9386
1541
3579
7556
6152
6163
2829
2031
2754
8024
1285
886
4914
4302
2729
1477
2482
5895
5703
6561
6031
6791
6480
10445
4605
9795
9192
1757
8306
7421
9832
8285
1710
9190
2448
5094
3232
8623
1465
9436
1635
6682
1442
9365
4291
7684
8198
3328
750
5164
3333
8678
9346
5559
10463
10703
4361
7587
8495
479
8008
0
4276
3119
8116
8804
4086
2502
1828
3757
3160
1469
1918
3662
2472
2413
2620
5187
5943
7196
7915
2607
7647
1994
814
5484
4998
8937
3504
3324
8544
4396
8132
2057
9532
1787
6517
1099
4329
4384
6199
6795
241
3321
2151
1642
4568
3752
527
3781
6698
47
2348
6393
2718
7214
2222
8141
9838
10594
7739
9682
4152
1137
5418
5759
7204
4222
2585
2320
334
9708
2894
4550
7090
7889
3053
5277
12
4755
1457
4695
359
554
9026
4825
10656
4751
9593
923
1368
6294
6263
8796
7761
5725
1940
6026
5556
668
7479
1470
7835
681
4368
3041
3640
8274
9294
6047
3641
6239
1525
737
4160
6829
7996
5178
2233
9549
6219
9875
216
4913
9076
6469
10389
5274
8493
1227
6657
6173
4173
5539
6685
8811
1924
7934
1042
8960
4223
1662
7891
8204
8651
8060
5266
7499
2524
1962
97
4155
4093
8020
5907
1116
4000
8688
1737
5821
1392
821
3364
9854
2950
5034
8802
6185
5647
7584
10189
8541
8170
9664
8981
6824
247
3004
9952
10207
4824
2377
10622
10543
1985
1057
3428
1801
4980
3486
7604
7541
9583
5412
5111
9111
710
3412
18
9802
6057
10550
1633
10248
9303
6465
3547
8019
8393
5696
6150
1515
2168
2704
316
8696
4101
5532
2630
4162
6741
4191
10333
10516
1061
1207
1156
4537
4198
3719
8545
1202
1064
10559
4600
9293
8348
5279
1322
1858
8462
2352
2226
9504
5642
9450
5602
982
5948
7237
4244
71
3329
4609
10354
8739
7275
2487
6945
6001
943
9261
5322
7327
309
1407
6933
1356
6784
749
2087
2363
5863
10606
544
9347
1047
7751
6196
10267
3793
5665
7904
3314
6468
6957
9748
10435
3356
2681
3875
5115
7800
4388
1220
3069
6887
37
2308
2952
9208
1912
3763
2249
92
7025
3556
7772
2435
6532
7636
7443
10625
10256
10544
1000
6522
4715
2121
4744
6293
2154
3383
3148
6929
4485
3416
272
1065
6329
6086
10641
2584
1308
7909
2469
9039
2471
3202
4900
7620
4430
4630
9819
5298
6115
439
9917
2579
7019
6114
9181
8036
9823
5163
7626
2478
3522
6375
3017
6942
2854
2990
635
3515
8026
1058
4010
2335
7913
3405
5507
7930
8702
7921
6133
2354
7852
9377
9998
10206
8903
5891
2747
10296
2389
4061
9406
2457
5654
10569
6181
3465
2038
5166
10123
1906
9764
9104
8038
8538
1418
4592
4905
4337
6771
10041
3204
6036
7005
6264
2219
4843
5110
1822
5613
462
2075
10623
8684
3933
3063
1930
2067
2344
9178
1290
5108
5812
6301
4693
10450
4122
7307
8431
7983
9127
7827
3216
2633
1770
1023
8609
442
6909
3836
2979
2719
8131
4677
5492
1988
1198
3776
539
3822
6788
3471
4917
7618
3196
6429
9002
9858
5089
4123
730
4300
4448
5199
222
10468
876
3340
2573
347
10168
2294
7500
2896
10095
2844
5850
2752
5480
10128
6189
9967
2660
3545
10412
6190
5562
3925
9273
6832
1898
1619
8983
4157
9630
5600
7308
2853
5272
417
7836
3921
10681
3141
9771
1920
10579
7510
3194
2404
7756
8088
8816
9349
640
4591
10707
8527
2530
2514
654
4796
7809
8153
4469
4978
94
3118
3869
6431
6841
9746
8322
53
9171
6066
1298
6202
6140
3192
5287
8502
10455
2841
5674
5718
4661
2555
310
7961
535
1025
970
6058
2792
6692
3792
1676
10020
7065
8183
7709
3493
10393
6597
5394
7804
9817
10689
2807
5064
987
5540
1362
5120
4958
9290
4610
7394
4647
6009
687
3394
7901
1176
1612
9641
3861
9965
5189
9625
9155
7678
10270
1081
9513
9711
8187
9548
2819
10668
3569
7755
10694
2120
3964
9876
1265
7127
7203
1539
10535
4996
7359
3808
7417
1669
2690
8945
8977
9861
498
415
10139
3887
2312
6753
9433
8916
1205
1533
6424
2390
6654
8272
1190
9759
4394
4148
9906
5380
3707
4887
1982
1618
6740
6596
7916
6038
8241
1894
4486
4964
3173
8401
9966
7140
5481
8507
5363
10546
4077
8054
521
5653
3016
7488
2650
10188
5809
5387
798
3417
10224
771
4596
2422
9662
3153
9732
9864
395
6689
1343
7531
2250
2055
8995
5842
10204
8372
6288
1746
9728
1060
3200
7527
2520
2639
4927
8786
8415
1382
1674
9502
8037
1011
2615
679
6258
1832
6330
3880
9403
9644
1213
7953
4371
2299
3252
2739
8263
9284
3643
288
8368
5105
729
7951
6813
4413
8108
2727
2543
8419
6342
835
9191
1391
400
7524
9486
1079
67
4814
7320
2398
5577
9106
5518
10262
10710
7471
6754
3567
7555
8265
8737
4766
6262
3209
4934
828
3006
5965
1665
683
4437
4202
4211
6200
4268
8860
8571
10145
8776
7156
5643
5332
9316
7736
3279
8140
6763
1197
8338
2237
333
2181
567
825
1631
6695
5102
5659
779
2562
8700
6863
4970
4624
7592
220
6051
2045
1664
9175
4336
8516
5765
8296
2053
10512
3782
6835
1824
414
8448
888
846
7521
1017
1354
979
1859
595
5269
6454
1882
6875
4218
6844
8331
2102
7334
344
2662
6982
2743
3628
6451
562
488
10278
9774
5109
3144
6704
1870
10142
227
4092
7912
3371
6984
3220
7817
149
3225
2695
10568
1615
4862
2791
3576
6307
3737
7545
6331
7783
7181
4555
10541
8994
10613
5289
9714
5008
1740
1812
4922
6554
931
6831
9224
9348
1261
6737
2572
5286
1363
2282
7937
4378
1286
4080
7486
9923
6
10528
4678
9142
4451
4924
9481
8620
9069
3391
4818
5223
7713
727
1914
295
3030
9322
1281
10260
10234
3777
3446
10019
1981
5435
2160
5756
2588
7672
5031
5836
6563
2513
4563
8818
2194
875
9989
10174
5251
5505
2705
6777
5128
7497
3853
7949
9329
6377
4312
3054
3503
4470
9289
1122
3253
3701
878
9739
2982
9211
6024
8298
4547
6684
3591
1938
3159
10215
6271
4718
7170
9830
1123
2462
7866
6705
6687
7139
1334
9015
1797
10182
9955
5796
8923
5860
3983
7318
4207
2254
1897
6799
5325
466
8726
10302
5926
5483
536
2463
2093
1439
879
10439
4006
7988
7574
3653
6623
8101
8749
10632
8584
5146
6697
850
9200
4582
7097
9472
845
1114
6776
6121
9441
9690
7591
2387
6046
5512
4341
1851
2246
954
10397
733
10386
2701
3059
7418
1396
1966
4552
427
2955
1939
1497
4181
282
9165
698
8907
7434
1385
583
3550
7106
5458
6379
7477
9144
6357
10072
3680
2698
4072
5183
5185
6638
5627
7252
5619
1417
4410
237
5745
6235
10048
548
8908
9634
5471
8653
2796
1386
2748
5528
5700
83
4353
4626
7773
10183
9523
5155
4720
10576
5396
7298
10665
612
3924
7872
1250
4832
9721
5237
1097
1748
7776
813
2210
2141
6884
5816
1036
5370
981
9814
1008
8666
1964
7171
9065
9981
1084
4259
1217
9260
3798
4800
7304
6030
1237
6413
1941
10470
8990
58
2253
976
9934
95
444
10237
10078
5448
6401
5944
8278
8067
8248
8577
606
8276
7650
6305
2383
7575
6354
7725
6986
3844
7313
4022
374
8072
7759
6978
8745
6663
7609
3511
3852
5082
7321
8464
9767
2159
9903
6273
9081
336
10159
801
1200
10601
1500
2106
1695
6374
351
2199
3215
6248
7177
4064
6366
7231
136
7478
5090
7092
2876
5993
2545
9431
1980
4710
3092
2940
8103
5447
419
4815
5046
4962
7665
1825
8003
3884
6048
9556
1838
3606
9833
3559
4053
7267
1862
10103
242
5065
1208
9100
10126
758
4573
6124
5239
10113
591
9640
2533
6922
5316
4216
4532
350
279
4601
7544
5257
5581
7718
5312
8032
3042
4376
9636
2654
6700
2084
10044
6076
4983
4261
9340
2322
2733
6539
8831
7938
5858
9140
9737
6560
6409
1361
7922
673
9457
10675
4109
5255
6349
1922
6530
5599
2099
5702
2914
8808
5551
616
804
5766
10001
4258
7086
2561
680
3007
7167
5955
2574
475
792
2026
2426
1473
3747
10266
6983
8501
8324
3539
2118
9719
2924
1108
4443
7416
4850
1803
10306
4316
4916
7855
6098
9871
9524
3478
2557
7330
9681
1614
10698
3690
8558
914
3174
5558
8594
1655
7833
1948
8071
9601
6345
1266
2392
9223
4342
4417
68
9298
9975
2946
7898
831
3908
8005
7563
321
1480
10053
5881
6626
4578
10200
7649
5248
2826
9088
10647
2880
929
8489
9579
6176
1293
1262
2431
28
1331
8053
3632
5463
6392
8252
328
6065
3507
3450
8256
5420
7700
2184
3284
2365
10222
7957
787
2887
10194
4719
909
1798
9546
1570
9360
2018
1640
10245
9856
3768
8075
941
10084
4319
5991
7463
9567
7118
4028
10317
8045
832
7468
10631
5049
1856
2343
91
3049
4884
10308
4284
1584
5695
2846
135
8315
6254
7490
8587
3526
8590
2022
8128
5048
9538
497
10372
1184
3010
6177
5667
1886
7326
3227
8697
10438
8383
5694
2906
6119
2659
8519
2753
10289
4894
6590
1052
5389
4551
7871
4688
2326
2223
10332
2485
5676
2292
10510
500
5464
5516
1148
10565
2008
10406
5411
3724
5584
4762
2114
6407
4135
1558
4349
3205
4118
9645
5338
6562
10027
4790
1775
6701
9150
10180
2532
2556
2394
3206
7166
538
753
10669
10537
1332
7235
6585
7324
818
3979
1588
546
7162
7697
6744
4278
1004
9461
6502
5866
6864
3260
6826
7250
3803
7548
3882
355
4801
5736
6005
9305
2427
761
4439
894
6129
3963
7398
1873
276
9029
268
10073
6537
9380
5754
3868
4660
2339
6676
10608
2797
843
7492
10684
6898
5968
4852
8792
8173
657
2905
10367
3932
6975
8627
6869
4161
130
3238
63
464
1921
5707
4137
5896
9308
2428
3715
8637
1231
1113
2137
7056
2553
5218
7392
6372
1419
6353
7202
7451
10518
10496
4499
10529
6520
3673
1170
10050
1434
7911
5150
7119
283
2506
8803
1115
2291
6843
5624
2613
9484
10378
8179
4233
3668
2916
1100
8482
5712
8791
6087
10385
1995
2171
4603
9624
2098
4954
703
9146
9259
6513
1255
10164
6384
5408
8691
8217
3290
5935
587
6025
5521
5452
7692
8408
4128
2489
4734
1722
1236
2224
4679
3739
3977
2943
4929
8778
2868
3885
1105
2317
8409
3280
9059
1865
128
3091
2397
6174
6842
9182
195
5491
1317
2723
10327
5202
8215
1583
8321
2265
10585
9047
3064
7782
10708
33
2092
10720
3021
4176
5015
1336
1724
10511
1399
9252
3124
5811
2496
5024
1167
6370
54
6508
160
7849
5044
10301
470
2315
5018
56
5323
5292
398
6707
1678
3414
10621
10311
5939
5056
263
7973
7397
10086
5156
4877
8160
10003
6565
2297
5213
9139
5149
9747
2785
5892
5232
5782
1951
8098
9090
277
5158
7784
10460
3138
3513
3819
3269
3419
1410
3300
3276
338
3307
7301
8915
2132
7158
3022
123
4187
2884
1532
463
4308
2850
6077
7045
1435
8958
6234
10244
5474
1381
5297
1194
3040
9367
10023
10474
2316
9932
2408
5517
1428
10054
7920
9217
7023
7971
2327
7747
9037
9598
2269
3441
9447
9882
8612
4125
5354
5499
2757
4110
1847
4682
1048
6958
1929
5640
8303
6950
1390
2191
9471
688
6216
3784
3413
9381
3372
496
8172
1277
8844
2128
9853
1751
4583
25
3097
384
2923
989
7343
307
3362
437
603
9467
3274
3392
4288
8269
8280
3291
9563
9396
9762
836
8367
8123
5637
1280
6690
7910
7801
4482
8769
4789
3081
9434
52
8453
1608
5190
416
9207
2840
523
6017
8641
6528
3087
9619
7902
5249
1786
604
4035
4033
5442
4838
1715
3070
8106
453
1683
3736
921
1323
5148
1264
10696
7642
2910
394
7685
7945
9098
9957
4139
10688
7022
4645
1073
4358
10190
2034
8920
4739
7785
2391
7828
2624
7727
1474
9740
5159
5117
4270
368
3548
14
3363
4698
3557
7044
3741
2975
885
3648
3743
9154
2409
2079
2717
695
614
8761
4787
9355
3214
1628
5058
8946
6008
9586
5336
6559
2959
9397
588
9078
4267
2715
10122
1893
8137
8863
10597
6168
10447
3190
7860
3142
1092
4383
9439
3134
6979
2086
2357
8092
715
5296
3171
1730
3969
4502
9637
2582
7050
9157
4408
9594
5157
9469
7355
8631
1805
5618
6246
9675
9188
10628
8775
1516
9060
8933
6996
7238
3218
6191
9375
1120
5070
5788
3767
1041
9031
5504
6693
6749
4871
6505
6714
5327
8469
1462
6703
7624
903
5523
7928
9149
10104
5228
4199
5072
4269
7481
8599
10411
1330
1518
3009
9982
6126
10650
5191
147
4503
2144
7085
2271
1645
209
5077
9968
10370
2440
10348
8068
6125
6938
9851
1946
7844
10350
9918
4209
10158
8363
7583
275
4733
3509
8583
7079
6106
7617
3131
6490
1905
7691
10132
6122
4450
9602
7466
8416
4906
6881
3034
2287
8574
5097
6993
10667
41
8713
5822
7986
4054
5181
10453
871
4273
9162
9112
7419
3036
1726
9846
6718
7616
9694
3789
4984
5681
9950
4892
5680
6785
7723
839
386
3038
4685
4459
7515
75
6507
8370
8624
1884
5026
4489
6091
8582
5073
9245
5750
1699
7063
3318
1889
4628
712
2044
9341
1585
4712
1577
2341
10692
4883
6004
3895
2361
6053
7293
7425
4812
3916
3970
3860
8565
3296
5088
4323
10307
7974
8301
4283
6356
7243
6100
2500
6279
7175
7947
6980
6659
6118
7017
4973
8597
910
2882
8325
3636
7390
7114
3831
5771
9019
6601
2399
501
4749
4544
4126
8662
9525
2505
10617
4866
9276
3454
7137
8138
2875
917
3281
6675
5401
1342
9032
4874
6311
1553
8494
3443
8190
2836
7105
5131
3500
9775
5441
6308
939
3066
9651
9392
3923
1414
2333
7381
4478
1509
10181
7074
9066
4585
873
5697
2266
6322
7093
5550
10346
9615
5310
367
6598
3299
848
4097
9760
1282
10068
5405
9505
1999
2410
5244
6211
2418
4735
8486
10232
4352
7332
9789
1506
510
4140
8136
431
8442
5854
8091
9287
2321
9533
10598
6430
7447
6132
9741
5169
3735
8536
2444
10279
6880
4427
122
6079
2112
847
7992
10552
8412
7383
7884
5985
4138
8313
7565
842
1171
4007
9312
4195
9638
4925
422
7702
7670
9585
3496
8530
2464
1377
9454
6964
10646
10398
3230
7498
353
3453
3379
550
6018
9613
5610
2220
2310
7246
9686
269
7069
5686
4618
1344
9778
9573
585
10091
8965
6916
615
9895
2451
9230
6444
10043
2637
6278
6706
3731
1651
9401
1551
2119
609
2675
6856
5334
2891
3390
3266
8727
72
9307
9977
7168
3787
1030
5238
5215
4345
1629
8619
4848
4174
877
8293
8524
6275
4779
6398
575
1140
10141
1284
7027
8665
4565
3178
4517
4670
8940
9468
7187
6803
5714
3494
2178
10664
7716
8021
4084
1818
7399
1186
6995
457
20
10596
6205
106
3594
9555
1503
2827
9213
366
6796
10334
4822
1035
8439
8376
7184
4705
3856
6730
6276
7036
1790
7064
3929
3796
2200
4991
10713
4711
6582
3438
6159
7340
4166
157
6743
8229
5118
7525
4121
9793
5196
10297
4861
5685
2356
6885
2024
7155
1789
382
6510
3563
6449
5635
3564
10457
9282
6483
9720
1063
1864
6686
5485
1165
2908
8096
6503
6514
7121
8175
2217
5231
2544
5888
8922
9603
4224
8055
10467
10098
8450
7770
1638
489
9616
1133
6673
2180
9063
932
8721
1735
6680
1971
2945
7296
10446
8299
6495
7569
913
551
1508
9925
5554
5897
1039
4304
1763
3821
632
6244
2686
8146
4870
4185
3584
290
724
7459
6546
1204
10418
8001
3642
1813
9189
3403
4014
4644
8467
10277
4699
6839
5851
7112
4115
9964
319
5112
2461
10089
5791
2516
371
4257
6577
5438
8042
8603
10504
73
4422
10314
7012
9962
7994
3806
1413
4228
7601
337
2852
494
5440
1324
2694
918
86
6800
1427
8537
10236
9790
4902
36
2420
5959
8508
6540
5768
6977
4597
6688
2467
9660
9727
6364
7165
1168
8476
4494
988
8747
146
7526
7009
9707
740
5415
6440
1772
7161
728
7315
4652
9125
2915
9424
8852
4001
6716
8479
4467
1019
7404
326
7076
5815
9797
6224
4533
2234
5116
8496
10349
1855
4164
1069
8009
6358
8135
10175
5541
7014
7903
2831
7406
5220
2382
6775
7448
7979
586
3032
10582
5288
7619
3460
8643
6054
3857
2550
2859
2235
7040
125
1189
1915
6814
10042
5530
8898
6822
10548
8654
10253
9643
10291
5193
6888
2907
5806
3025
2921
4760
9786
193
10169
6649
7946
9408
223
3396
10392
8210
6450
9887
7438
4447
8133
765
9550
389
5805
2696
2366
6905
7795
786
2759
1398
139
1846
8250
10503
1709
9840
342
4709
5273
7061
8974
1142
4082
8337
5924
2218
5903
3048
2772
607
8731
2157
2231
6148
4867
3095
5052
168
9843
421
10649
8193
2263
2479
4360
10151
6415
9674
7941
2762
31
2740
409
5983
7001
10527
2066
7433
8421
6218
3667
6920
8704
4788
217
9904
9103
7789
8120
678
1260
7412
7637
2378
1243
960
3995
1016
8360
2104
1483
3577
1173
10063
6113
1869
675
6764
1095
1521
2492
1037
10303
7396
1024
7054
702
6103
9993
3351
4737
4433
5167
4911
3424
7981
9750
483
6953
162
3090
6481
10283
1586
3337
2470
7837
7980
2569
7059
4930
2883
3955
5833
5972
5606
2926
8892
7287
8474
5906
7993
3800
5347
3261
7879
7348
735
1438
3533
3136
6746
4398
8941
4188
7645
9419
5252
532
6156
2628
55
4819
8249
7415
7753
3015
10520
5305
2552
7504
9890
2847
7130
2784
8034
6783
5329
9173
2912
3248
2832
9357
1526
782
4959
2578
5240
6949
8424
1054
5390
7411
957
9285
5709
9880
8632
9756
9255
4513
4898
10615
5966
2587
7887
8257
7015
7943
9828
5990
952
6233
2276
531
6382
8062
9036
906
2072
10208
6651
9878
6194
9328
7120
4399
8760
780
8675
1012
10177
7648
6487
7606
4587
3336
5753
5473
8789
4431
7366
10517
3497
3962
2014
8333
3952
8422
2774
2211
5615
4834
3574
10028
9911
2598
2258
1622
1303
1001
8648
2273
5588
2823
3587
5285
10220
8245
2036
3934
1209
10254
2848
6846
5706
1520
2346
5989
5225
10553
2221
9278
8529
10436
3061
8475
175
2139
7248
1767
7742
2429
10525
2971
6755
10166
5197
6214
6595
6645
3199
2644
1630
6622
8039
1800
2259
206
9045
2483
8399
9879
986
8874
2642
1793
1234
2459
90
6257
1091
2374
2510
2549
163
10653
4528
1977
2818
7675
2126
10205
5392
1082
764
7322
4083
9580
5243
8110
6061
5995
713
3593
7461
1110
2874
2665
6602
6283
9229
1488
2264
452
6073
2685
4691
5569
10138
5660
4586
6966
9626
2103
2187
4773
6155
8264
6138
7483
4472
198
3669
9244
8876
4942
8927
1305
7289
4277
5573
3219
8626
1883
7048
4577
10643
2536
10404
10298
10015
2788
9493
4272
9319
7818
3938
1530
4049
7897
1659
19
7212
6105
3810
9539
4271
7201
4648
2542
8695
7176
5761
3659
9416
5205
10250
1378
3370
7582
1318
228
9056
320
1454
3686
693
1519
6443
2974
8807
5040
9083
9317
1861
8148
3779
5039
296
10198
10513
9048
8864
9132
2812
3886
244
7180
9239
7244
6750
8579
7861
7735
5723
985
8715
3675
6161
2956
3639
2976
3304
2647
10069
3420
1721
4506
6646
300
8520
596
7473
5129
4672
6760
2405
9629
3168
4912
7830
7659
3766
131
1943
8010
4953
6003
1880
4389
5612
10101
8347
684
7896
1641
911
5977
5460
10484
10352
9639
7982
1423
5699
2004
9221
868
4558
10555
7452
10004
5067
9582
1164
10461
686
10554
2041
6169
3896
2983
2766
10152
3585
7290
7494
2674
9726
4708
1106
6667
8928
6453
5818
9787
3477
3426
3288
3976
4303
882
5136
1425
3429
10434
2056
9102
7445
6399
1561
5
3906
667
1547
2307
6287
8640
8912
10489
10214
4246
240
6515
8921
4446
4775
2330
5315
7041
4129
9536
10699
471
5377
3940
1296
2592
7758
4098
9869
2529
8445
5068
8006
8335
7512
245
7407
2140
3411
4611
9670
3434
6101
3958
5568
1997
10134
4120
2158
3717
933
9362
397
6032
8147
8350
6306
2539
4853
2188
1086
5969
1181
5012
5051
4020
7103
2003
6172
3285
10087
6906
317
6606
8275
8281
2416
265
1820
1471
1315
4761
3537
2255
10203
232
10064
5963
9499
8121
1993
8692
4034
7082
4836
1394
602
10476
3881
9996
9614
6731
5013
10387
2069
1563
6074
5938
10572
6029
5384
9668
84
1424
10075
6766
5814
5542
10274
2965
1118
5250
6299
9135
7956
9117
9409
10238
3035
6184
1199
5010
9116
1267
6147
7470
10228
7683
5625
3102
10695
112
8809
5970
7764
621
9005
3011
3052
10626
8639
10144
5033
6847
5083
2012
9174
8087
4201
4765
7388
9466
4879
4220
598
4536
8226
6900
9810
1404
4539
7731
7350
3452
4409
1567
5631
4039
6231
6882
9607
2052
4753
506
5772
5731
4142
133
10578
3433
7260
10000
8258
10539
8947
5575
7506
8150
2595
9113
852
1210
10648
1833
1212
4692
2203
3645
7258
10671
741
8832
3495
3820
8254
7954
8506
7529
226
8790
8391
5424
6461
7732
9608
5091
4845
9564
6198
9589
6081
3463
6608
372
3529
3904
8656
3264
1249
5345
8212
2147
5409
3620
2901
4945
3406
2913
7811
3198
3712
1604
4804
4839
820
4581
8722
7262
7142
7793
3355
3828
8694
3865
9387
3074
8209
7288
4608
8208
6650
4255
2111
1550
9659
10013
2941
9648
2089
7927
116
1151
330
6527
1755
10547
6519
6594
2122
5976
8827
6521
7839
1222
9635
6974
3344
9754
484
922
7890
4324
1440
5362
1610
4535
5715
9824
10039
3361
2661
1403
6252
8926
6859
9763
349
2169
8158
6212
7356
8525
5671
1749
3100
7907
1288
7276
8601
685
7854
9511
4170
4869
2340
2603
4841
860
7346
5691
3837
3236
9736
249
9498
542
9946
3595
2037
972
659
6969
4767
1498
1013
450
9574
5234
5617
5739
8676
9592
7094
143
8305
6762
8302
6529
115
9152
10218
4842
4031
9337
6557
3773
6315
2862
1373
3239
4638
9729
3145
5673
2618
7102
8980
5001
8023
6387
2213
1
224
9025
4153
7608
8910
10377
8233
5952
5222
499
3825
2209
767
6418
9265
6747
9044
9057
7115
9503
1711
7788
4740
3229
1179
9018
3790
5071
9845
7581
5900
907
7055
620
4932
1449
1677
10426
9153
7253
855
459
2793
718
8253
3110
8991
8122
3123
3368
2498
441
4488
6237
229
477
4189
5032
9166
3287
2547
6672
5630
5472
5087
8886
4633
10268
10136
10247
6042
9609
7441
815
6411
9494
7284
324
2503
8647
9097
5760
6512
8465
8471
4549
4382
10424
6422
8954
3388
1383
8130
5174
2201
6959
5467
7550
4131
9522
7084
1345
10070
4732
5006
9067
7384
4362
643
8867
6228
7358
9248
7599
5964
6260
373
8109
6652
7668
6817
3430
8564
4680
1297
1401
6756
3732
9712
2789
2334
5905
796
4296
3613
6774
553
9000
5634
6848
4468
10383
4150
4023
5689
2849
6644
2958
10575
5144
10330
4372
1634
7505
1725
5728
8115
8952
3679
4729
9124
6144
3319
10243
10433
6274
8311
4972
723
1666
4348
1927
2360
3663
6640
8097
6145
428
383
7534
8434
565
5500
4421
9281
3237
4575
6146
666
7270
2499
3910
3385
4318
4047
1228
3937
4802
3469
5177
1326
2455
8714
9161
7385
1015
3597
884
7
10096
10082
40
1544
3086
8418
1365
905
3458
10403
9452
1155
525
5914
10192
5883
3807
6551
2138
8799
4213
7099
6296
5886
8441
5506
9889
6611
381
1166
7677
4899
1316
6555
6253
4584
246
5555
4759
4798
2009
3586
971
358
6893
6589
6792
8443
6373
5967
5368
7883
7810
3233
5757
10288
3941
1174
448
8683
6227
7255
2933
2123
1785
8777
9873
6923
571
4891
4859
6934
4560
580
9933
8962
9820
1490
388
8392
6045
3166
5941
7013
8165
10427
5855
5605
4826
3389
6243
9551
7091
1505
3077
1703
2058
10573
2414
6089
6158
9344
6987
8385
6999
6425
6352
4041
5200
10658
4510
248
7745
10129
9696
924
108
4952
3633
6476
3407
7894
4190
9928
2994
10603
9185
6286
7820
1043
7547
5268
332
4594
5727
2027
1157
5476
4728
8924
8304
7378
1574
1978
9242
6039
2388
8129
1178
2989
7859
2961
9697
1461
3699
8555
7654
8447
676
491
294
7151
5677
363
2918
6647
8213
10567
4696
8016
2899
6391
5986
5168
5626
7098
7552
5928
5824
791
82
1843
898
7719
1272
10119
2062
8707
8822
5141
2453
3245
4095
5799
9898
10545
10149
4829
4081
5945
1998
4809
5139
7241
5698
7792
5672
289
794
6472
945
5066
2270
4149
8504
2997
516
647
7413
6578
2124
3075
8081
1626
3437
1367
5933
7588
3120
7741
6991
4589
7530
10293
775
10654
3272
9272
7075
9118
7655
966
2452
9215
10213
3903
6232
4424
6192
2016
9560
7740
267
9443
6511
5084
7132
2262
10007
6819
4622
7538
9683
4154
5080
482
8162
3811
5664
8437
10429
5461
6883
10047
7305
3488
803
3046
2800
8652
10605
10143
3912
8883
5956
7687
4542
541
3158
5119
9547
7695
2668
7292
1496
10410
8614
10116
3683
2655
10012
8635
405
7596
2873
3172
8956
7570
7369
8728
9596
7123
1625
10212
2495
9421
2350
1542
3342
9951
187
9839
4418
9826
4343
9847
9785
8621
5837
2631
851
1246
5746
87
4390
6143
3161
3992
7216
9886
4498
1720
3696
3193
1128
1707
5194
8104
4743
7519
8759
6878
1347
1792
4251
3621
6886
1766
8672
2020
10036
2285
3116
111
8373
5086
4634
8309
6534
2728
5778
6816
10533
8199
722
9325
8188
7554
3188
4807
2602
638
221
958
6408
10343
6708
4994
7234
5848
2664
1215
994
10024
8155
626
9129
7696
2095
9393
8344
6256
9870
3917
6221
9024
2068
3235
1624
2764
4060
6459
556
7145
6736
7338
7508
1340
9011
4172
1283
1040
8976
5918
3448
7491
6661
6586
7633
9867
1925
6853
10536
8596
3008
6456
486
10358
8490
302
6368
6292
6492
10046
5525
266
4079
8093
3127
7164
7923
4844
7474
8600
5227
4426
8377
3491
3956
10657
3804
3317
9673
5644
9919
1327
1335
8206
5597
8025
3750
7886
1620
1441
8533
3377
514
2293
4810
6059
2679
3327
4429
3799
9353
6423
8030
3670
8384
3967
9995
4339
10066
4457
891
4614
5038
4326
908
5395
3730
9779
3096
4087
965
5021
6947
8604
10700
890
7111
6394
1104
6575
3649
4707
7640
4374
597
9145
4112
7571
9994
2928
2190
5324
3623
840
2824
9735
3251
10223
7029
6820
8748
9710
3179
1320
4438
291
7516
8837
9827
7671
180
10719
5762
9311
4858
5958
8432
2196
27
6157
4059
4002
5565
5733
6523
3094
5242
9030
8127
8834
2284
5693
65
4956
5614
10255
485
1083
7781
8829
6351
2050
1154
2855
1256
9723
9835
3147
7551
1658
8273
4171
3334
6587
5497
5937
6304
8004
901
881
5781
2680
8289
8259
7236
2720
8111
5922
9186
5831
213
8526
7368
1251
292
1002
8334
5748
10061
7703
8356
9133
7502
451
7843
1830
215
4289
6631
9849
9395
5456
3005
234
7595
148
6014
9865
101
4574
1750
9351
2314
2653
7987
274
10465
3794
10131
7043
508
7774
9665
4253
9147
8387
8307
7220
4997
7230
5360
335
7749
4516
10619
9812
10357
10272
8458
124
8414
8701
3846
8237
8427
9947
7549
3840
5207
7542
4686
6325
5433
9501
3845
5524
8575
6757
3521
7501
6082
5233
4292
9332
2966
1078
3106
1908
1259
4895
8509
6441
287
3162
6396
8904
5427
5683
2688
3549
2671
1006
1029
8218
3315
10034
5583
1136
2494
10563
3187
8622
3423
9004
6497
2437
6873
6855
10487
3104
1779
7450
4676
10637
6217
4851
7496
5663
3862
859
7467
2230
1636
4621
5101
4484
7362
834
2627
8382
3231
5658
8838
9437
8580
6442
2929
1689
3598
9577
9016
2951
1096
24
5230
7371
7393
8548
3953
3098
6533
2892
7004
2714
6134
4831
9071
6136
4690
5276
1357
4726
4961
8868
2241
7777
10074
1780
9859
1360
955
592
1527
2948
1192
4266
1854
7603
5278
8650
9292
4979
4752
7083
4240
9388
10639
6937
6123
2059
7908
4210
7053
10633
4366
1309
1523
9263
8126
4026
4009
717
4440
2623
9068
5670
7543
357
5779
8358
2300
4238
4021
1416
6164
4299
7213
1226
3012
8180
1230
5493
3084
2267
5865
5639
4441
946
7409
10176
8205
9093
6250
2935
2949
4309
1954
10011
810
1866
9715
8056
5657
4935
6926
5496
6439
7206
6167
10347
10391
964
5692
9997
10275
4452
4620
8379
1129
9203
3788
6946
7493
566
1448
1333
1823
1479
543
5060
3957
3892
9279
9733
7748
1524
10381
4717
6715
7070
8161
6617
2746
5536
3733
346
7302
5495
8957
1127
8595
1578
6324
7278
10374
7464
709
5137
5307
164
2243
9698
9094
8114
7851
6266
1759
511
2458
10599
2376
8219
7351
3982
3629
10586
8889
3727
8390
4835
1654
144
2107
2830
5604
7341
3352
1130
8339
8805
7299
1068
1436
4363
4331
2577
10693
6892
3224
7309
4407
645
4025
9356
2614
1162
9618
3518
7865
7352
6552
4466
3827
4908
6838
1138
6052
9535
6773
5449
841
4370
3898
10221
1460
6022
5378
8200
6419
4239
4572
5607
2765
7765
4107
2942
1753
5875
1468
10365
5106
21
10677
8686
7540
5311
10356
7662
22
1075
7528
7577
6043
9985
4571
3612
938
10057
4117
4564
7514
194
8899
7867
10059
1769
39
9219
5522
1366
3060
2869
8645
10295
7634
5241
940
2988
5580
44
9992
4089
10532
9628
5439
225
3647
3672
6179
181
9238
4340
1248
6535
5318
6955
7316
10577
4860
3442
9270
887
4907
2507
4987
889
5704
4724
9379
5787
1989
1760
176
5790
9980
1621
3088
5133
438
10127
3866
2864
6400
10264
6825
6758
653
8689
2992
2546
6896
6251
2468
3278
3240
4864
9706
7173
4456
3222
8757
2575
1575
5041
1177
6350
455
7109
853
5023
6255
467
2097
2672
4206
7387
10032
4094
555
4768
5351
4890
2934
8040
7622
1072
7863
912
5147
8968
3761
8395
6861
557
6908
5099
8717
3397
8750
3484
5416
3618
6204
8082
2110
2877
2531
8674
9809
2412
4307
9730
5253
5849
5465
9758
7457
3295
5076
9170
6630
261
1761
2436
129
4237
3872
8323
2400
7646
219
6285
2385
8970
9915
9745
10351
7060
1504
2551
2030
4045
7067
8901
2616
10564
4668
5961
4338
10065
7129
7881
3590
10184
1337
6281
6166
6485
1829
5258
2813
134
9480
9496
7877
10590
7295
7349
1919
9435
6815
6699
4808
6378
1632
4731
8884
8559
2406
17
5920
3528
6175
7389
339
5638
8563
4635
1576
9095
8734
4500
4806
5027
6668
1369
2993
3615
5459
8119
2136
2815
757
4669
663
4754
454
8764
5623
1953
7319
2564
7178
9731
8063
1076
1686
1387
6579
2268
7673
2379
8266
1144
10077
4553
4657
7442
13
6615
10360
5321
3316
3031
8543
8671
5971
5019
207
8798
9299
8472
6894
4182
4716
7935
9474
2425
10240
6242
6674
9159
9440
7714
2969
7959
651
1313
9794
8381
10016
1973
10571
9669
369
8328
3359
5916
10161
9777
3583
8896
110
8644
9368
1712
5295
1247
8813
1960
9822
1077
8881
9339
69
2337
4780
5876
7888
627
5705
5998
2460
10706
8729
8833
9297
5546
7286
9209
9913
4404
3400
7317
6547
6471
6671
5932
4151
379
3596
2515
8735
7708
179
3301
3839
3604
4955
6818
1107
9485
4231
4943
1774
594
2721
7408
8014
7621
6313
9862
7489
2061
5717
3560
8588
3156
2816
7797
3208
9801
1513
7832
9089
10318
7975
1232
6223
2996
1926
951
4849
1456
6636
10602
3654
10443
4263
4509
8483
10422
7932
5721
5592
3182
9811
23
9990
2605
9866
6337
1682
4052
9050
7233
3998
2127
6452
9390
5942
3873
9894
5509
3764
5534
9179
1947
935
2871
10242
4453
4062
4797
10663
1868
6404
7738
390
3439
5053
4795
5901
8636
8074
2113
5996
4505
4024
9345
7523
10674
3210
5579
711
7847
6327
6544
8061
6891
6723
662
1974
4885
9572
3734
6027
5423
9725
7730
9449
5975
203
3600
9561
8366
6778
1598
3506
9007
2047
978
5478
7653
79
9232
5437
1273
1389
1844
2917
8810
10479
3999
3581
10338
660
3062
9709
4641
10379
8318
8824
8710
1901
6809
9110
9776
1494
278
2737
8893
7631
7152
4252
7744
10231
1795
2909
7150
10320
9404
6201
4985
3115
9973
5462
518
6162
564
3395
3755
10290
2446
7520
1600
5138
7775
3101
2629
5572
2838
7899
2750
7612
3874
1143
109
5519
2776
2742
10002
8295
117
9591
4736
3973
2881
582
1690
5245
8314
7842
8546
3019
6249
1141
4217
445
5997
4903
8959
8716
3939
8090
7011
8576
7715
9978
8164
948
5426
2189
5486
4629
1876
6206
7857
7374
7197
6919
4526
9527
7052
2000
5868
3376
8449
3271
4351
3286
2643
5789
953
7480
9389
3457
534
8117
528
5355
1044
4936
7853
7157
8203
9831
57
3020
375
8754
10704
5845
8955
80
1791
9475
2538
4950
8698
2811
9163
1961
235
3650
3151
3393
7285
2709
1522
7625
2011
6289
9366
6624
8022
1637
2756
1380
7726
5652
6770
2017
8875
4249
6496
1195
10407
6614
8113
10466
6836
6912
4425
8403
1489
2837
7328
10452
9046
6944
5675
4355
5979
370
6473
10196
2897
4105
6694
7224
8407
2362
9280
5413
10331
9300
1182
7652
6711
5742
9306
10336
5557
2931
1517
3674
10371
3546
961
4666
3611
7113
6903
7227
754
4
4208
214
10611
3451
2048
473
3197
4921
10610
1560
1027
4588
3919
6410
8547
10394
9054
3920
1463
6107
1601
7868
3644
6060
1102
201
6717
1051
5770
5300
6738
6797
5587
6130
5489
9091
7578
3249
5470
1732
9268
3512
9658
4823
6619
4194
2540
204
8251
3164
5407
5317
9483
4613
9122
7931
8514
4313
10157
3630
10604
1411
6402
5453
1616
6805
9558
8182
5201
641
4247
6666
2384
1796
3646
2501
3720
9743
10018
5063
8617
3386
9765
411
2272
6642
3508
849
10620
2684
1936
6203
8512
605
8271
8086
10420
6000
8243
3404
7720
8174
8752
3888
3169
7597
8485
7193
6484
2466
1125
5887
742
10163
4143
10211
9791
5744
34
10316
9399
7225
1668
10505
239
6830
8703
5331
7660
2336
7144
628
2957
10402
3203
1397
9195
4940
4293
5792
4636
4518
2115
5204
7846
8658
362
5007
259
8549
308
9976
1771
1314
2473
9695
8287
4632
7016
1579
7766
10286
4554
7149
7420
6583
2781
7031
2423
1693
7282
10592
2656
1606
9296
7303
5206
6904
4347
6742
2077
4556
8836
2947
2370
2163
10488
9385
7066
6154
5817
2669
10449
10261
2367
8642
547
4420
755
3246
7518
3294
9570
5302
5229
3863
8615
5501
3033
2192
8581
169
5793
3759
2775
5962
4878
8142
10634
8065
1306
9804
5571
6658
5304
6939
520
4179
4242
493
10480
10609
4099
3320
10321
2706
6092
872
6188
2332
8481
10014
3490
1459
4481
10636
1777
10109
4748
8989
5186
4464
5057
6828
3181
2109
6321
6220
9874
8362
4627
10130
4377
1799
1117
5404
5514
3930
2986
4918
9430
9491
7482
1821
10676
995
4412
7444
4639
8417
3554
6599
7598
7189
8693
8041
8677
2790
4392
1684
9082
3702
2581
8105
5074
9557
7656
2511
6998
6141
5763
6691
5346
8477
8050
4068
8459
2100
8426
258
9515
9969
2801
5951
96
8535
4886
6023
8015
2820
1568
458
5720
2591
3107
8500
8375
7472
4243
9033
3399
502
2932
314
8906
465
4937
5326
5393
9009
9800
9034
1986
10519
8800
6989
10045
5161
5017
5029
9220
503
6821
7874
10581
1111
1965
1528
2131
5807
5529
4714
3721
10326
2576
8963
9470
3073
88
7147
5140
5016
7051
8851
6310
172
3201
3951
9661
7819
8246
10230
2640
7373
1657
9151
93
7297
7021
7265
1134
9459
7134
8797
10373
2433
1376
8939
1098
1093
968
5902
7663
9529
2985
8049
1235
1681
7141
3894
10076
352
7694
4777
5713
3991
5574
10711
5830
2964
7003
3072
5825
5769
5724
3928
6506
8664
1549
5711
9954
3381
5160
9807
915
10120
8550
4989
5846
992
7283
4256
6303
1595
5582
8202
3708
2782
1339
9233
7192
9041
9235
7367
4881
4519
8487
2987
7089
6593
8690
1109
10137
7924
7344
9206
7876
1811
2716
7484
3516
173
5758
5236
7487
4704
9442
9426
8035
6876
9488
8380
9130
2769
8913
1499
10482
2822
4595
2445
10509
8753
8835
1731
8572
4631
763
9672
9101
4969
9172
7312
6151
947
2527
9722
990
10252
9108
9960
5431
6334
6768
121
8532
3725
4102
6385
5767
5045
2518
4480
1074
5113
7763
3525
8286
9799
9901
4947
6564
3769
5923
8724
4088
833
1268
690
7030
7072
2073
6941
6951
4653
7325
3838
8211
8300
10088
5211
7046
6437
4816
2700
7254
10430
4976
7211
5022
772
7033
4664
348
1124
3771
7733
6068
5454
1032
6616
9327
6464
9949
4260
944
2049
4317
10055
4048
959
3723
9753
5319
5000
7329
6015
6290
682
5247
823
2866
2380
670
6127
8742
10521
2724
9422
599
4030
1592
10588
490
4075
1934
8801
4706
4727
4136
4124
3946
9518
5823
8578
6719
5419
3312
6604
5134
5037
1245
10280
3047
3357
7926
3742
6973
4920
9766
5992
5668
526
5919
1652
2183
6028
3729
5862
3695
6272
9075
1453
6804
3189
6405
8341
4279
2015
7057
1663
1150
4876
5576
478
9679
6633
7803
10056
4005
1817
6225
896
6710
6236
5402
4654
6050
7414
3751
8044
7778
8638
652
3323
85
4546
2252
806
6808
1913
9916
6729
2541
8238
9953
2166
5909
2419
8725
7690
2962
6489
7610
6386
5628
8845
402
3832
7939
10680
6874
8902
7614
165
10471
7816
2649
636
1599
7210
495
7185
3890
9691
2726
1900
2526
16
10451
9267
8
2865
186
3692
1705
6376
3682
3754
3770
10030
1933
3678
6669
10071
856
4462
2091
2599
2770
9199
3968
8787
10312
6787
1191
6860
8308
2799
8849
505
589
2944
6388
7787
4200
7439
4229
1319
7658
4741
4949
4186
1514
8429
1540
3816
4050
4381
2167
1591
7791
8755
5421
746
5343
3398
7336
3265
2508
8667
10345
2198
2296
5722
8891
8897
4286
9489
3849
8673
1932
5980
3818
10469
8570
560
6096
7955
2621
5280
770
9599
6463
1537
751
4993
9803
9359
8089
5893
2368
4512
2005
3176
4960
2306
706
6569
404
9703
2088
2324
273
10593
5397
1352
807
7838
2842
3544
137
3358
858
1762
9023
1487
3152
6178
7562
10683
9462
8404
5560
407
1153
5564
8964
6928
9752
280
5844
9749
738
103
9818
7826
3079
4999
1950
7160
8854
3740
9021
5381
8825
5180
9258
7221
6012
1543
1311
9821
8873
3942
8743
9407
3067
7380
3467
7229
9477
8361
1850
6927
1688
7750
2712
3024
6639
9335
8589
545
8885
8629
4965
1747
8918
5800
1258
10485
563
10584
8528
8402
5350
4192
9391
9632
3535
6823
7126
9257
3129
293
5978
380
2738
8145
4689
5867
4203
6355
1776
1045
5957
3303
5927
3608
2889
5729
8262
2744
619
5153
3380
7169
8551
8720
5400
1431
854
7710
5096
4813
4085
2476
9576
2570
8857
7454
579
4931
3132
3959
4497
10673
2609
2954
2177
1292
6943
1834
8925
81
6852
6090
3899
2129
6295
10368
4442
6323
5212
600
10709
2622
7858
5425
3706
9121
5313
795
3592
4320
3858
9927
2606
7722
9478
4593
433
1582
6291
8521
8709
8966
9336
98
4684
1923
824
1660
7917
10117
899
6361
9228
1778
1329
6326
9653
126
9250
5216
9058
9363
8017
8780
704
7159
2402
8139
6907
7995
6071
7985
533
3133
5999
5005
1680
830
4496
461
7568
2646
7000
4400
10557
9204
8848
2074
10209
8191
1132
8771
7533
3135
4671
8214
1161
7386
1252
5208
8751
8859
10375
3501
8766
1742
8374
4158
1718
3217
4013
6067
6854
8606
8773
4515
2042
6798
5142
7073
6902
7706
5803
6568
3298
7821
522
4037
3003
1338
5520
601
1937
3842
928
10259
558
9428
5934
5135
8821
2242
10309
4395
515
5785
8973
10225
3387
1572
5179
5545
5879
7353
1238
4132
2143
1221
6810
584
3113
5410
5949
2214
5130
2804
5210
5808
9646
8346
2725
3703
3180
1147
10147
10185
8027
6494
3635
6790
5267
3348
4475
2090
6877
5054
4479
4811
5861
8498
4625
1026
7812
7476
2751
2411
2165
805
7906
8351
1429
10090
6363
1569
3163
9684
6628
9510
10540
7667
1903
6110
1341
9926
10133
1819
4096
10111
2687
1752
9301
4386
4076
9701
48
3791
5275
2537
3631
1014
4432
2349
6516
9254
10475
3114
7952
4449
8517
8540
7427
5490
10682
4817
10241
6165
4840
6215
4747
1646
8070
6435
3505
2185
1038
6362
6247
2519
9423
9158
8911
9003
3944
6477
4328
9137
5330
4803
4379
252
3263
8997
9096
861
5271
2162
2798
285
2657
3435
3994
6109
8369
665
3373
5513
10498
6037
2960
8227
6346
10049
8628
4369
10235
8633
6010
2033
9064
132
7967
6965
9605
9860
10112
5871
2424
1219
4265
3029
3985
6871
736
9455
9013
3605
7532
2207
2568
7729
304
1421
512
3573
788
2449
2885
3911
5838
2693
2699
6238
5309
925
1987
7728
5092
1842
2870
4483
5780
7277
4675
9378
3121
3183
9136
6899
2755
10556
3677
5538
10107
5262
10591
10035
30
4637
3257
6131
6637
9559
9680
299
9868
6316
936
6660
7693
3855
8705
7435
446
2858
9963
6627
3078
1067
9338
7767
874
3936
10428
1486
6104
10712
1566
5303
4056
6915
5359
6679
2559
9304
8124
10652
1482
1458
8048
6478
8455
9167
6498
3848
3339
6752
9519
4103
8168
4619
1713
6866
2238
4241
6466
4042
6655
2256
10595
6733
5263
492
8420
10335
10364
1135
5973
10612
6895
1837
10530
2029
5333
8451
9216
8936
5294
188
2809
691
745
3520
3254
2216
2108
1623
10566
5358
10655
3207
8242
4036
6328
183
8602
10249
5151
8073
1180
4354
4694
9055
8812
4974
5874
3931
3068
4992
6702
3427
6868
10273
8277
3960
8763
9808
6049
4548
6070
8149
1193
7864
286
7200
4910
6149
7431
4130
4504
5921
3664
1295
2970
4168
4529
9678
8756
192
1852
119
8855
10191
8815
6549
2604
4722
2236
9744
6500
639
7245
7813
3226
4070
2001
5853
4725
211
8440
618
8330
5383
6732
9107
1956
15
9938
1028
4507
9414
6381
2670
3891
790
646
8154
2580
10627
205
837
5165
9183
866
4134
8682
10390
1670
7929
6641
8972
3835
2995
9062
844
3462
5291
8708
2071
3656
114
1806
9883
3425
7824
5353
7460
10587
10660
3466
9970
997
1648
1548
6665
9256
5004
8566
3823
4615
3783
3626
3082
6767
5477
2456
8828
10651
1046
2430
934
7370
7539
3228
7914
1007
7376
5598
5947
3981
10118
3980
1430
6981
7707
8681
8938
10021
5093
9657
4606
1992
8738
3140
8444
7535
3517
634
8871
6592
2648
9412
6913
7136
5856
8882
99
102
8795
3582
8552
4454
4436
2232
4325
1062
3468
5777
2182
1955
6917
5198
6806
1643
9376
9184
8719
2094
5466
7259
829
519
2736
1967
218
4055
504
7940
10409
10156
10415
4254
4357
1878
4184
4111
3786
6040
3607
8820
573
5864
2682
9600
2125
2484
1384
5170
3080
1596
9398
9705
1650
8869
10355
378
8814
3137
6075
5299
2632
1802
9193
456
5339
10497
5590
8167
4944
1794
9506
9842
10421
7401
5320
10233
6080
9302
4730
10146
2172
4562
3795
3553
5749
7249
3538
10574
4344
8969
6486
8223
10388
8850
70
8853
46
7978
4178
4514
10162
2802
5020
3089
9526
2626
7008
9877
3243
1879
5585
5209
2215
1815
6335
5873
3756
7354
5882
9061
3599
4463
6610
3824
3456
5840
3536
7410
6890
5342
6538
507
1033
6269
930
6576
10173
6438
5122
9647
26
230
9201
6745
7294
9240
3421
7462
5028
6499
5878
8207
401
1565
3945
9693
5839
1371
1928
9446
5373
2247
5734
8660
7632
8176
4986
6709
3805
10008
2481
9852
7999
9432
769
1393
9716
10125
4274
1917
9836
5455
7629
2105
4236
7218
4491
8585
8255
5533
9623
1211
77
956
6850
10285
10456
3292
385
8171
5290
377
4774
4460
7280
4493
4321
2525
3014
360
8283
301
1552
2833
7195
2283
5348
10097
6727
4988
4522
4540
7215
1758
8765
1529
1055
9085
7936
4305
8240
10079
4069
449
1112
1475
2205
2667
76
8425
10629
4156
1201
1478
1611
2977
3479
10167
1783
7969
7436
9463
4219
8195
2051
7456
857
6971
243
4356
8539
8556
9196
4066
3154
9936
2351
9382
6994
7240
5379
7754
6241
3738
9940
4623
4590
5172
1809
3833
8511
7998
6412
1131
3744
3660
983
7495
3375
1990
7701
6055
5682
6643
1559
3864
10201
9350
8985
7199
4658
7172
3057
5422
7279
6420
7964
2953
9924
8388
10440
1139
8522
425
6501
4782
7666
6434
9251
9931
9542
4673
1734
9677
1010
6911
658
7426
8942
236
529
9959
1406
8235
3051
1701
2939
6013
5567
1233
2197
1671
9309
10058
9249
4027
1353
9569
1899
8064
1587
4234
10363
7251
1916
10538
1991
9588
5341
7375
9479
3634
3726
3651
1066
1904
6541
4248
6997
2
2319
2156
2152
1617
3622
8680
8002
5774
697
4531
3652
3366
3523
5931
9991
3335
577
3498
4180
9652
2825
7537
3718
4380
7651
10508
9902
7174
9020
10702
4428
9999
920
3514
4820
2610
5586
9187
2353
8239
8359
3610
6526
2968
6728
5337
1970
10589
1887
6962
892
5764
9837
9271
1653
4854
1126
8979
2202
2227
8354
3262
9168
1412
7669
6990
7880
5047
732
4275
8657
4674
4332
10607
6851
7815
8463
720
6302
8783
4245
1088
430
2179
10640
9266
8591
8125
4872
10092
5365
4214
1784
9829
5735
2760
7768
9042
1535
7424
5035
8069
4183
10304
2278
8661
9465
5059
1085
6421
5776
4306
3175
2886
4294
3829
4445
5349
10135
9070
2803
10251
5535
6433
167
6097
6445
2076
8107
10659
5987
610
5246
5669
4435
1881
2325
5283
8762
1021
3499
7661
2625
1694
6210
3401
4662
10384
6739
7627
9373
776
5908
8992
7423
2161
7058
7814
4757
6371
3927
6475
315
8830
9342
9671
2980
3472
1831
2565
5857
1691
8740
3972
3745
2206
1432
9899
3834
6759
637
6318
8909
7841
2028
8433
7536
1958
6102
9782
10022
5752
3157
9264
6095
9617
3255
3482
8316
4828
2998
8231
4144
4919
1216
5219
9908
4882
10526
4169
4012
2279
827
774
1661
2454
3211
4406
7567
331
2280
3588
6336
138
3026
5828
7081
6277
4501
361
6518
2019
9905
9972
4003
1321
9772
3408
208
8470
969
3809
1094
9291
10408
2415
1299
1739
10239
7110
9370
8327
6720
5340
8326
161
822
199
4221
7179
719
8288
1447
6914
170
9578
5743
7455
4091
10197
6879
7264
3402
10153
5132
51
10473
4663
10029
3540
341
2134
8083
2434
10337
3485
8343
8553
4387
2149
9358
5561
1289
6802
1573
4282
2432
6312
5104
817
9816
5406
7361
655
8386
1269
6006
5372
1781
5221
10644
8066
5701
10697
6380
6782
9597
5810
9371
1359
2490
2872
9400
7950
777
4311
3306
3558
1225
7734
7135
3918
10464
2612
2711
6332
4873
7933
816
9460
6320
1672
7972
158
3195
980
3900
5930
10322
6952
7794
725
2465
3150
4946
8730
262
264
8011
1716
2025
8774
6186
8029
6034
7960
1727
2566
1437
967
10202
8978
8336
43
5880
7117
5629
10499
3346
10715
10219
6432
3950
8670
1875
1853
6347
9930
10170
4043
6426
9222
7138
5375
4713
5264
3814
1808
10010
474
5589
8744
3234
1607
5910
3915
9620
7068
7391
4367
10714
