2167
6612
773
6964
6341
1061
7825
8916
410
6030
2020
7664
9531
9836
4774
10469
10256
4079
3481
7479
4391
7610
8135
3420
2419
5017
1537
4396
7523
8845
8082
4296
6805
9083
9793
10715
2534
10170
2658
7508
1029
8650
4858
10702
6331
6128
8488
768
6950
578
9726
622
9659
6792
9236
8994
8081
6190
3777
515
3620
9376
9172
10436
854
6813
1498
1705
127
7442
7309
2435
3780
9840
9315
10718
5974
981
4242
9374
4703
4065
3510
8219
6340
8396
7541
8791
7982
3388
7471
2533
4905
8211
288
9044
982
608
699
3874
4024
6635
4624
6624
2625
10145
9969
1070
6335
6550
10043
9754
6807
1010
3910
10172
1864
4830
8862
4022
1856
7696
9347
5412
4229
1395
374
646
2287
8774
9228
5383
6270
9504
6577
6650
3011
5515
8278
4863
6569
9332
2896
2006
10128
6334
9013
6186
6651
2804
2564
858
1458
8421
560
3532
9232
9800
811
1104
1286
3243
9806
1411
197
175
1152
2247
8881
9339
2562
2920
269
7868
2887
8091
8194
8457
8596
5231
10279
4876
6117
1401
991
2157
10582
10119
5004
910
4777
9158
3739
8206
573
1122
9894
8281
7631
6982
435
2909
4797
4052
6943
8485
6135
5947
1077
4546
9011
4889
7572
7996
3489
6182
9149
9580
7023
5232
8925
1711
7896
3528
1320
8368
7911
3415
10644
6178
425
2897
6503
4040
10249
78
3062
2761
4135
2193
1935
9561
73
7789
9808
6120
5810
9248
7812
7586
7937
10553
3689
2047
5619
3203
930
6934
6786
6392
6257
9029
3923
8955
1145
5161
6378
10267
9982
6646
2158
7908
1860
4838
1643
7339
5818
2283
2043
8462
4153
929
7206
673
1611
7416
10592
7359
9176
6816
5814
364
4243
3948
7223
8706
2378
9530
4178
3037
9319
4159
5474
9520
2858
2996
1983
6796
6275
3636
3103
2201
1710
927
3018
8668
6928
617
983
2084
3096
8910
2102
8272
396
9105
6615
10456
4915
2754
6923
1486
6161
6094
7490
7420
911
4006
5712
10375
3170
2334
10259
448
4732
9483
6485
101
7209
7270
9922
6263
8178
8438
2967
452
3075
6432
4782
3875
2724
2430
3235
166
4820
8455
32
6662
4747
311
10099
1381
3799
3603
7114
7956
6817
2407
4947
278
5391
4251
1838
4956
9243
2557
2836
2242
8807
1473
4011
7117
7643
4641
6007
4252
8114
9250
4133
4506
522
7920
5033
1112
737
8755
748
9986
2094
880
7256
5095
6277
5808
7178
5727
2259
35
8287
5794
9991
10118
5079
5734
6993
5402
6006
8460
6039
6356
3507
7634
7810
4951
5915
383
2697
4004
3678
5495
2673
8248
2142
5196
10598
3468
10693
10056
917
7016
7282
2531
3764
10475
6430
245
8146
4789
6249
7072
2752
8850
4481
3830
9487
1717
8976
9816
7995
2251
3842
5890
10211
6099
5650
984
1444
6995
1165
9371
9505
3623
1538
4654
3630
6598
10536
1055
2099
10487
2483
2433
7745
4712
10373
5453
10630
998
8192
4813
5324
2794
4621
1716
796
1629
7758
8427
6185
6872
10523
7381
6492
6775
5008
4380
2280
3950
9805
9295
4187
2291
6955
194
7040
9613
4676
4664
3506
4564
3160
10166
9485
5886
1961
921
233
4600
6369
6884
9451
8509
18
9527
8385
8024
5691
5414
7657
3651
3783
7340
9679
2918
708
193
4013
5998
3290
2780
10179
5455
8935
3121
4446
6225
9664
7757
5896
7788
9742
8761
4501
9691
1948
516
5679
7725
371
9868
7623
9939
4674
2488
8253
7564
378
5125
2993
3520
9034
7590
4231
1985
6193
5367
9007
2743
4944
7663
3669
5333
1443
2649
5676
9009
9262
4738
9811
6206
8474
1523
1875
4253
7929
1039
5602
7400
1065
2413
2249
1556
10237
1801
3551
6795
3584
3016
839
3838
7124
9535
10517
7228
8707
9880
5021
5162
4758
8547
7090
7439
6416
5186
4643
6902
6630
446
9602
8443
9615
4548
9337
3218
1701
893
5648
9076
4847
4443
5454
8725
2166
8224
4245
1244
6325
7975
2056
4964
7574
8023
5448
2190
2126
8680
9669
3588
3077
6556
10467
2602
5056
2899
8313
9093
0
8168
7059
3033
2767
1185
6009
9854
5263
1827
7921
8986
9184
2275
8143
7945
7441
10227
5836
1905
7156
9260
8811
272
2848
3866
5163
9740
3147
2972
8213
2792
10562
9471
2311
6652
2248
4088
1205
9796
7337
295
4057
3345
4588
719
8434
3926
9141
8395
6895
7373
9750
10126
6239
3760
2024
9944
8499
9098
5904
5235
5870
7565
1811
891
8914
9590
1290
5298
2627
4965
7029
5316
10554
7334
394
2089
1115
4138
715
5717
905
3765
10399
1327
8424
7866
537
6289
4633
2820
10006
7686
3405
8517
7004
5550
2854
8150
9980
1652
5307
2476
2698
9196
1337
2771
8614
3878
4007
146
6781
7626
7101
6486
4482
9725
8892
4038
3019
6766
9829
10321
4455
6350
1582
6551
4456
805
693
3172
5524
5510
606
897
10583
1799
4755
2015
313
8610
695
3769
2672
4814
7172
3850
2185
8598
5588
7821
3560
6018
5580
1726
8106
4222
7640
236
5824
436
8583
9060
4124
6829
6731
8856
8566
4719
2749
4839
2922
5748
6314
4364
329
4179
2369
5278
6391
10580
53
5337
5624
4754
4791
3109
10519
4620
1947
947
10176
5335
6860
2529
9911
6247
9237
2392
2643
9225
3921
5502
6231
797
3127
6101
4590
7713
4353
8379
3808
896
7534
10626
478
7367
10645
9090
7647
4436
7742
10559
1390
4510
10299
2890
2655
2626
6709
9286
4043
6019
6668
2708
475
8782
8196
10471
6715
9887
2321
718
2470
301
4184
2868
10531
5368
6921
265
5644
3742
8600
6038
5417
495
3545
3519
8064
2573
1903
4528
10499
7104
9439
3298
8837
39
1431
3554
8155
9207
3937
8821
5809
4634
10575
1359
1566
7874
3144
3740
1259
9835
1450
5424
581
306
8615
9032
8225
8701
730
6732
8840
2927
1658
1076
454
6708
9128
319
9389
2449
5483
8094
3299
7749
1468
1072
9065
1551
6606
3564
6284
6034
5528
9853
9384
8318
8310
2098
6068
9831
5172
7268
2944
3465
8174
7862
7375
3897
3277
1469
2017
3889
2950
1654
6097
6375
3130
1049
3756
511
9024
16
4623
3845
4280
4953
9954
3547
10143
4021
10208
187
8201
2739
3335
10009
634
3234
10160
273
2022
5433
3971
10485
3432
10705
8007
6640
4183
1161
6729
3287
5783
8317
2244
5341
7166
6578
9540
7369
822
9762
7396
1994
2668
242
10200
1908
8136
5775
8504
1696
7814
10473
7709
2465
9195
6478
4315
10107
10098
8906
2583
5144
8167
618
6516
864
8353
3963
9381
6571
4565
1246
3890
8373
10701
2025
2455
5437
139
7454
10139
10038
3735
4688
225
10045
788
2862
1982
5127
5910
4638
6159
8215
1539
8066
7054
5028
7179
6103
7238
5080
3311
10102
6021
3003
7919
4742
6080
4729
6001
706
9978
3750
9696
1766
10034
7836
6065
5921
3276
6701
9577
2678
8911
8152
6104
2704
2370
159
5429
6383
9745
6344
9753
8764
10482
8797
1713
2689
3390
2219
7871
3326
8330
7636
7994
6123
6237
8784
4645
5616
7571
9475
5964
6661
3579
3856
1854
4476
9379
9053
558
5596
6448
10347
3148
6311
2335
6759
4358
3553
4339
2146
871
9875
3785
5643
6973
4822
4962
2814
3744
6126
9239
1037
6216
9130
7849
10506
3617
10185
2640
5642
5238
7147
3508
2278
6511
590
5638
5806
3189
4326
7094
9698
4908
8500
421
1147
5760
1243
3585
4478
776
3995
9014
10677
2115
6597
2553
810
4283
1270
1791
5595
3133
4359
2751
7954
9117
2393
5813
1865
8679
5980
318
7991
6154
6959
9539
3839
3458
3966
439
326
9021
6035
6873
4963
10476
7322
7743
8993
5670
7163
7161
3852
9799
9856
5431
9833
4386
9431
6719
2520
1661
3718
4761
5585
7287
500
10657
1092
5255
8560
1189
9277
7243
603
8653
6915
8564
6508
4327
3252
5009
2272
350
6821
2060
8369
6888
3413
7938
1366
10096
3683
8891
395
3538
6010
7852
4700
4582
1863
2915
7460
6427
2501
217
6929
5938
7779
7065
7736
3268
5505
10581
10210
10124
283
1157
5165
3154
8649
6102
2308
7230
7368
2778
1984
3580
6279
2366
4859
7070
7109
2841
3360
3975
10182
890
7807
1899
7518
1374
6812
1087
10650
3989
3381
9817
2173
4162
7560
7598
10450
685
9417
3622
7522
2221
6632
5697
6443
274
2420
10698
1357
3404
7397
7224
6706
662
2490
7701
8475
4850
6801
4392
5380
6506
6200
1457
6201
417
5031
10149
8118
6634
2365
10080
2162
2480
10586
6397
4227
9905
8544
7280
542
9923
2523
6196
10338
8352
8855
9463
3705
8539
5849
528
6210
5492
4431
6409
8833
3505
5074
4150
4274
9455
8291
9308
10216
4160
6215
7695
5164
7587
10388
129
3433
362
303
1703
5724
10594
5732
1490
293
8218
3562
6548
3509
4239
1283
760
5709
4706
2441
2651
5743
7792
5894
10447
504
4215
1536
3886
8866
3403
4979
802
10065
7078
1770
9807
5256
5657
790
6049
2503
10018
6744
7499
10046
8798
21
3411
6086
586
114
5446
1761
5922
9589
3694
7689
2064
5816
6398
4554
8070
9008
9872
4287
343
10574
10234
8897
9647
2108
4458
3340
1210
6567
2192
1156
8660
5470
4163
1311
7625
2
480
1054
9785
2630
4158
1843
6595
8364
9187
5233
8022
7805
6031
8515
10408
4989
10168
4660
2718
800
1937
10366
6673
4324
6298
8393
5216
1809
4366
1939
6479
5386
192
7867
8530
9320
1199
5639
3322
9965
1062
8968
2945
3809
325
641
9772
6207
4368
2220
9712
6958
1746
5972
3427
5242
3306
2641
8872
4005
1885
10231
1790
7764
9244
6281
2842
1684
3288
4374
8200
10163
10646
6570
6426
2596
9900
4904
6811
7498
10383
1333
5939
5361
5959
5689
2759
4223
6519
782
5377
3822
8454
3515
7412
4967
1780
8709
5640
152
2979
7246
69
795
4530
1193
6847
2427
9670
7973
2940
10593
7983
9407
3616
2789
9271
8271
97
2452
9070
491
6953
9125
6033
1391
4809
9988
10509
4086
9548
6720
6316
5114
1265
1812
651
7403
6167
3826
7211
8838
3661
5473
6524
635
6769
9849
5464
6358
8109
7184
7382
1552
1943
2905
138
2629
6083
7495
2535
4188
2412
2561
697
3232
2522
4828
4615
1615
7847
4836
9825
393
1203
4093
913
2328
2456
6580
3266
7279
3716
4281
6151
8046
4403
9595
10353
2494
7569
10232
7904
6022
7236
4440
7787
1007
9608
426
5050
2398
2318
10110
7879
3081
8029
5830
10264
9491
2525
3503
3224
8401
7462
7056
8748
1747
4714
3572
10410
9304
2263
7635
10530
4608
5323
161
8659
5124
3450
5145
1928
4975
7422
8683
4846
3124
1304
3031
7074
7859
1343
5695
3956
2869
2839
8999
2517
8818
8247
9572
2560
7489
895
258
6746
10453
2116
1685
1126
1561
5378
5073
9855
4733
4241
7214
1276
7386
9801
4168
182
3648
3389
4262
698
2112
108
3434
9186
2606
6697
3726
7872
4770
2508
3801
2594
9058
3341
809
5108
6013
7137
6069
6291
2631
361
2597
6413
3583
7876
10033
6531
7962
8126
8050
9790
8889
9178
1938
8153
7066
6625
4852
279
10505
3931
4832
8055
3518
5574
4247
3087
8451
6317
4970
629
9935
10012
4875
7776
2348
493
5036
9775
5511
9787
9680
6937
6264
1253
10357
7656
2261
9331
833
1555
6666
1998
9041
7887
6686
5267
2846
4678
5625
10153
6055
10144
4793
3473
4250
566
934
8414
971
85
8731
3038
6793
6269
3004
658
8100
1586
8138
8591
4997
9453
5892
6255
7281
2461
6067
2605
7544
3
5348
993
1771
7703
6540
1911
5254
5779
5180
664
10635
5055
5521
8269
7387
10305
3930
4861
4350
3222
8687
1788
7130
8348
6818
1958
5404
1842
117
2030
5540
9519
8618
5573
863
10622
2976
3792
777
10690
3440
5754
10294
8107
4775
9142
7076
3576
2013
7034
8537
7303
3055
3262
2756
5202
712
1528
6309
4503
10304
1569
722
7183
5480
10057
2831
7988
4097
4971
8947
9553
9366
5294
4939
5157
4114
4849
7981
6296
4692
5529
2079
5420
10495
5167
3782
8069
4524
1683
1945
3372
1564
2812
6600
6450
3605
862
1884
5891
147
10483
4996
9827
5649
10327
3663
914
171
7863
1282
4662
8533
4834
944
5968
9185
10268
6957
4580
6368
1921
4502
7018
5561
9156
9345
1807
7838
287
1212
5047
9274
8766
9022
10674
4815
2246
2510
4763
6916
2436
2970
9391
8231
6098
181
5807
7778
71
10142
4652
2034
5660
8142
8961
8486
10478
2903
4302
3932
9205
2499
4629
10522
8506
1131
4304
4415
215
243
582
8518
6939
2682
9408
8943
9586
7127
2437
9861
3329
8851
4709
3379
3181
3423
124
9433
9318
4862
1673
6718
7721
4438
5343
655
7149
5829
2691
10454
857
9733
7443
10136
10332
79
180
6333
9342
6739
8542
5449
1497
7298
2926
8233
4447
4526
8988
4305
8162
5716
2134
4527
4193
8217
8358
1487
7483
3085
7345
3428
6845
7216
4249
7806
3614
3823
8950
3606
5500
1281
8307
3248
2507
2463
2374
7989
6989
9234
6910
6788
5154
2054
4799
5027
8924
9857
1922
733
1361
88
1183
3179
8290
9068
6707
838
3738
6680
5405
749
4817
2900
4433
8374
10446
8674
7415
4336
5421
10288
9501
9570
9078
1378
1962
6076
469
5475
1317
2082
7511
9628
3185
7275
3491
6253
1641
2645
2514
5099
4983
9302
9335
3665
6114
5725
387
2361
3009
1313
4202
2125
5139
61
3216
3484
1016
2990
7064
8715
9023
2090
8405
2058
3425
3629
7672
8099
10226
2481
8357
4647
8738
7404
770
4477
2210
5325
3067
3953
14
2042
4472
6050
241
10369
8808
9842
10602
4874
7478
4407
1373
8828
3539
2677
7251
4015
3424
3747
9006
2336
2362
9092
761
7910
9314
7832
9631
285
1124
875
5501
7
5737
1724
2528
9690
2985
5932
1482
8588
6211
6699
3976
8967
945
7207
6286
9063
1385
8532
6374
8522
9942
2086
2087
9692
2379
4363
8835
4670
2238
6179
8584
9096
2616
3829
2445
5525
3812
10440
7197
6998
1430
10377
778
2995
3831
3430
8907
8915
1519
4061
19
1224
3802
6040
8080
6070
8111
3621
9322
7088
7561
3891
4491
6734
7795
7716
8301
7828
3334
4707
3002
8332
9261
8934
130
8720
4680
7741
5185
9354
524
6400
9154
2681
6365
9859
8148
340
9230
2179
3482
6152
8002
2443
3773
2326
780
7222
9973
8989
8664
7014
9984
1227
8802
2313
5592
9428
5400
5793
2130
5994
3445
2450
6389
7426
4961
5419
9660
7714
10700
2726
218
1052
4616
10433
332
4533
10081
5300
936
3903
10663
8320
8355
2722
2128
3759
6983
9496
4882
3991
6439
2958
3333
8832
7999
2135
9494
501
419
1184
4927
7628
5273
6498
1396
5594
5889
5637
403
10504
7802
7379
9672
3732
8103
4311
1113
2400
2550
4687
5654
7820
1141
3393
7421
703
7476
2140
541
3815
9153
1041
3958
9279
1722
5730
6628
8987
7780
7033
3448
9933
6581
5354
2901
680
3541
4270
5319
7027
8708
3625
867
5669
5174
2350
5680
7730
5035
585
899
5866
4288
9492
3691
2195
9536
5444
4773
9449
574
7332
4977
4888
7711
2551
6027
5884
8528
9252
2932
2497
8183
9537
3919
10605
2876
3978
8387
467
828
5861
1871
9210
7556
3052
8018
7677
10617
6252
10240
7205
10544
7861
5476
8305
3925
9883
6642
4082
9761
6777
4572
752
9461
1784
4080
4000
177
9610
8550
4504
4170
10719
2446
3292
1708
7533
7391
9430
5630
7948
6337
3728
2506
6944
2650
4748
9907
9649
7553
9375
427
5999
7449
7882
9148
4393
2161
6696
5901
8693
2323
9932
9534
1005
9671
7724
6129
2845
1579
1588
9120
5053
9847
4126
5805
5258
4225
8890
6907
2009
1435
2715
1762
9358
1267
9768
7903
1247
8468
3137
4584
1664
696
3883
86
7883
6349
7331
1599
1949
7979
5177
38
6172
3819
3905
9614
6859
10584
8199
5334
5427
7756
1777
4312
1275
6230
2150
6755
8220
6407
8354
4338
10493
1534
1040
9936
5635
2081
6125
1614
4055
156
6654
4090
1154
7326
3682
256
6467
497
6332
10122
2610
4865
7145
5900
8496
5430
1580
3586
881
9651
8459
5508
3828
10248
2204
4058
9906
1074
2628
2072
1063
9364
3577
4230
8273
3637
6965
9452
8834
8635
4801
4371
5110
1405
5956
3857
8865
3255
6609
7653
9140
8409
3026
3054
3129
5795
4648
8016
6163
5780
286
9459
9190
3947
9323
1355
4405
2297
5175
2547
10158
6414
4844
208
1554
3766
2615
6593
5883
5395
2186
4256
4567
8505
1454
9593
5336
1198
6359
10392
333
2774
8543
3139
2888
4555
5247
820
248
4725
4509
1729
216
4023
8087
8412
9920
5603
2010
3859
8326
10518
1924
6037
6767
4639
1151
4730
8121
7666
3847
3143
4147
2833
7119
9979
9169
1678
10713
9959
7030
8052
3806
1540
1833
492
1649
3672
5925
851
9521
7765
8265
1216
8762
4323
8363
2180
2038
957
9213
10310
5034
4870
4495
6987
44
7419
10212
9085
3371
6712
7851
5834
4627
4034
7505
6431
3979
648
7372
3646
7880
3662
5569
2104
8859
1585
9325
5389
5564
5046
9307
6535
9928
1764
9241
9667
6371
6855
4377
6442
2683
8922
1704
6227
9567
10060
2382
10062
7932
5735
2828
9918
8502
8476
9275
8587
10342
4017
4581
1464
8794
4936
4635
4260
9306
5493
4182
10323
7822
5668
1978
4320
4096
5314
3105
1980
3421
4766
10444
6527
3536
8086
5408
463
9263
6865
9367
1955
6115
5943
307
3233
5940
7527
10164
9396
9624
10659
7480
8523
8858
813
3205
4675
7329
8340
33
607
10348
1312
9017
5770
6518
2635
8493
196
2727
2349
6096
3078
713
5847
789
4426
4049
8036
5788
10224
3970
7992
2760
2835
4475
3102
3599
4325
4390
8611
1550
1419
7952
2145
10564
221
5917
666
10209
665
8285
10356
611
932
3166
3498
5457
571
6419
9514
6588
5040
10393
3175
7816
10426
1033
912
3236
169
8737
5477
3943
1242
5357
5752
10391
281
6761
6321
5312
5452
5665
3589
7813
2633
128
2224
10095
10396
3654
9895
8575
5482
8879
1485
5051
941
9256
3323
4238
2462
2860
10604
3869
2572
7067
6864
6794
10577
1211
4751
7848
1829
8010
4236
2216
9744
5811
5969
8677
9054
4001
4704
4884
2286
8958
4769
2071
1365
9488
8823
2705
1879
6670
5166
10230
7524
9136
4448
9386
8035
816
1474
2656
27
7123
8185
7398
6878
8342
430
2200
4422
1702
8514
4632
7746
2644
6372
7144
7539
4214
10714
4355
949
10233
8982
420
7143
2637
6262
2518
10265
4867
10040
2634
609
3900
7712
7024
1845
507
42
6501
3959
3142
5821
7853
7751
6810
5189
1471
5397
2133
8857
4290
8894
6962
5872
988
1260
1266
2113
2757
8849
4025
4856
7726
8477
10079
9555
6846
10155
5719
576
3061
1315
2401
9656
2229
794
1324
1075
3787
9028
9209
9061
10459
9551
9223
7644
7739
6941
1605
10274
1841
7491
3131
10088
964
8047
5259
8745
4142
2119
8210
6048
6402
9215
568
1412
1001
6555
10565
7881
3871
2657
3610
8465
3861
6112
1448
3076
4568
9155
10238
9166
6854
7192
8636
3053
10021
8909
5213
9326
10263
8717
6936
6573
8028
1466
4566
7022
4094
8608
7446
2826
3624
1476
1810
1977
3707
10111
9423
9541
2363
9599
9412
1847
6218
8507
9419
8078
3270
3293
2549
309
3813
8829
4072
10414
10542
5568
10567
8423
2544
1645
7624
3350
7409
6219
6620
8595
9687
7011
473
2285
2417
5272
1592
4609
6226
6259
9324
4264
9983
6278
6496
4489
7957
3632
2701
499
4757
3570
7888
5826
3488
1825
1546
4942
2509
8235
7081
9080
570
3968
9718
6297
1371
612
7410
5498
1897
1725
3140
5479
6447
4930
43
1056
345
9499
8484
8400
7263
7642
3398
328
6526
7320
5296
4535
9748
4781
4558
2775
9814
1013
9635
2904
7020
406
594
8073
5065
8508
9931
1662
2290
4790
1936
1201
6456
7638
4424
5005
8783
1358
1584
2092
4734
9685
2046
7615
8012
6677
9645
275
2929
8056
488
3459
6455
5787
1805
9206
4388
10254
6268
5674
1670
2434
1686
525
4062
1021
6905
4028
3043
8391
1379
8788
3362
10315
10017
1848
6717
7316
2264
3972
363
2612
691
10307
6565
1831
3746
90
3463
2911
2422
10351
4483
8656
1794
7229
10005
3864
7452
8962
7599
4195
694
9587
5350
2306
1068
4886
9046
1220
4003
7342
8062
4871
9000
8689
2719
9310
9296
5971
6417
81
8306
1992
10427
5458
10385
769
2391
7492
3046
4693
4691
2203
7501
7152
3934
4914
8311
2956
5751
546
8084
6051
7771
6377
6028
4592
8383
8060
928
3416
352
4291
5538
4218
9270
8053
6835
1553
4651
1926
10140
10346
572
10409
1073
10086
4720
6075
918
876
1418
9741
6521
6429
9016
5441
7589
1089
9269
1576
8854
2345
7438
9219
9321
3171
6463
866
7168
2907
4841
3213
9031
6146
8520
1602
7892
4604
7594
9579
6502
2266
4313
2690
3358
1671
8920
3343
8367
6198
2796
659
1522
4275
4559
4471
4912
3656
4519
9715
7702
7073
3500
2585
3704
4701
3575
7609
735
8436
3414
9611
4279
7235
1723
10402
1577
8612
9192
2765
946
7595
561
9722
6841
4893
9369
7019
10361
9385
6607
9089
5610
8895
5178
2124
10329
1143
5082
6165
7723
8259
7762
7963
1177
3250
7855
8651
3349
7513
5283
4869
9282
8616
7430
9123
1547
8743
3007
2699
3041
8469
10597
9693
8601
8133
3214
1135
5876
8090
8863
2164
564
6972
5329
365
7834
324
2987
2968
4115
10611
369
1268
87
1792
4461
7105
4929
4452
8983
7990
4210
2380
5565
7557
6136
9401
7393
4442
305
8077
6733
1668
5581
9472
9340
6545
7470
7288
841
2815
9348
8349
4213
2881
1178
7688
2396
1442
10271
3410
4626
2802
294
6116
3012
3699
7928
2943
254
2832
157
6721
4494
4903
1162
8685
3988
2075
149
4958
2521
1526
4752
7987
9634
5800
5351
4128
1303
3522
5224
6312
4417
6053
172
9198
9823
9071
1849
9524
6911
2685
3354
3534
1342
4343
5049
9001
8570
6912
1952
6292
5041
4807
137
8309
4085
7913
2736
10704
2482
10524
4515
8900
8699
9569
8839
7496
6315
7819
1719
3858
3827
9460
34
2235
1239
3460
1245
1824
7839
5898
9037
3356
7413
470
9440
5342
5682
8874
5747
5993
3446
8125
3752
8328
3504
1782
7661
530
1656
5413
9152
7171
259
3320
987
8491
6601
9077
7930
3357
8641
827
7111
2093
742
2160
7121
2360
1407
6404
5128
1176
10448
2376
9200
4579
4268
9393
9445
5952
7584
3285
6472
2149
6490
5907
5253
9778
5190
5694
10282
7846
8382
4010
213
1376
6789
1587
9681
7092
2512
7715
3347
4136
4419
1363
5877
6525
5194
6047
2496
8304
3901
7535
2208
9436
3659
10104
1347
1254
2489
5706
9489
2492
6213
3128
4909
4783
6082
1665
5218
6390
1386
9702
5878
6956
3422
1081
5116
8105
2132
6754
9633
8172
2541
4429
6345
10465
8188
3469
7160
2338
4156
7566
10490
2206
9826
3483
9456
10243
8108
3549
8134
437
7154
9828
5098
2676
176
10008
5604
1248
3151
10694
1179
8843
4920
9134
5119
8657
5481
10424
10215
5677
972
2938
6271
4547
5131
2414
1149
5013
6871
2684
4880
7445
1403
9082
8740
689
804
1820
5990
3377
3036
7671
7212
7621
5239
3485
9429
9373
1887
7283
959
9181
6892
5126
9517
9048
1255
8732
4625
3238
8413
4370
9971
10147
1544
7509
3713
5708
6891
8408
1672
6460
1837
6134
4887
297
10468
5701
990
3064
3706
2847
1413
7227
2457
7978
270
2977
6238
4894
4335
2986
3454
9122
5001
9462
5075
9998
4518
8634
2607
7949
7199
1651
2325
1289
5965
5942
7580
4802
3758
5626
3327
8061
6657
3602
9081
5652
9848
4561
5827
10245
2974
739
8204
7886
8130
485
7968
5924
185
10336
8971
5264
9949
3611
3680
5768
6041
3749
6208
544
4464
4803
1008
9477
10502
1637
10543
7052
6576
8175
1946
1082
7132
4576
4682
4172
7804
7922
5923
2732
9399
8661
5077
91
9759
2341
9481
1058
7521
1277
2818
10623
812
2120
6153
3200
8074
10400
93
3146
4381
10571
552
4269
8844
10300
2856
6428
1616
6710
9365
7606
3015
10195
7395
10223
5749
1562
3008
3385
8990
2037
3122
8645
9208
2174
9901
2614
10302
8144
5656
8267
25
1570
8545
8932
2851
3180
4110
2857
10682
791
5833
1527
740
3281
1680
4571
8428
1323
8880
4917
9160
1624
7247
5269
8633
2763
3296
9877
9387
5149
8034
792
10094
7264
4913
3291
9766
443
3178
6544
1279
554
6514
4412
3693
10587
7377
3115
4169
8238
3594
10558
4972
7632
819
2377
509
10074
836
1300
2397
5855
10489
10588
222
6797
1789
4658
10609
616
8888
8981
8704
1639
6702
4511
5465
750
5393
1745
2003
7486
7472
5664
1730
457
6254
7176
3080
10419
360
9927
9242
10683
5522
123
4469
296
3100
2357
4018
1931
6079
7487
725
5593
6191
6095
7193
1571
7347
9626
1091
3860
9161
2303
3110
7710
1308
4425
9479
1119
10603
1823
7869
5546
6078
4098
5995
8684
3186
6411
7680
9469
9357
10679
5192
142
7685
8898
1278
3753
7570
10320
7061
7349
6776
10618
10368
9180
9852
6843
4437
2473
7718
2127
902
6228
28
2347
1393
3941
1735
8617
9760
7927
2101
9871
2916
6077
4009
3695
2301
9015
642
1139
6515
1636
6970
9604
422
1910
7747
4354
10695
8516
3628
5955
317
10019
1755
3174
8191
8902
3631
5100
6586
10330
3271
8816
533
532
2267
5060
10691
7044
7043
8102
9963
4614
487
5469
2984
183
5799
6599
7451
5686
5183
3996
8930
7312
52
3242
315
3715
2279
8026
10325
5407
9874
9311
2487
7267
1787
2734
3283
6451
6091
5753
2069
9662
5812
8697
2707
2053
3261
4868
6173
160
2109
10116
3556
4
3722
2808
4916
9641
9605
5503
9617
7540
2188
7185
8446
4671
1714
1034
6643
10496
6285
1618
5016
3476
1753
8471
4474
3590
7939
3977
10648
6092
7885
4819
7122
8590
9266
6806
1291
7753
2458
9917
7474
2154
9204
10204
9298
5338
3501
7215
8713
1479
6976
5244
1557
5839
8817
4563
3821
2830
1920
2485
10534
2576
9851
10494
2662
5519
7601
7719
4612
717
4603
7364
9039
5512
1545
8388
3402
1999
1084
5914
9220
3985
5713
103
10141
8161
9705
1017
10355
3640
6875
8464
9194
8072
174
8228
3914
803
7261
4618
7195
6052
2367
9265
49
8487
6421
2886
6016
7893
6242
10191
7475
5359
2526
1196
1886
10431
5308
5741
8171
8478
5711
4400
3417
8686
9422
405
4517
10183
10000
3071
1861
6832
5576
5591
5690
4686
6574
5352
8336
4918
1549
3615
6137
1197
4306
10193
10291
4879
1166
6852
8350
9341
8407
2964
7608
135
10199
10717
10545
9235
9970
1944
2598
3444
5322
9897
3317
2817
2834
7036
8322
2147
7627
2428
3708
9707
6265
4488
3567
9767
10349
9892
10084
5803
7293
8277
4445
4345
3221
7596
2178
4881
1663
6025
8321
7311
4309
9139
2066
2152
1778
4035
4048
5547
7103
8255
8128
1362
5447
10297
476
6424
4131
9102
517
4816
3173
10684
676
6530
9578
10174
10344
6360
5790
3762
7864
2632
3449
978
10671
700
9273
1815
3604
9177
1514
3183
9511
8605
8672
5852
4779
9197
5739
76
3962
9284
8789
9074
1160
3862
10689
9126
2228
2803
3641
6675
5765
7811
7306
4257
3118
9211
9737
3196
9108
2712
8006
9255
7619
5261
3557
2277
4986
7031
5497
2177
212
2395
2040
7204
4125
5422
6974
5142
6539
3339
1345
4772
7139
1000
4677
960
9124
5226
9678
1535
1532
3844
8189
2351
1648
6537
162
2327
9575
7907
10061
3907
6062
7737
1105
8129
9398
575
4026
7038
4667
7538
8173
7071
9257
9583
6608
1397
3578
2239
1758
6684
5020
3675
643
10242
6436
3922
9916
1763
1712
7504
10159
10129
7305
4289
9904
391
10272
5181
5490
5931
1380
10207
7936
5363
6142
3384
8765
7319
2381
9834
9724
6596
7676
2636
2100
6676
8571
4205
10295
1647
6160
8901
6222
8019
9794
1280
4414
389
5744
6682
304
4020
5467
5310
4713
10173
2688
9
1873
3587
9858
8899
9045
3478
7648
10010
771
8000
2980
8402
7095
1806
3803
9783
5265
8452
2078
10491
10667
9999
62
6833
2587
4104
3497
1878
4656
89
8252
4145
5545
7158
1095
3251
10148
8561
2354
5934
9966
10151
8904
209
4950
9043
7254
6830
8430
1813
3145
6741
4978
1895
6327
1638
1518
3761
9334
5067
3884
2867
6081
8205
5093
3267
4718
10275
8302
9987
1423
2590
1
8607
5911
3898
6773
1269
6145
6063
654
8757
5375
8825
9584
10308
1957
5191
4649
6842
8714
937
167
4765
8297
9495
8131
2343
6908
3892
3627
8489
6848
743
7392
767
2730
5070
2563
6757
453
375
1207
6616
220
3757
384
6564
5370
1103
8524
1533
8619
10318
6631
7085
7551
3391
514
547
909
1625
8037
6705
5859
8554
7424
4235
9802
3157
6322
5450
4286
624
5893
821
6881
466
5615
1741
2156
5156
6209
1942
9845
4075
6517
3493
1869
6840
5518
4698
115
5997
860
9961
4760
6274
10221
7641
975
1743
465
3863
506
10428
10464
271
2667
2805
5553
7961
6029
4161
3376
6396
7497
8698
8242
3825
2750
7593
9512
6386
3184
6894
3771
9788
808
9285
3721
54
5700
6283
3719
2953
4152
4985
786
2620
2954
1774
1563
72
8145
9676
6181
10035
8230
7700
4583
1472
7148
690
877
253
7447
9434
1046
6406
8553
3226
3452
1182
6665
455
8525
5822
4308
10225
9642
8548
9059
2965
832
5774
7552
5120
3807
9695
4123
6504
4174
7900
7189
10050
4171
10568
10625
6180
2438
907
7210
6233
3595
3667
1709
9259
536
10125
7194
7079
3946
9264
4808
5440
1834
6256
8341
3487
5714
223
6425
10217
9377
8912
1187
244
4444
1232
8806
9446
4767
5019
5636
8245
3681
7951
1844
6403
10612
219
2580
4277
8101
6768
887
7649
58
9996
8415
2105
3069
1134
8418
6438
6784
6988
3495
2773
6393
885
7084
37
10570
1706
9484
1767
3191
6240
847
1181
5688
4898
5084
7670
4192
8860
10463
6355
3165
7617
6306
4842
2769
9214
10548
7378
9929
7153
6522
9344
2801
915
10109
5887
4931
6205
424
1256
8886
267
3057
5217
8692
2716
7352
7902
4216
3555
5863
1258
2151
10255
2252
627
5086
9736
4762
8123
8177
6323
4294
8620
1689
6194
614
1018
592
6131
3655
9145
8621
5243
3902
889
734
8458
709
3650
2324
4694
5584
9964
3917
9930
5456
10515
4806
1335
5757
5850
1505
5025
3202
4466
4228
3965
5599
3710
9303
5212
4788
2143
3992
2879
3120
1288
5563
1090
5229
10322
1632
5885
6823
2129
4594
10376
2423
4293
9403
2693
2740
7291
2155
10213
10121
3206
6384
8771
2725
5966
10031
8940
9657
337
9632
8769
9072
3924
2088
8521
6853
5552
3063
5831
1202
1445
5478
8814
5587
2431
7826
1591
1504
7219
1422
920
9912
4467
45
5862
9426
1621
7436
3141
6000
9915
3244
3138
9947
5151
8780
9500
5605
1484
6942
598
10025
538
4653
3951
527
6130
7015
1967
1027
3692
5277
2065
908
3768
1739
1015
602
705
3724
1462
3571
8841
3633
656
5661
486
1575
8234
2429
4948
2652
9655
2026
3994
6918
7242
10309
2202
8366
4278
9478
9470
3167
10286
4630
979
1655
7050
9199
7260
7722
7875
2061
3565
7060
5435
903
846
2021
211
12
1150
7613
8622
385
6302
10352
4516
7285
7940
2935
2217
3380
3909
3461
521
5720
6348
3073
5252
4952
10707
1932
9290
6401
8127
5290
4197
2609
1047
3834
7512
3816
5536
4831
10498
5778
669
3438
10189
1752
6736
3653
4826
7914
4721
9777
1600
9056
6725
4837
3904
1603
2312
10120
4499
2262
6867
7170
2421
8422
8852
3867
2617
1859
8501
7278
5133
9881
8283
1565
1785
4340
7429
6405
6319
7308
1449
6087
4973
132
6899
8951
8165
9107
6064
3249
5318
9967
4146
8589
10167
6435
5246
6132
8786
5835
2364
2723
6175
8097
7338
5673
7815
6614
1732
10228
10624
781
10381
4596
7740
4132
5039
6949
1369
3832
2170
3840
8303
9157
2339
266
2222
844
6778
5513
563
2621
2131
6803
7354
2532
2097
60
5873
7536
2877
2342
3997
4498
2294
8426
6898
5544
1100
5954
4232
692
10535
10398
9533
4575
6969
10070
8568
10576
3479
3204
3159
3219
553
4896
380
1796
7506
3095
2766
9356
4284
5738
7290
3123
7407
458
6849
282
679
3725
8315
7151
687
1642
10656
9751
2793
5728
7809
7734
80
5057
1451
8949
1891
9818
8948
10023
6174
1529
2768
8846
1388
4480
8294
1626
7169
9866
5471
10053
7300
5434
8203
4298
7510
8314
7376
6914
3406
2320
3786
2764
1030
3887
6876
6107
6901
5705
3443
3158
4117
3619
4631
9383
9427
3082
6362
5111
10445
10108
4263
8329
5681
10007
2809
6458
1893
9515
9283
2997
600
347
1208
9622
6996
6880
535
2284
3805
6441
2293
8257
1882
596
6629
6380
10090
6653
8721
8793
10639
7682
5045
65
402
2912
4644
1690
7355
2538
5903
133
6376
5072
2331
4465
5169
6770
8921
2005
7761
1660
136
7769
7924
1481
8226
4078
3685
3302
7269
10441
9091
9233
5134
8604
2322
351
5488
1851
4413
678
1500
7461
322
164
9684
1169
8158
1426
9267
2408
8498
9898
5935
7250
9706
3558
9245
5381
2567
8541
1489
8212
2919
7007
5
1509
7895
9378
4921
4890
155
868
6036
4753
10087
1233
5543
7047
2356
7405
10569
6857
1088
4361
292
2074
6664
977
9890
2966
5436
2055
401
633
3475
7202
10425
1153
5557
10092
10616
933
7576
5022
7577
6214
2359
7028
7774
3228
494
134
3188
8946
168
8140
9268
3094
7465
872
5198
4823
956
4768
7284
7353
10510
10280
1692
3684
2063
5112
9278
2709
1679
2713
7069
344
7046
5627
5284
5671
5601
6229
6866
6481
10165
8202
2695
200
8119
9432
8538
5176
5257
9700
9903
5466
8351
2138
3984
10246
1307
7406
4421
10599
7240
6648
5007
5982
2894
8996
1530
2806
1360
8767
3804
2798
6177
9596
477
9616
5066
8559
10206
10411
4154
8667
7110
6924
59
13
8432
4702
8250
9713
4122
8941
5288
1607
9350
5983
4285
916
9977
7217
9216
4695
5864
6822
7162
5913
8497
8928
8513
17
7717
3150
4053
2411
9951
5667
2516
565
4420
1904
5992
1916
8284
5962
4070
3635
4901
4451
1960
9448
3793
1821
8579
10277
6659
1862
1918
6968
10458
224
1340
6058
1951
9313
9896
7220
1578
6856
8397
1520
6605
5930
1971
5641
1014
1051
5575
10036
8642
9606
4140
8040
10058
6223
10500
5472
3973
4492
10560
8439
3920
7925
9051
10314
4955
5614
1059
2671
958
1613
6320
2107
9474
4261
5953
969
5403
6493
3789
6202
7705
6422
5567
9974
5443
4449
4167
418
4553
7013
2575
2250
4731
7253
6889
8071
9763
1400
8669
2600
1612
557
5566
4198
8534
10442
8124
3608
6589
6183
4749
6488
207
2175
3673
280
4756
7467
756
883
3849
9893
9227
2019
3426
5856
316
9411
2994
4487
1976
3029
6367
5200
2375
7525
10566
1235
5168
7188
5579
10298
1287
10101
6727
5054
8300
1754
4981
1950
556
10175
6388
7323
2464
4248
1409
859
7629
249
4408
4840
9025
6547
111
10236
6886
5023
1830
7926
5882
9573
1989
7800
8339
3952
2861
398
9143
10205
5302
9523
5936
8688
8483
2565
5366
738
1677
5874
5618
3280
2592
10437
6562
8597
9822
4427
5868
7559
6975
9688
4736
1226
5222
10229
6749
6
726
8631
7035
7414
6534
6446
9621
2091
3431
66
5622
8819
5152
6882
10250
954
2018
8727
5043
8599
7955
3998
6627
1294
1866
2694
7669
1776
10546
1542
774
8051
2666
7899
460
7840
6787
6887
8512
3021
4102
2111
2333
2477
6687
5339
1759
3591
7274
46
1558
3332
6394
9075
639
9618
6774
8741
8021
8673
1002
3733
6023
10380
10201
6157
8065
9049
3982
7032
8075
766
9739
2194
4534
438
10041
5946
8682
3401
7025
2962
204
1516
6523
1272
7107
4387
874
4165
6946
2014
5926
10269
8334
141
5251
3658
9414
5539
4549
7057
5160
5289
9138
865
1604
1389
7699
736
5902
9084
1700
8089
2902
8750
1634
9704
6932
10154
229
6716
772
5867
599
2184
3494
4928
341
8166
3056
3741
825
9945
6808
6188
10503
1737
5270
3254
9020
5881
3020
989
10621
2864
4383
7310
8268
2059
10039
775
8442
3325
9167
4329
10634
4328
4450
2373
861
335
9468
6482
2176
5372
9557
1463
5533
2168
4771
1439
4925
3530
7918
9832
2139
7614
4851
6445
6683
6109
3679
6763
6343
10157
6453
3670
2504
6232
1231
995
9131
7732
8450
7953
2070
1597
8696
765
9042
7126
9372
4041
6992
1167
10339
4129
2385
2949
4878
3407
4864
6883
5006
6459
5062
4810
1736
9119
7108
36
153
9305
6500
3743
4428
5358
657
3359
8918
7582
579
8043
2041
6127
4497
1383
7133
10331
10600
8995
3182
8551
10037
8298
6520
973
4949
4255
3711
10596
9351
9018
6960
2213
1832
9516
1325
10364
2057
6276
3542
1459
1116
10681
1682
7089
593
3321
7943
1101
4897
8420
9910
2500
688
518
2728
5837
6582
2579
7177
8404
3190
10072
2939
2843
1218
10011
7106
5248
4883
8959
8887
8470
8324
4900
8195
3940
2989
4116
3512
6073
7200
7829
7782
8042
1635
4382
10572
3040
6241
3566
7801
7735
3613
3337
3649
601
4365
7086
3091
9287
1398
8027
4857
8876
3418
10004
9137
10362
10696
334
2603
178
4224
359
5888
3230
8938
9559
7529
10466
444
2746
9878
5721
4300
7186
5401
2870
8258
3442
10024
2742
10451
4095
198
10091
8917
3400
1416
9111
8325
2023
8263
9299
925
8190
10712
5438
3983
8279
8646
7650
7096
7984
9170
10042
5984
10686
9240
9652
1427
9636
3300
7605
5321
5678
10
10069
7155
8208
110
6140
10429
4432
3784
8020
7607
7380
8280
9538
404
2992
1434
5109
2618
1965
8221
2659
2389
9415
4827
5399
5773
1502
10292
8461
9576
2999
5331
210
9786
4344
3215
5758
2454
2859
6004
955
9779
1240
728
6221
7456
6282
10557
9476
6782
6046
9795
1012
1078
4112
202
8647
4221
5000
4663
2928
2383
8705
4855
10401
1503
1840
842
1786
4267
8776
4360
1175
8813
5742
6658
40
1168
9040
8380
5241
2946
2863
4866
440
2044
2300
4500
8954
260
1200
4743
10640
1066
1742
3263
6487
1159
6144
5376
1991
9466
3526
1221
1192
8274
9771
3060
8726
382
3025
9747
1155
8378
3612
2073
7026
9993
7796
2924
6815
7351
3697
675
6951
8966
5014
5908
1228
7548
2460
8435
6156
1328
2961
6945
9510
10432
10418
9719
3607
5392
7244
399
10328
5577
1214
10171
3374
3395
7831
6532
1453
10404
173
9150
8703
5195
4560
5237
1261
2215
2639
5384
7371
3524
2453
9661
116
5002
4945
3229
5187
10395
1979
1698
7115
8861
6765
5182
1284
962
1446
8282
7933
10044
100
8260
8670
7344
7562
9036
4310
2265
3843
4109
10350
2295
3700
3457
3301
10203
3369
6672
5138
7383
3246
6981
4593
4684
1432
2642
5087
10676
2444
6266
8593
5945
5315
6740
6423
5371
7960
9355
3456
2898
1589
7675
8466
4027
4177
8665
9118
7213
5957
6465
6364
5297
2741
7934
3353
7252
10685
3028
714
6554
2777
7797
826
6639
7545
2479
4650
9066
8853
8549
1912
8885
1495
2813
3774
2223
10027
2319
1144
8628
8031
7049
3535
2165
6920
1548
674
3039
2837
3023
358
1310
9450
5842
4622
9926
4120
5416
7006
10655
4212
7738
1633
5653
4220
7906
5703
154
6015
9914
10607
4454
2823
3101
10474
5463
884
3885
2451
6042
6799
7100
5105
5771
8472
5206
6870
3492
9528
3781
4787
2599
3366
2305
109
5355
8799
942
1594
996
8481
4740
6071
1601
1731
5356
442
6868
2007
5061
7817
8585
7760
10481
7909
3796
6536
1351
3582
7941
2524
2951
4991
2299
1096
4181
5804
9529
8747
68
10049
6110
376
6361
8749
5207
3882
7931
882
3548
9976
10387
5841
3600
4780
7794
1109
2838
1441
7683
8827
636
1170
4490
2783
228
8574
3915
9405
531
5409
4759
5410
7458
3514
7878
2555
7668
1006
10472
8092
4628
8937
2664
5776
8666
6513
5461
1186
7630
6638
6991
8361
4435
8790
10317
4854
9390
7048
459
2273
2653
9955
5777
5853
8931
4891
5037
10220
6138
261
1080
5815
232
5961
8417
6890
4873
2337
9222
10063
9821
10181
4479
8067
9175
5736
1392
3209
10647
3338
830
3278
5018
2795
7434
5486
6370
8905
6681
3455
10262
6961
7324
8998
7597
5798
5976
6834
1483
373
9552
6649
8345
6533
3851
2199
3933
8562
9280
5797
10261
3208
3820
9720
1111
2588
3198
5459
2004
1954
3070
8775
2914
4661
2729
5208
9212
7408
2329
3601
8319
5549
4056
8156
5941
1057
7453
9069
3412
2117
4556
2608
2095
370
2623
7850
9663
5153
672
1302
4933
4068
2029
534
3929
2973
856
9106
9404
2011
8565
1217
5220
6074
1206
6694
8503
482
190
4091
9841
5985
3284
7432
8013
8480
8557
3307
9609
2824
1447
5088
4259
4206
9231
10316
2784
9550
6549
1760
1420
4030
701
7833
1172
6267
8356
10293
2807
9940
4697
5048
4542
513
4297
5230
6203
3676
5285
6862
1293
7507
5122
9361
7245
5204
7005
7142
6480
9592
6505
8237
8877
3392
3563
5766
8792
4071
9791
5979
3927
870
9522
1773
5432
8181
759
4636
7304
8744
10359
2241
5929
9597
8602
1681
10435
1669
7234
3072
2952
7292
8343
314
8113
5740
1496
3097
7923
214
4804
2181
6760
8908
1223
75
5396
7971
10406
7547
7731
2036
6779
9352
855
6663
4537
4209
8712
3466
7633
3546
1036
10514
6032
2680
10413
6489
1531
2566
5506
550
5704
3717
4423
7707
2923
9682
4935
8041
3477
2577
3212
8137
9598
2866
8824
7841
423
5042
632
7455
4203
9362
4237
7325
1816
8869
5171
4463
1133
6217
9095
6113
6831
5487
5340
9425
8467
10620
9088
1721
9582
2540
597
4683
9532
4984
7276
6133
9171
3969
1219
6690
4036
7384
10526
10048
6243
529
2733
4877
2123
5236
2882
8586
543
5266
1930
4717
195
2484
3162
7232
8623
6990
3990
10218
3928
9030
1408
29
8159
5796
1941
2466
5647
3316
2388
7612
7370
1996
7314
5558
3709
2189
5663
9594
5710
5571
5963
9103
1164
7894
119
3544
10379
1581
621
7791
414
3044
904
9397
4356
10595
10270
7917
5245
2353
7773
7180
7418
6150
1720
3561
8038
9990
310
584
6387
9281
104
906
2144
8576
505
7138
2405
8896
3373
10089
5104
2737
6324
3368
3048
8979
9623
5792
2747
9502
7568
5609
2384
8116
9188
2406
10521
6002
1693
1171
7860
9752
1630
10334
10313
10059
3899
3107
456
6737
2511
948
939
1870
10661
8978
6772
7135
8812
4373
9757
901
1963
2571
3598
9258
4681
158
10235
4521
5950
727
4092
1959
7558
1273
8381
704
10537
4089
6594
201
10651
7390
1574
6764
3668
2955
4258
8787
7045
6802
1367
7296
8960
9276
6290
2439
4176
5026
413
10669
6100
6437
2418
3872
5628
677
4728
6170
1622
5148
3092
3116
4191
9174
3126
3051
2788
5311
4601
10591
6861
4143
2502
1839
9251
4541
9402
4012
4111
5398
3938
8008
9438
4375
3197
3027
9694
3936
7167
6234
227
9562
5729
1517
7873
8644
7017
2604
4578
523
9292
284
5702
3778
6008
8729
10680
2243
10415
3596
10093
4434
2957
3540
10457
7417
7082
4410
8919
9458
8308
5662
7343
540
6295
6195
4669
5369
3814
4569
1406
9288
10668
5451
9542
9721
7946
6379
5860
1836
6584
3177
4200
7681
8511
5360
9882
10423
388
3032
3772
9359
9568
7729
7654
1598
2781
4514
1438
8822
6688
1429
6689
6470
10281
2850
8640
4655
6826
428
5597
660
898
6647
2103
5875
8096
10449
6938
1694
3763
1298
2314
6583
8014
4334
4084
7651
7233
8030
7494
8663
4411
5871
6484
5268
4611
7567
4745
298
5305
8098
8526
5848
9112
4033
9409
8214
6512
8756
8083
5170
4164
450
5906
649
5115
5828
5789
8141
6691
5531
1241
8552
6679
1541
6602
2302
255
6418
4060
9554
8567
2409
10131
548
10421
3319
10258
10720
8573
5063
8376
5897
5291
9992
6724
7482
3386
3490
10632
3645
5121
997
10643
3439
5262
8805
2785
3677
8690
7720
9437
10699
5102
1264
1914
2027
8246
5052
10326
2654
5857
1348
2472
1332
4995
7515
9734
6044
3618
3877
1492
9189
9860
1114
9654
6245
807
4922
7622
4646
6994
6318
4689
10407
4406
6819
6510
7218
2068
5745
131
4470
1803
2035
10303
3666
4685
3896
1108
4401
10052
9639
7970
7616
8795
7468
2211
6877
8262
8179
10638
4103
1934
4059
10420
6644
10311
3980
9546
6357
4606
5090
5645
9756
9924
3168
7728
5535
8624
9115
2895
5634
7835
10438
6084
3318
9109
8671
5620
6164
8710
6979
7965
8810
8240
4987
1560
707
5541
647
8399
2316
1329
5977
2537
5699
7942
1964
4292
3944
2085
6433
7485
6568
4923
10222
7767
3837
1350
1339
6756
4369
252
3090
1364
9864
10194
6839
1973
2416
8463
10675
2595
724
6552
3810
3855
7646
1194
6199
8893
9735
4657
4932
4100
3282
9064
125
10528
6471
118
2062
8867
9666
5772
1687
47
3911
1456
5097
366
3074
10652
7401
2913
10188
84
3030
367
843
4513
7271
8057
7578
9956
5534
1907
4531
10020
4376
9563
4562
6189
10547
1819
8296
3581
6850
4599
729
4988
5514
4372
9182
7102
5949
9113
7947
6742
3730
4240
2700
3114
6119
6758
1038
2786
2738
7182
2141
2475
7759
9937
10563
2358
6546
10386
3225
3770
3436
10367
2028
6636
9921
994
7433
1022
3156
10561
10319
1793
2880
2703
8254
2714
1346
10662
9625
1138
508
2591
7315
8558
1738
7857
26
8492
5987
9997
10551
3453
10076
3201
8836
9218
1727
8781
7972
5613
9543
1428
10511
7877
2660
9643
10552
8985
6326
8076
9653
6497
3210
237
10653
8365
2937
10196
9888
4744
9035
9253
379
683
1822
10631
7239
5010
9254
9668
5583
5646
938
963
5895
9600
357
3800
8169
3289
9395
6293
8494
8429
5559
2692
1417
4460
3098
10054
3723
4352
10390
7356
9948
1640
2624
9809
834
605
7402
8730
6762
5823
4314
3409
7272
6308
7136
4539
3964
974
2159
3331
8580
3955
6012
3079
8913
7550
6906
9765
2536
4105
9913
2137
5586
312
8648
3220
82
7673
9792
3240
8375
9952
3876
4137
1559
6139
1470
4190
3049
6171
1402
3853
3657
6604
3149
7678
7159
8011
2556
9591
3835
4379
9891
5096
7959
3511
3089
10016
10710
8578
2855
10527
10405
8952
4130
10252
449
9135
7542
6300
277
9508
4076
7744
6566
9003
4044
8229
1336
9728
2346
3573
2289
8453
1093
2852
9406
1835
5960
165
9870
720
3462
6090
412
1676
9249
4959
7517
10642
5722
7221
9033
1250
5693
6197
10416
9330
7500
6248
5130
3042
9571
6043
4665
3435
9603
320
3132
9640
7481
2816
3472
7784
1590
10066
2647
2762
5362
112
6587
4805
77
321
2574
8847
6204
3779
7164
10178
2582
7519
4993
7870
6412
9934
3274
10397
4346
8942
2226
2214
5184
8754
7037
4666
8147
2344
9506
5118
9995
6434
7118
4598
6060
9865
10028
2613
4990
2711
799
3912
1132
1987
9776
9941
5276
6785
9493
10345
7198
4529
10610
6382
7237
4307
9116
3470
8456
1020
2811
8936
3346
8973
10716
3086
4994
9581
8736
1757
6346
1079
3241
2236
4185
9749
6420
8180
9300
4019
1751
2205
4800
943
9062
4318
2315
6610
10306
5509
5526
5761
10516
8694
2584
3211
10032
8039
1610
6900
4940
6303
10003
10100
9164
3305
2930
1352
291
1691
7890
8970
3382
5078
3344
9683
1883
6678
2675
2696
3370
10117
5214
4151
9435
10470
3727
5197
6783
7346
3935
8182
5076
4739
140
4595
798
2045
1099
246
290
9465
10244
6469
1003
5286
7763
2721
5937
5107
2304
10358
5762
356
1511
1238
2232
9985
1421
2426
5759
3361
2960
3363
3720
9099
6011
5274
8884
9938
8878
4737
3207
7905
4522
4330
6660
31
6408
3352
6948
6258
5135
7980
1042
4637
1094
9819
9443
1781
2049
1906
6838
57
4536
5313
3543
8437
9026
7799
10127
415
6329
2542
6560
4679
3550
8722
8359
8582
9812
6947
2340
4544
5234
4087
1749
5685
953
7450
10190
4319
3888
10649
2231
7087
8510
1252
1102
6466
8592
4835
3164
1990
5865
1032
9711
892
8519
5260
7532
3879
240
6476
3527
3642
9353
9709
5143
8577
2218
3893
98
2440
3112
3006
5179
10214
9844
4574
10341
6474
4127
8288
1748
409
10283
2884
9441
926
10030
9989
4937
6121
2196
4189
831
2254
1263
6085
4954
2910
3378
10335
1326
9710
7493
4934
2825
3047
4418
10257
5089
7423
1465
7173
1382
10412
1608
1902
336
6187
6347
8323
6468
6147
4113
1623
4795
2468
6641
6669
3176
7440
3367
671
753
9038
2121
4397
5250
3865
5225
9513
762
9518
6656
7098
8045
432
92
9994
7362
6836
6824
1657
9097
498
1981
6020
631
9820
4347
5791
5415
8063
2710
7803
10013
1064
6499
5733
5159
9418
4081
5379
6307
6933
7327
9346
7330
2256
3419
650
9638
4054
888
1188
126
4911
7845
3848
2646
5981
8440
7579
849
2371
9360
8104
9943
323
6462
7944
4821
1163
9201
8139
7157
3217
837
999
5499
10343
4037
5210
4532
8800
5919
5840
386
6541
992
7502
10177
5346
390
5387
9686
8398
9509
9770
1117
9132
7604
4966
6162
6440
9482
1644
6931
5484
10403
143
3397
3050
6250
2622
567
7003
10672
10071
6977
10290
1888
2578
433
931
6261
6572
10422
2031
7435
8629
10152
9714
9002
5024
4591
9908
1923
2661
7694
620
7141
4051
2827
549
4295
2787
7464
5219
562
5058
3295
1765
4046
9144
10186
3795
2679
9588
471
10324
7120
823
6619
7697
1617
7585
4404
3939
661
4032
150
6542
1137
6305
9919
7679
6904
6613
8054
3013
10073
967
1067
1344
8085
6304
56
3245
5299
5909
4157
5844
4597
2182
9179
4409
9925
2906
9716
9162
5085
10363
10285
5825
7053
5091
3499
5612
4014
2467
9019
8410
6543
3894
3745
9574
10219
63
1050
1285
5280
9727
8638
8779
1890
3464
5083
6743
308
4186
6342
1933
151
4118
70
230
1222
8804
7226
10146
4141
8390
4099
8777
2978
5460
4351
8448
8965
8848
6273
9732
4784
4589
900
5659
5629
7531
8337
3396
3136
7727
1733
5029
8652
9055
9755
1301
1410
4723
2399
3355
1424
4083
1515
6603
6751
8327
6454
7317
6056
7077
1173
5203
4980
4538
231
4321
3314
4976
9086
2240
7659
4226
6339
8001
10484
3111
10538
2245
3486
4441
3106
9368
8346
5608
113
539
10654
4175
3437
2908
5287
3265
2570
751
3531
9464
4166
2172
2271
640
4276
2197
9454
7645
268
6984
3639
10022
8419
2665
1666
122
2425
1011
1031
8630
9549
2212
6354
1975
503
4543
3297
10708
4941
120
7520
7655
3088
4587
1697
4969
8009
7350
3010
3854
6825
5718
1800
1940
638
1798
9498
8068
10015
3108
4523
8244
2008
8441
9424
5631
5845
9658
5228
4910
9773
850
4792
9863
10706
8187
10333
10047
7772
3447
5227
3467
873
4550
4796
2959
10573
8276
1925
9114
10549
8044
1414
4818
8197
8963
7051
263
10029
2515
7266
6141
2048
6735
2799
8883
3961
6528
9673
6798
5129
2225
10664
1190
569
6922
5211
2118
8243
7009
6752
588
8198
2012
2717
7318
1236
3239
589
8627
8377
1653
526
6858
10513
8535
10477
815
6714
6809
1855
7516
4430
3059
7134
9447
10658
1881
6158
4402
2282
7294
2975
7002
2171
5782
6224
8980
1567
8903
9665
7785
3797
10430
2050
8830
1740
5496
2163
9601
5879
9057
9221
5905
2032
985
3957
3227
5633
4064
8974
5537
7358
5205
4453
377
6166
3429
8372
779
5542
6475
3647
2114
10507
8945
7361
2000
6723
10550
9797
4924
1174
8695
4974
1896
1461
7974
3949
5081
8655
10384
2782
6457
9457
7693
5785
8482
1898
5933
7748
4845
4848
7964
8270
5912
10284
10665
4303
5755
7977
4605
2527
8386
10130
10532
2853
431
9862
10666
9876
7658
6461
3005
5330
4812
5582
3841
8975
4798
9363
6538
3441
10253
7389
682
1140
1370
2554
4254
7842
445
3652
1353
7431
7526
9701
7808
9073
5462
5295
6726
510
7581
8447
4394
6155
8222
6590
10443
7125
7600
2893
10601
6592
4331
2998
2183
4074
7546
2871
1573
4872
951
2559
429
9238
961
5617
5851
6722
5920
723
4824
349
2971
652
7687
919
5554
8572
10082
4462
179
5927
6072
4968
9884
7690
8728
7333
4776
2187
10133
3748
9950
9087
7777
1876
626
8606
8088
1292
4029
5428
7692
5279
9146
9316
1956
10184
5967
9100
5374
3264
6703
8609
4659
6105
8449
10289
6066
4825
3686
4282
8445
83
9960
7611
7363
6963
6747
8992
7891
206
1085
8239
5146
2495
9151
2745
9094
2309
2096
2255
338
5672
3880
4301
8079
10075
8927
8569
7950
9648
628
9867
10382
7966
8929
9293
7573
5684
2493
2865
1997
2442
10312
4999
6452
6352
2875
2687
2498
20
7295
6591
1525
1650
10479
1868
502
9544
519
6399
9005
4204
7302
3597
7466
10132
5958
5975
1086
8613
980
3192
8344
7259
6108
6491
7131
3702
5491
5916
4201
1026
9843
5426
785
4699
8160
2136
6328
9869
8473
1083
4602
7039
3918
3471
10556
3817
7097
4540
6926
1506
10134
107
2387
667
8164
625
9410
2735
6148
8370
5015
8870
239
5068
10533
6017
7457
8289
2569
6301
9545
7652
1929
716
5032
5520
4746
6244
9173
247
852
2505
7591
3272
3480
10541
3330
1768
1927
1035
1180
9837
6024
2001
9612
8820
744
7667
2076
9480
5692
3275
4786
4577
4545
10703
4520
4196
8293
1593
3155
10540
8110
8176
2648
170
2080
8603
806
7444
9780
6585
1901
5293
4750
9416
5132
8637
4992
1142
235
6483
7113
8882
7063
3592
1341
381
2471
1953
8716
8433
6927
2191
5516
4726
1756
9774
8626
3187
6693
9746
2797
7660
10247
1894
5687
3348
6045
8275
10497
6967
3152
5880
8360
191
6061
5621
2253
9968
6529
4860
5675
7075
5838
3734
7301
7231
7437
1900
1330
7257
8115
10123
793
6909
1106
5382
10641
6057
8770
9110
7915
10137
9329
9147
6363
8540
6623
10097
8249
2669
3286
10105
289
1338
747
7583
8953
10501
6879
4892
3798
9629
5551
4741
2601
330
3231
2892
5854
2748
3315
5988
1699
8718
1148
8977
1877
10276
5928
545
10372
7093
1433
8997
5275
4395
6997
8831
5578
3066
7448
3945
6558
5948
5494
2981
7620
4710
9272
9247
8969
9972
6633
9012
9224
6235
4149
1480
1129
5555
3513
3517
9202
3794
3529
3336
940
4273
814
8261
1053
10529
4946
4696
6373
496
9159
3643
3698
4398
331
6885
10340
3496
1123
9703
3065
7484
2310
4194
2948
3906
3788
2269
4585
2821
2106
3093
7637
8752
2840
5784
251
6184
4211
4735
15
8778
4069
9297
2611
6671
1583
7781
9370
8333
702
3247
6790
8256
8371
1477
4715
6980
1510
1048
7255
3328
8751
7555
7062
6863
5326
2415
2260
4385
4640
3408
10106
4570
757
2933
339
2770
3767
4613
8594
4829
1620
1674
8335
7335
559
489
7662
9879
3846
8251
8059
878
8184
4107
2586
6557
3916
2122
9764
6728
1110
3260
8025
9607
1146
4384
1437
7786
1318
5365
604
8681
764
7099
1425
9473
4843
7837
6192
6851
5991
1306
3986
6617
472
10578
1415
9133
5726
5418
6791
4349
6294
1394
3908
7665
763
8957
10615
6874
8785
7000
2153
1913
2800
2822
3135
24
8933
6026
7843
163
8826
8556
8546
5425
2447
2209
1488
4439
8389
5271
1775
4332
5141
3569
922
4073
95
2233
4668
6674
7733
7639
1356
4705
30
5373
2791
257
7366
7313
7241
7068
2169
2947
1852
6780
6897
4047
7080
8632
6122
5123
4316
9165
6093
9191
9442
327
2744
7297
8581
9291
226
6054
5750
4207
1867
9886
9301
203
7041
613
9782
9497
3134
6089
1475
4473
2539
3701
1004
5843
9699
4557
9743
4457
6730
1045
9526
7425
8209
6336
2198
372
8735
3687
7818
1513
1915
474
6999
4050
1619
6940
9803
10360
4610
5527
591
6925
6637
1744
10670
299
4708
7365
2298
2402
483
9619
5003
7427
6449
7146
238
8394
6966
10508
5989
10156
10394
1667
2790
4982
10354
7897
5071
7967
7258
2258
5411
10697
869
9566
935
10539
3223
4573
9738
5996
1118
2720
9717
2307
10112
9909
2936
630
1060
10613
1025
3022
6814
5304
1024
3113
144
7708
6473
9226
6563
5240
1817
3309
7357
5611
7248
6913
2753
408
1372
1966
5158
6750
9731
2545
8299
1309
1993
3153
10365
8662
741
4853
4342
1229
8241
6351
577
67
2558
7901
2390
4895
758
5281
10241
2355
9729
1251
7824
9723
8032
644
7698
3755
4101
2983
3375
7374
7321
619
2686
1305
8984
2663
7602
8
10273
121
3394
8702
3279
4505
1136
9946
2810
1440
2969
9958
7116
3870
5406
4484
7798
5445
9349
7021
464
3974
6415
5970
2288
8972
9121
10488
10608
7459
8186
1797
7477
2530
1772
952
9957
8678
8873
9400
7884
6804
5094
3310
2352
9981
8425
829
5548
8639
1646
840
6844
9336
48
8964
5944
5327
