8872
10585
9224
4591
7449
2259
6117
7903
789
3318
3550
4200
4491
5339
3931
3372
8254
6433
3217
8419
1595
9526
1557
9885
6875
5548
3772
6615
9953
4268
831
9827
316
4368
5287
5807
10019
8178
298
10249
6391
427
83
6042
8960
3191
631
254
2520
7250
858
6054
3984
1075
8547
2118
4356
6661
8326
6359
6124
2102
1955
2608
10550
8846
3980
139
3630
7218
4275
2239
3255
3572
4534
1940
2841
206
6414
1613
3825
3881
763
8622
5928
648
10584
4117
555
6702
4397
10092
8728
7
4804
7380
7888
5704
10389
8645
9310
2634
2465
3418
3203
3551
1183
3054
177
4563
7831
3812
8561
2324
3920
4443
5938
7511
3313
8020
5481
6564
4386
7150
2873
8117
10657
5253
5485
2108
1462
10014
415
4585
4135
7389
402
198
4043
3071
4635
8727
582
10454
5731
1054
4742
4949
3593
5379
2616
688
4100
5683
8610
4380
1947
7005
1173
7416
10460
1635
5940
77
3186
7842
6111
5407
2283
2709
6754
2490
2307
8371
1590
10472
9595
3356
6350
10395
6957
8741
8641
6000
10392
2986
1311
6717
115
6107
3791
2528
3154
2213
6194
7617
1765
4735
8489
6422
8783
9641
10426
9251
4899
9640
3796
8671
723
3112
8412
2045
1299
6975
4747
5487
5174
8056
4256
9056
923
709
3519
5917
239
6322
1964
1291
8065
3078
4044
6841
1026
1766
9649
927
3680
7990
3671
10342
5225
40
3520
1616
1965
353
5609
6137
1927
5739
7471
260
2755
5700
10572
8551
2549
1113
3083
6138
9437
712
656
5110
1809
4448
5599
6004
10261
7053
4509
9457
9773
7352
7583
2566
8749
10417
187
4677
1678
3806
9719
4575
5939
7722
131
359
9685
1941
9558
7048
4926
2795
4432
8962
3677
8844
4551
6015
6602
9636
8378
4860
1044
4158
1675
3926
3754
1665
2903
2344
9751
7964
7258
662
9995
4625
9731
508
7848
2951
9562
2304
4617
8870
7510
394
5597
3440
4243
10093
497
5374
8998
8555
3714
1385
3016
828
5622
1048
7201
64
7973
9095
2066
2246
9145
553
5297
3453
1881
10226
4584
10617
2483
4910
6530
4833
741
2114
1105
9960
9983
9993
1265
9355
5596
8367
5427
3326
6255
3402
4986
4902
80
10349
1929
317
3314
363
1833
2345
8286
124
9045
1842
5271
4189
9211
2423
2930
6439
439
3034
197
4661
5309
8331
6519
8627
6982
6028
8021
6838
5482
8461
8397
9062
3011
7723
1708
8928
9923
7860
572
4183
202
1122
2153
2366
3725
4699
10581
6835
8377
1812
5549
5295
3503
41
3155
4080
2969
5052
2897
876
6679
1329
10375
9004
2374
3168
1280
1252
7129
6948
5967
7611
2519
4470
2785
9972
6533
8518
9522
3733
7240
6325
4435
5041
779
6714
2000
2849
9693
8100
2236
481
1053
2218
4301
10264
2016
8366
1674
6052
5773
9645
1163
8517
10683
7912
1803
9370
3748
2653
8231
9917
10614
9239
7374
7657
3922
3817
2950
2109
5880
3176
6669
2991
7436
8258
2134
4051
3336
8151
9269
844
10245
2041
7841
1119
9386
382
9
6727
5380
5053
4454
7133
5197
1696
6094
9898
5363
6432
5662
3363
9429
6869
639
1154
8449
3131
8403
3674
4333
3542
9484
1654
5387
7232
8441
1621
10700
10629
6253
5344
9778
5730
2183
950
9213
1882
924
4566
9511
4679
3193
2110
2421
7589
4941
917
4404
9656
4039
5336
6955
5280
3861
5057
7049
7329
9954
6480
5258
4836
2252
3463
1363
417
7349
5132
1512
2534
8930
4093
4281
1879
6899
2666
7413
9781
445
8591
10189
2712
1549
5430
9099
9949
10115
4254
1671
1157
10207
987
9957
6681
2357
6039
3600
2710
6972
5965
9568
717
8975
213
10412
4297
6978
6946
1699
6649
9255
238
3597
5518
2334
3009
3860
5949
7553
4651
8092
6621
10105
10229
4568
3000
3596
4780
9000
5813
4615
5675
3902
3704
6926
6047
2070
5502
5014
8090
4674
7478
7995
7612
8815
5552
4193
7423
7055
929
6559
9519
3905
8421
1831
2808
81
4139
3082
5914
3985
6431
4199
8756
1681
8267
8892
4188
1343
658
10117
3578
2593
2164
5300
777
4492
4225
6167
7602
3084
10449
4659
6197
10239
2208
2894
2766
5484
8720
10599
10448
7495
4507
9256
4272
7820
4610
8004
4424
1322
7321
5218
281
6067
8049
3085
7110
638
6782
7205
1131
5099
8048
5944
132
1478
4927
2587
9512
5086
4609
1774
5477
895
10698
5120
7844
5893
10135
9679
8152
2290
7925
8123
9411
1084
10087
9769
2988
6631
2651
9219
2515
9248
4683
8134
6060
10512
10155
1723
1370
10478
5795
1089
9403
1837
5898
3429
5545
8843
7405
8115
2926
5384
7769
9677
7992
6301
5342
10418
9510
7636
9318
7660
2212
1795
5666
3341
5865
1995
2909
3843
2220
9428
6304
998
6214
6510
8058
5425
4270
8187
9032
2962
10047
3957
3555
200
212
4854
1773
5747
6881
9065
3252
4155
10384
8887
7974
8197
1829
9540
6308
5012
7017
6597
302
8798
8950
6731
5461
2002
6384
4993
9689
5207
4070
1227
9296
8269
1531
7879
1262
4163
8019
3987
5299
9777
2327
3159
3862
7747
4041
10113
1379
8743
6404
8318
9655
3622
1023
1722
10507
3298
9721
822
4712
2621
1624
10596
3808
2151
7939
10466
2543
9601
5119
6284
6370
4901
5403
2683
8647
1814
8270
10152
3961
8836
8716
9695
1347
841
3194
7378
5686
2815
1663
9876
2861
9282
1526
30
4128
8583
698
8376
4375
6794
5863
441
326
7390
10385
515
9096
2202
2079
8710
8550
9054
898
1330
1868
3960
7654
8413
6547
7351
5224
10503
1614
9086
4164
9259
1628
4022
8827
3235
2264
2057
7315
8153
9577
5713
3149
7962
1822
121
6144
9130
629
10705
7357
7339
1040
6266
7324
10394
8552
6016
5031
9051
7976
6324
1206
1433
2390
2636
4483
6410
1510
9200
2068
2417
5366
5151
9349
5393
5241
6050
5239
2802
3465
4131
4209
5909
9534
4067
7263
1258
3656
6772
8114
8263
3506
6161
5870
8399
1873
6319
2898
6395
6380
9361
7028
1921
1281
6500
10168
9642
257
6121
3224
4316
4196
2716
6487
4019
5153
5129
5702
4540
1197
9592
5435
9287
8773
9882
4937
7966
248
2571
5996
6750
1849
1521
9948
6091
3588
7113
8220
2352
4557
6636
2009
10695
34
5212
9298
1070
6097
5237
6211
3976
6230
4176
1915
10712
4784
4008
3533
63
7273
3117
8890
7342
799
8642
6256
10717
3433
1601
5281
7984
5289
7006
4958
748
9862
1013
1326
6476
1397
1263
6648
9057
4344
6056
9266
3859
3446
271
10268
1924
1410
3507
6548
8415
4072
1864
4156
5956
4181
2907
8106
4506
9465
8176
8340
108
607
856
3516
2673
1744
1999
4797
6877
1505
4018
3780
7829
10559
1620
7009
7182
2963
3219
2967
2019
7834
2536
7631
9952
6658
9024
6009
6678
10174
7922
2276
9481
9893
5245
8917
8586
5343
7346
4372
4132
1564
5180
1002
5899
178
10176
4672
9854
7828
10429
8223
10613
798
10298
2346
7911
4991
8673
5001
1179
3404
9805
7101
1083
5127
8279
7522
2637
2008
10425
10598
6224
1420
8088
6967
39
5331
7504
4416
8046
2880
7997
3283
3513
3969
7892
8315
9399
9345
7813
8855
9182
7244
8224
9216
6302
2725
8786
3212
8198
3170
9818
7981
2090
564
7554
2406
7513
3648
6258
8001
6959
7082
6443
6337
7876
118
4055
3701
8410
5685
2427
4360
9126
8861
9001
4864
1377
8780
7840
6081
9254
10171
5139
7224
4741
2247
6535
2615
2583
5659
3443
7761
8244
2
4198
9767
4803
6798
5737
10146
5968
9762
3422
2040
2065
10051
4969
6549
6811
6790
2003
1522
7664
431
6736
1246
2871
2418
6999
9542
171
4943
2890
4458
9064
8748
10190
6812
9838
3409
5632
1100
10161
1701
6453
972
6825
2449
4476
9073
1216
10480
9049
7070
6270
10025
6311
3580
5249
672
9648
7131
5312
7462
5693
7791
2581
4149
5302
5793
5559
7472
6460
7477
1425
9569
7630
6973
4773
3565
2570
1208
7480
3809
8792
6843
959
7243
7821
10718
3632
5492
7943
9539
4346
4027
7877
403
5762
1490
9448
7555
8165
8738
3478
19
10446
4905
7532
7969
6804
9439
6300
3536
8260
7019
600
5033
5647
865
1640
7347
3744
4472
9585
10404
1859
5645
2143
1680
3006
2285
7473
1487
766
6633
3126
5023
7033
2726
3111
10235
977
9895
1580
3427
7542
8196
5615
4664
10286
6758
610
3485
9816
1382
8706
313
7724
8814
5446
136
6814
5580
6708
1898
10420
7843
9836
8422
6873
2773
2734
1912
6115
3979
1373
7461
2936
7752
534
3786
2956
8364
4098
10565
1398
8388
9382
2282
97
7256
9070
3911
7368
10457
10697
9037
5188
5507
5598
1151
10018
8615
8345
6624
908
1027
9926
3391
4690
1627
1489
125
9358
2529
10098
695
7397
7011
8839
9669
8002
3359
9530
3949
6041
5107
4987
10353
3753
6320
4415
3664
6744
7773
4582
8382
4613
1692
1942
1954
330
2411
3611
10455
851
860
6616
3470
6019
6826
1213
10191
6578
2612
8429
8210
8525
3736
6771
5111
4770
9443
7792
7467
1820
8866
7593
10033
5953
4580
6450
8392
3102
3249
2049
4704
8907
9101
5076
2544
5408
5877
9058
5927
3939
5858
4202
2408
2499
10158
2137
2028
1748
10070
3396
1116
2426
9419
1971
5974
7528
4182
8688
193
9339
10132
8365
690
7932
928
10100
10677
1041
10358
9293
2665
8400
9066
3378
1540
5196
7954
7180
4793
1068
6032
529
759
6769
8060
4459
6076
1583
10040
4565
726
10669
7819
686
9114
1658
674
2508
3207
5575
897
7193
9699
2681
6131
5868
1869
3968
126
9684
2409
4911
5140
5328
8731
7810
6706
7415
3606
2550
3906
850
1737
6733
2132
8674
620
2147
5867
6386
10549
7715
6123
4014
7858
10649
9210
2952
2342
1057
506
8234
2091
10034
8118
7945
2939
2084
422
2089
8717
1224
5247
8022
8740
8516
4321
6792
6212
3681
9167
1978
2180
6387
10016
9467
114
10370
9498
2794
4809
10591
8628
84
9978
6202
848
5497
3709
3921
1469
4071
279
590
1278
1091
8840
8762
694
2946
906
7666
7514
4870
7237
6397
2655
3239
1037
9907
2207
5316
5616
9162
1358
6522
6904
6692
4088
1503
2598
7206
7634
6799
6441
1939
598
9309
7837
3001
128
2361
1569
7548
6235
8572
4191
2263
3959
6323
25
9405
3699
8569
863
5026
9775
1558
2545
8491
6239
4083
1883
4336
4850
733
10692
4641
3641
10709
2972
6749
3933
1302
9313
9379
6527
4671
2284
5561
966
10078
3567
6332
10474
10533
14
3432
130
7720
9607
1793
7640
1645
113
3769
5923
769
87
9230
3263
10711
5798
294
543
3927
10296
4900
7000
6738
6820
1711
3774
3669
2311
5895
10157
8495
4682
7146
8031
2185
284
1571
10534
8669
4766
2812
5370
6688
6310
4089
10679
9988
3768
9602
7153
3047
4508
1792
971
9503
6558
1679
9195
3413
7295
9682
6429
8959
7950
9810
5208
2763
4369
1612
263
1886
9940
2289
10658
4255
9350
829
7559
1411
2468
1174
4399
8598
7057
10537
4686
7742
3502
2938
6216
10562
2762
4185
10538
2064
4545
2748
7404
3568
3489
3937
342
10004
10482
9431
4995
8236
3790
4309
7914
9454
1240
1563
7678
7508
1666
8750
6428
1107
5987
9319
8225
10195
8670
9302
443
8989
1782
2230
10577
3271
9469
3676
1547
7572
8995
7562
6413
1551
1639
6671
1903
1221
2932
3537
5270
1248
7377
4638
3277
10086
5654
10477
9305
5736
6834
2125
8968
1948
5758
10439
9116
6553
2050
8025
6011
9301
3873
6954
3056
874
5348
9706
6181
10634
8460
10162
2249
5463
5473
5210
3880
9860
2957
3381
8778
1648
1757
771
1836
7795
1361
3064
8194
10003
10240
9871
3887
3306
1259
8444
1761
2783
10306
6767
2835
5942
3526
5231
8177
4367
7093
3340
1742
2257
9117
10096
1576
7032
7951
1607
6918
1953
946
1436
6961
9149
1951
5763
9736
10473
1843
6403
88
7062
4626
10011
9191
7216
3731
6229
7909
5341
6854
7002
765
7066
8467
8497
8084
525
842
1878
9939
10038
2896
37
10103
9674
3232
3834
4273
3063
8329
5871
8298
71
2626
3041
7040
10350
6057
9729
1918
3179
9068
6657
6469
3152
8607
5544
4960
5016
3637
4384
9183
1403
10138
570
5400
4826
1736
3461
1753
4644
1445
2720
10231
6689
3275
9304
201
5767
2614
10483
1890
1789
5592
5883
7107
8735
1218
4633
7904
24
7362
3501
69
7088
10704
9638
8776
8185
2018
7138
1287
7584
762
4559
9425
308
4581
1959
5831
10568
9048
2752
9261
3270
6070
4373
2095
8291
3707
521
3563
7967
7080
7907
8195
2243
1764
10546
7412
6509
6048
6857
1366
6728
7293
8087
7765
2463
7280
10407
4688
6703
7565
9921
5832
652
8605
5671
4245
2629
6837
9198
341
6293
4461
7696
1211
8112
1042
8504
4332
3451
9423
9861
61
2398
4195
920
3049
10185
9440
8246
4208
1733
904
5735
5420
8842
5513
6723
9265
10216
9832
6072
10187
4211
9564
737
5098
6393
2034
9991
2910
86
8801
1007
6169
1022
7700
3129
826
6462
10005
4658
4484
3087
140
1402
3573
7901
3594
3062
3394
7804
9087
8983
6024
5496
1785
3715
8784
8317
7656
532
9527
2349
548
9760
6911
4717
6601
10124
4447
6095
5273
4728
7120
1821
7163
1204
4957
6853
9043
3351
8997
6776
4650
5547
9799
7186
10307
2542
9796
5066
5521
4090
9525
5262
209
7103
4262
948
770
7041
390
6485
129
7946
8375
1364
7192
5288
169
3434
7690
7239
6981
6737
9127
1200
5901
1055
4324
1938
10467
5055
2524
7424
4013
6821
10693
3163
6449
2060
6746
296
668
7675
9496
3757
3878
7448
8599
3153
10007
8925
6836
8432
7859
7463
3304
3770
5976
4111
231
3167
3375
1646
2933
4669
4925
6333
5060
7719
7299
2772
3996
5771
10652
9122
3438
1552
2955
9514
4063
3133
5337
10068
3022
2706
469
3367
7676
5256
5088
5982
501
10372
4460
3089
802
8650
2787
2714
3621
8904
1261
8041
1233
8228
6105
2721
8757
6278
1854
606
3471
4654
4982
2722
6505
1300
4570
7936
7089
4892
5912
471
9486
3738
5716
2473
1846
2261
3253
4348
2638
1203
10242
4287
10181
4032
1596
7050
1667
3830
2816
7649
8216
4935
9739
5183
10441
4757
1651
4720
7733
9407
9894
8007
9651
8530
3662
10450
984
4880
1127
1907
5493
4335
8052
9742
5219
8477
2376
3670
7407
203
933
9959
1656
4059
1629
8233
3339
6645
327
5077
4800
10410
3301
9290
10148
5382
8211
3771
3174
5470
9757
5522
2642
10484
6118
188
1046
6101
7271
7686
5394
6886
420
6817
1348
3848
2476
141
8696
921
7679
1668
9986
2271
3558
1396
6910
1319
740
7893
2573
4116
5726
10527
10607
1684
1706
2197
8311
9906
6936
4490
6318
6544
3103
4248
4794
8039
3148
9231
1834
8038
4732
8478
10277
5498
1305
7162
1424
5102
4294
7824
8683
4171
3107
6568
4160
5442
10456
9330
6198
6122
6575
4916
9017
9790
1998
4636
2293
2518
7355
9306
6724
6461
3257
5848
7968
2874
4056
1386
2080
8903
5888
3642
5884
9418
6064
5973
8073
6722
2708
4192
2869
1931
5385
5721
7261
3157
10241
7890
6569
3852
9982
3782
6583
9283
9829
7140
7217
9833
5554
5722
10451
7985
2793
10290
2300
10416
10481
6745
3785
7075
3574
9717
1066
7494
8632
8821
6082
9171
10575
835
4520
3629
10265
7288
3544
6876
6773
5635
1647
1365
1270
6518
7779
2970
4307
818
7345
1618
54
9587
2165
1307
4023
4030
10180
884
399
6888
1824
3756
5986
9495
10687
5653
447
8713
2187
3146
468
1171
855
6513
5285
9723
8965
2130
1238
6667
10340
715
1180
6565
3610
7437
6734
1888
7453
10094
7238
1018
4590
9535
2201
1289
4820
9168
6919
2401
5719
4600
10250
8837
2196
5034
1168
6297
8469
2363
1887
602
8834
4173
605
10
627
3400
1188
5864
9459
699
4025
8818
1683
4796
4231
499
2389
10085
8256
2375
3292
1134
7332
2149
4258
4170
792
3101
1384
2354
7432
4165
9971
7512
5490
5372
106
7334
4201
7361
7871
3635
4081
5444
9034
6822
9688
4440
10378
483
1728
4598
8202
8465
10400
227
1604
8498
9356
3231
2913
8868
6249
4879
6752
10650
2335
9555
4532
7644
10501
7123
5817
5142
2540
4621
4244
6267
1407
1631
4313
7303
7849
4405
8336
4115
1458
5706
962
2691
5656
3303
1659
165
1944
6381
9828
5364
4162
10651
1838
3483
2204
10383
189
8816
838
8130
7152
9802
4614
663
2488
1310
9253
2306
3943
8919
2985
5566
1606
9394
8446
5194
7431
8987
3500
8384
6210
3865
5711
3379
2658
7483
3811
1001
2668
7867
738
48
5998
7866
2296
8132
6344
5836
4342
7882
8587
1110
9845
1391
7919
3844
454
6454
9050
9992
2686
8912
4702
8972
3918
10244
9837
9477
10558
2667
2331
852
10172
430
7574
3261
2482
7825
5916
400
2589
119
1301
1355
8295
8053
9474
7621
615
3150
5620
2369
5205
3490
3581
7370
6022
6823
8797
7905
8343
3132
5734
10661
3431
494
143
1172
562
8537
6932
7540
6149
9715
9614
295
867
7853
379
10646
9129
2330
396
57
5193
2700
7338
4442
1980
6100
1360
251
7900
9927
9365
10452
9470
10143
7833
276
9038
10163
1693
539
6201
10246
446
2887
207
361
6029
7043
1972
2517
10685
5636
6643
5349
5093
2769
2355
7550
8935
4141
261
9507
5215
1165
13
3528
6735
5149
4756
5988
7918
7885
8179
1650
9321
5051
5265
989
9726
9137
8663
8514
4596
4918
10618
10373
4645
192
8339
5551
6858
8241
5543
4913
3128
6848
8811
4951
5089
5352
7060
8833
8823
10106
535
2893
7770
6634
4835
3330
4857
8711
9289
3886
6882
5235
347
880
10519
9919
2103
9245
6813
8303
2730
7527
6638
3833
7746
8218
5733
3120
3529
6282
2031
3246
2649
5908
4643
3781
9600
7731
883
6696
5013
2181
6408
7306
10363
5612
4468
3398
4420
2921
10359
7433
7267
167
6846
1401
6142
4858
4878
8199
2487
9047
1064
7427
3955
4737
938
3289
9627
1139
4539
1328
8473
8725
7125
8028
1491
10605
7004
6248
10432
1467
3590
453
5572
3511
7737
8000
5533
3673
8189
5805
9184
8657
6298
9288
9969
6907
5330
8545
5699
10275
1463
5851
349
8320
8680
4973
8327
1619
5332
3760
9505
10134
8974
2601
6444
8333
6484
8988
7814
3183
8353
8992
1986
5564
8914
9711
706
3950
1891
1106
875
38
6498
2106
7363
8483
5729
1357
6025
10413
3963
2402
6555
594
1740
7170
3652
2477
9650
5122
2005
9857
8747
7142
6062
8621
10167
3732
734
8175
7663
6651
6055
1852
2639
9275
6652
9759
4410
8259
7402
4107
10494
4058
4277
2509
2256
8034
9997
9340
6231
6925
3978
1324
6155
5637
4064
9707
8940
5607
4526
2746
5814
375
407
3127
2977
6842
5236
2663
10554
10225
4816
4843
6309
1285
3894
8764
5536
5304
2105
8939
8554
2462
5800
6145
864
3569
589
5353
3991
168
6986
2767
3530
2892
9754
2189
5669
8383
8314
464
2343
4002
4767
2624
4758
5161
10260
7865
4228
5591
10067
8980
1395
7647
10050
8894
985
7785
3583
9002
2270
43
2138
7623
3046
7956
10196
4761
8219
9446
3307
10447
5558
264
5242
9027
6725
7052
1694
0
9227
3068
2234
242
3196
2156
4760
3158
9549
7624
2572
3647
894
9718
7376
8559
8838
8172
10556
3689
5082
10386
6588
7996
8281
9480
9322
10627
10603
4831
7372
2838
2843
2707
2320
10645
1641
7118
9105
4525
2438
8503
1451
3058
3055
4942
1352
9547
7682
4449
6871
7735
10210
3766
5291
4861
4904
611
6396
2253
7870
1034
4077
6358
2595
9541
4234
2206
2886
5679
730
9209
172
3827
3777
1989
9624
6352
9776
805
9631
8704
1086
105
7873
5118
9763
6130
7179
27
7688
2013
10083
9509
3147
5510
8948
5743
10057
2756
6288
2718
4832
767
1297
9391
747
3315
4749
6110
775
8433
10686
6534
5528
6294
10209
5000
3187
4436
4376
857
3821
2942
7545
214
6680
8915
8108
2774
4801
6275
9336
4893
3369
2277
6844
3428
6018
4786
3710
6426
8785
288
5277
5191
5434
10567
9925
2961
8455
6903
4016
4514
9228
6570
8724
10141
3459
5338
10531
4240
6252
5259
8302
7457
3884
3962
1935
7036
92
2191
2205
7498
2235
9793
9629
4668
6321
4150
1866
8863
2210
2383
7038
135
4066
2711
7202
7251
8391
7563
3397
1657
5172
2912
554
2947
910
10272
3923
1178
7354
10600
3874
7568
2597
5844
2424
5843
5769
8155
9142
7061
3869
2750
8082
10347
3236
10302
10528
7078
7681
4873
6768
8213
2301
692
5802
4620
4530
1482
1003
8809
5355
9333
581
1738
339
2784
544
6536
8283
2341
522
8963
2179
7468
10330
2684
1498
3343
2455
1223
3233
8011
1682
9337
2269
10147
8916
5606
8323
4480
8617
10270
8471
4020
9848
5346
6642
10312
3940
1840
4517
111
6930
4036
3405
5520
5678
8746
596
7570
2440
10391
8623
8506
10169
9990
7614
10497
3599
10659
5661
6630
8985
1452
1767
754
1244
6425
1071
7379
4434
8075
186
7252
3619
2386
6600
9335
7641
6412
6312
753
659
2309
2058
4931
412
3436
1816
8370
6778
9111
10293
8978
7780
8584
7963
4813
7278
4278
3145
1546
5664
1746
7935
4725
9081
500
2905
10044
9626
7604
2223
2403
4138
10283
4133
1155
3439
10602
7282
2507
9966
17
5601
510
7625
6940
7692
2575
6913
1718
6440
8275
8899
1943
3243
4750
4075
10542
492
7325
4722
8059
4092
10049
4004
8439
157
7039
8941
2466
8242
1073
7366
8133
6682
8685
4604
10316
4406
3256
4402
4511
482
6295
3728
8184
6068
9596
7074
839
5820
8686
6763
10578
892
9441
1554
9223
3954
5638
1676
2606
3481
1969
854
9373
5623
6890
2855
5085
4538
5788
5079
10376
8656
4451
5785
9410
5701
273
8595
4996
2770
8714
5924
840
6860
2995
8639
7109
1688
10002
10144
2857
6250
7661
4736
3286
15
6607
1135
2160
1298
3389
8932
1755
1902
7307
7598
6830
10139
7894
10027
5922
3716
10165
8015
1901
2245
6937
7228
9152
6038
4340
9141
2359
6819
5614
7582
1428
6316
3327
7015
318
571
4653
1286
10336
1996
4359
2010
2514
10232
7045
4528
8470
215
395
1004
93
1067
10702
8294
10492
8913
2287
9471
3992
6388
9492
10667
10104
1507
4867
1327
8726
7703
8999
2922
2999
4779
5466
6676
7396
7913
8957
2489
426
6479
9307
5251
1217
1254
9694
2071
2221
2227
4844
4895
1513
4127
7458
9908
2937
9943
6635
9765
6045
8668
9620
4175
7588
8150
6958
2491
8139
3026
6430
110
6021
9783
580
7030
9324
391
9524
3125
10539
1801
10310
3144
3589
4869
5553
8807
6791
3202
7323
1222
6223
1447
6367
74
3161
4498
3472
8411
2336
4094
4815
9814
4233
4444
3464
4502
2563
9831
3737
72
6196
6303
8737
9999
8898
4290
9110
2696
2217
2063
9154
5514
1985
7406
8164
4544
5634
416
228
5964
3346
4351
2844
5267
159
2727
7693
8186
8072
10224
934
9912
6023
4966
9395
7683
9384
2796
10090
7464
10569
8064
1752
4349
8485
10140
191
8435
146
2412
4325
9185
3577
5920
10205
2272
5112
2062
2758
6244
3020
9663
175
2425
5049
4738
6102
6227
2169
4759
2850
6420
4733
45
9928
4204
5178
9372
1454
7144
2876
5508
9351
8047
976
6287
7314
7959
6292
6389
8200
5838
819
386
2469
8973
4955
5542
9887
541
3162
7371
2828
3264
8862
470
5405
1908
9902
1011
8255
3228
152
511
8126
9841
8101
4556
6274
5703
9317
9487
7778
9806
9121
5369
3371
7659
1146
2717
4564
4527
10089
9868
4319
9134
10020
5261
1857
337
3523
10437
6079
5759
7552
7417
4363
1314
8157
2797
10257
7986
5392
1713
8852
10561
6980
1459
1827
7917
7077
2448
4921
4894
3493
5523
4823
10053
1687
6828
3700
6465
9738
3924
9581
4439
7343
9787
6953
7880
7980
6172
10616
9222
4891
5464
9791
907
8879
9135
3730
2007
5227
7944
4152
7026
3108
8565
7203
444
10309
9368
7444
4259
7395
5707
1819
7447
4518
1928
6232
10622
5221
10108
3778
4146
6315
2564
3037
9258
4594
8149
7655
9737
5377
5038
6862
225
9557
6690
2485
4888
6859
10300
6356
8651
3226
7526
7081
10184
8543
9582
10631
5255
6561
1516
3444
10200
4411
2584
8761
8955
8215
10714
3425
1704
8324
4790
10406
1508
6596
5264
485
9618
9804
3325
2371
4398
5266
702
4807
5399
5605
1776
3360
1800
4053
9169
2834
9951
10256
7718
1474
1321
2757
3587
8575
2059
768
4746
9974
5625
8541
352
3195
10291
3407
8721
4481
5162
3441
8207
3975
4026
5809
2294
9890
5108
9660
6574
2780
932
233
8967
8664
5567
8911
970
311
2015
8464
1344
472
2916
7763
9701
3043
10111
8562
4224
10461
410
9205
112
542
9217
3592
1529
4726
6589
1472
2419
246
3119
10640
6271
3694
10253
6613
3628
2777
10580
2792
2026
150
3118
4265
8885
9438
9795
3543
4547
9740
10022
1905
5753
3412
9071
10641
258
5527
51
4915
1103
1323
3945
3620
3930
1021
1598
3361
7443
10037
9181
6478
3015
5056
7400
8594
5321
267
2081
7331
7096
1983
1290
10149
6495
7283
3723
6085
2749
2600
8111
95
7350
2047
5797
10276
1911
5573
9639
6666
4890
6159
1844
8102
9597
2391
1000
3260
891
4876
8448
10023
2414
1170
7830
7642
8945
7294
9257
2385
10475
711
869
9120
4745
2968
5486
9165
708
3711
8660
9329
4302
9462
9680
9623
837
10071
565
8880
4897
2535
1242
4519
7385
5386
6463
3755
9314
3966
9359
5668
6894
2527
1518
10619
1661
2704
1936
1060
2567
5185
1388
7786
8698
9083
2538
8006
4091
8262
671
2240
496
4920
4847
6670
1851
5874
8486
5746
4849
6699
10421
1644
5766
1804
9237
3177
461
265
1288
2557
1255
1020
9089
5479
7051
8793
9040
7403
3052
2141
8629
10166
1573
689
8335
10486
5504
1981
2821
8825
393
3045
184
4821
6280
3548
10066
1485
3653
9647
5202
5159
1553
2297
6701
4866
3557
8971
3903
10198
8709
10522
8230
4963
270
6365
3994
9653
4934
1117
7591
4721
10164
2698
8600
5450
7608
5456
830
5945
8636
10199
7725
2582
5004
8169
3997
5329
1215
9543
4693
9965
6639
8865
7728
6279
5815
1101
377
6423
559
1049
8796
2117
6698
1984
1453
7650
452
7891
1334
5804
677
4811
1652
4768
9084
7931
597
1308
7042
3227
1461
1895
10315
2387
7576
7516
2393
4952
4877
8409
1783
6979
1210
6538
6755
6850
4236
9852
5199
1524
7556
5397
6497
8795
6126
5709
5891
1272
7610
9671
9022
5708
7485
10194
4296
7490
1720
8835
2037
7940
8626
1109
3840
7275
1374
944
613
8791
7643
5058
7212
8129
435
5361
6809
4392
6281
3545
888
1826
4148
846
9308
5692
4838
5839
8029
1592
1884
5752
9143
4177
812
10597
9262
3788
473
626
451
3566
3460
2262
10411
2604
2954
9536
1832
1198
7506
3097
1201
4095
8794
3651
2872
1561
6582
9580
9533
4012
1786
10620
725
8487
1015
3092
4810
3421
5074
73
8886
6845
8897
514
9414
2193
7740
3024
2842
351
7782
9822
10576
10491
4909
8936
6599
6424
4967
1484
7104
6338
7789
16
2852
4215
9046
4740
9892
8500
6438
75
7748
2014
1542
5969
155
6179
3929
1977
4122
5314
7596
4753
9468
3269
2012
2459
8739
6659
4970
5626
4221
3650
7020
9571
601
7335
6757
6620
8249
967
7543
4065
8679
2407
7587
6336
9673
2609
7420
2215
6339
1016
6866
9277
2452
1504
3445
4642
3302
4769
8905
742
7255
151
901
6164
274
449
5347
9713
651
2801
10345
7764
8347
5741
6362
4586
5310
7037
5772
6879
1815
5992
6573
5147
5697
6087
7766
5045
6347
6718
7753
5431
4666
9094
4830
149
8564
2868
7726
7668
8135
384
2943
7520
9490
10128
10595
8918
245
9055
8824
10361
6474
1441
7961
2338
4370
6740
8348
1306
761
2760
9560
2523
3165
1534
9944
731
5062
10271
9593
6641
9100
696
4478
6305
2532
810
6700
286
3053
6237
5391
9820
10489
3638
9388
2591
440
67
1098
6992
7425
2713
3793
1904
5589
2036
1333
8277
9741
1861
10496
9840
8124
3021
10017
1145
5048
234
10308
7799
8556
2891
6243
6246
7364
3338
665
9646
6283
9748
7505
6447
1058
2305
936
3509
7798
6677
6784
5047
3188
3951
2480
4118
7219
5808
4145
3357
2674
4015
9538
8699
4980
1600
6912
1033
7475
8625
2551
8431
1707
5133
4839
8066
1949
561
4968
10367
9576
5027
6240
10354
632
8040
8278
751
919
2525
3109
4109
8180
2319
6514
8081
5101
3615
7410
9203
8501
10327
1394
10368
467
5166
5959
5557
9323
3258
2046
3759
2862
4837
2067
4462
728
7489
4047
5439
6491
476
6691
10462
10436
10042
7014
1714
6685
3061
343
6711
7117
3896
1247
6551
3576
4229
7734
3831
995
6608
9764
1274
10601
524
2948
9583
7987
1649
1017
3527
5035
4560
4388
1685
8513
1963
5934
3248
4687
8395
4441
4567
6803
1798
4754
4166
1031
1813
7497
4631
8462
6363
5453
10015
9897
8707
8922
4455
10263
9932
4034
5138
3234
9354
3797
902
5787
2460
5541
2461
8141
9450
776
5135
536
6591
6030
8813
8096
6221
9573
5754
3855
1417
486
7341
6742
3608
5059
404
9263
10479
183
8472
1777
364
2927
7581
1818
9553
3718
7920
8119
373
2974
5240
5687
7827
7220
10424
4622
100
8640
4250
387
3626
6656
2241
4684
9006
886
5495
117
9485
1147
1226
8588
6466
10366
8309
7933
484
3100
9935
1422
4947
8104
6027
6415
1653
5039
1762
7607
5158
7194
807
3818
6540
9667
2242
26
2082
9735
5459
4466
3607
7063
8734
816
5415
5966
1479
8328
7620
1143
9147
9031
10334
6660
4031
6014
4718
4523
8676
10521
8637
1493
3352
7068
2627
9692
10379
6446
2155
10021
2548
6914
4775
4979
3974
5537
4648
3823
5983
3762
2116
7149
786
8573
9705
3035
7476
1768
5448
9598
979
10130
3868
609
4174
7600
8292
1602
2860
5931
6611
6349
1660
372
6191
9353
7254
4792
9430
7993
10069
8138
5169
8203
8171
12
4521
10279
7927
2087
1642
5859
3916
2093
3907
8490
10414
5840
2024
3139
434
6262
335
9033
9606
8319
7292
5125
4487
1566
2358
9914
5955
7774
5534
3936
814
569
1177
4486
8144
2172
4341
1987
5828
9947
4326
1102
9846
8349
8488
7046
455
3276
1114
1130
6407
3717
2990
9215
8342
899
4705
641
9434
6114
9417
3691
2216
7759
1062
5984
2219
2688
8237
4366
300
4400
6036
6662
6317
2115
5651
4652
3220
9813
6405
676
1372
7509
8253
1295
10555
9464
6125
5173
7264
9338
945
1664
7899
217
911
2188
7757
7430
1276
2254
5081
2592
418
9011
9180
7601
2501
2807
176
462
7233
6277
6112
2987
4555
5783
9164
1575
7760
9780
6943
1759
8475
9292
8287
8745
1187
4292
3458
5043
7965
8920
3747
5631
714
6451
2231
3242
6046
2484
1662
2303
3244
9502
889
7915
3919
9847
6183
10329
9232
2433
9010
4924
4710
1974
232
6963
5834
5937
9875
7383
6623
2044
7662
3081
4266
2645
3370
2904
4242
8675
4731
1823
493
8217
9332
6345
2278
7387
9934
268
6355
9244
4855
10588
9996
2656
7998
9517
2823
7317
6040
9243
8284
5586
1141
4328
3384
9785
9523
3890
4983
1609
7796
3038
3952
7284
7580
8800
8288
9362
5860
4314
10243
9007
5002
6552
10129
3136
9204
6158
6887
9412
1079
7320
6108
9023
5600
7034
2602
3484
4771
503
7957
3721
10552
9792
6163
5009
8540
4003
9369
1848
1914
6080
1273
5494
3213
10468
952
9603
9858
3928
1082
7801
2940
8250
5975
6673
2135
4010
9346
915
380
5784
3657
7024
2863
9521
1115
6220
6467
10299
9630
1778
10331
3032
9622
7702
7730
7398
9500
10008
2814
9312
8042
8923
8468
3538
7422
5078
1186
475
9156
6581
2405
9247
8697
5994
133
900
4719
9483
7930
10505
1988
3535
2628
5618
9594
6259
1309
2875
5340
9708
3324
4387
1475
8143
4853
7691
2578
7705
6598
7330
10513
5488
4046
6078
4412
1874
1264
8252
2588
1429
7365
5322
8358
10680
3335
8045
4906
3210
1689
6884
5222
2457
4085
6664
1284
292
2531
6895
5570
7298
437
9281
5121
3388
8430
195
566
8394
720
4886
5105
2580
926
4992
5538
2790
5083
3749
2154
2150
6390
2043
6411
4104
599
8074
5816
2949
7732
507
8137
4057
3156
6499
8850
10583
3867
9506
2113
7839
2413
1014
9069
6269
3504
5957
44
6931
85
2078
8803
8991
1780
7868
9176
10136
1712
6997
7373
1567
3180
3820
1719
10056
6376
2610
9436
9588
5351
6512
5308
8604
10615
10348
10710
4599
10220
10284
10593
6434
4510
5932
5186
2788
5257
2450
3982
9616
4361
4087
4874
8653
7507
3743
5690
968
10214
7594
3475
8035
4119
10675
8521
8751
6093
3036
4024
8828
7401
10159
670
2504
9987
4550
8120
5440
8902
6399
549
3395
7187
2925
7155
4124
7916
9821
2632
10230
8131
9617
5483
1973
4956
8765
2092
7208
8984
1605
5209
8363
436
1406
8192
9472
7955
9681
5540
3585
7099
6063
7499
5146
7134
490
4238
3518
1351
9074
1190
6437
2486
7418
2316
6585
5290
4536
6053
491
4903
3989
6034
4464
643
210
4515
6171
7135
3031
6805
2847
7738
3310
8678
9325
9186
7667
3473
1056
6486
3380
9730
4130
6264
2203
5971
3093
4605
8379
8438
7926
8447
5794
3925
5275
3482
718
3837
5765
2728
1841
9079
9504
4865
10643
6206
235
5602
4271
1266
2546
2451
7632
3321
6923
6026
4035
1750
7685
8779
8173
8078
4818
7067
5978
10444
4467
6073
2914
8008
8305
5619
6033
5298
6872
4692
6077
6189
2853
925
2362
6683
3390
3643
8578
4354
9531
2827
408
8858
8646
7775
5216
5903
56
4021
5756
4569
9453
3328
10076
7316
653
3025
8268
253
4972
10535
545
411
9163
3116
6372
1455
1805
7211
256
9819
269
951
1449
4709
1705
1880
1085
7493
2577
10656
3858
8453
5480
7086
2982
4629
8926
9161
4871
10637
1161
10343
8162
2126
7960
2677
291
7615
10636
3424
6808
5457
1446
4962
3829
4776
3832
1559
8070
3333
7199
4086
8359
9433
9883
4232
2211
2312
8590
2768
8787
7393
5595
8308
2945
3294
4944
6020
10633
8790
4711
2993
2416
10006
7743
1125
3627
7832
7502
10030
1450
649
795
2481
8414
1808
3764
9976
2833
5970
2751
10010
7154
9945
684
10458
5383
2119
8826
1047
1994
7165
442
6175
5410
3250
1811
8788
2846
6490
9400
8881
2607
2467
2166
9770
5326
1423
7622
5933
4657
2851
10611
5649
7535
7384
591
914
4252
5819
5106
4105
5389
374
3059
7001
2356
3639
3319
287
5286
3198
8658
7121
6098
237
9385
6977
3416
7268
8062
173
3151
5307
847
9886
4389
2613
10186
10430
5776
878
10676
7982
7358
456
2830
4619
7817
10228
6228
9644
1
8847
5640
8273
8665
52
3030
7465
2848
10670
623
3477
6511
1095
8507
10655
3171
5411
2471
7850
4601
9014
7627
324
1065
1448
489
2881
7007
7670
3173
182
6375
6747
174
4852
6369
3373
3282
1958
2568
4499
1885
6402
6400
4249
719
8689
5402
10213
6956
4452
5358
8856
1346
9920
3345
3633
6966
4603
4017
758
7173
6470
8437
961
6222
4343
3726
3942
6896
9489
8730
6173
4147
2599
6800
2585
8888
887
7923
10262
9590
9909
3888
679
5665
331
18
8285
8457
5780
2899
8769
6665
4293
9409
849
5725
9801
10621
226
2878
6827
2322
4881
3295
4898
10064
2799
9579
7530
2804
6901
1593
2281
755
8044
9710
9916
6779
7310
3492
7209
8276
10399
745
138
5644
2420
890
5696
7241
3190
7301
5629
4646
9235
301
6971
8601
9131
1578
10061
2753
3278
8396
7881
4981
4310
8086
965
986
10638
10039
10428
9488
5414
10267
221
6617
2136
8290
10694
4241
6605
9811
2148
10490
618
3010
1993
8893
4662
5624
8603
369
2661
9826
3679
10175
4382
5269
6184
8977
5919
773
7684
4817
5569
10543
3698
7628
9197
91
1078
4450
7887
3986
6609
3437
96
3002
5087
7680
546
60
1591
791
2139
1097
9475
1962
10077
9146
5090
4264
2258
10252
9613
2493
10357
8334
4408
2399
637
9177
4587
3510
3005
6313
6326
7618
5011
3914
6774
4219
2620
10608
4516
10285
7064
7221
10401
5546
3106
9520
8655
3362
10058
8442
1283
2083
4542
10664
9915
5182
10716
6238
3206
7450
8867
5951
5163
4739
7426
3856
9529
8387
323
3779
216
7975
322
8257
1419
3541
8695
1232
9931
5925
6674
5018
701
625
2035
6286
1568
9980
9609
4137
5187
7114
10179
5176
5131
9201
9798
3365
9102
5168
7991
3419
1587
2791
5075
2142
2561
4497
9078
10403
6254
6162
5103
2146
8360
9998
9376
7816
4011
2396
1543
4317
4084
477
796
7863
4110
10666
7115
9743
1961
148
5846
6008
3094
6489
8929
6861
8055
5100
10150
8582
160
6471
6831
1340
1019
1584
42
969
1960
6840
9628
185
7126
9406
2368
9416
1502
2672
10681
224
5195
4385
10653
280
7023
5717
2966
10297
6006
5467
9873
1156
5519
2882
8921
10500
1069
3895
5705
1775
6719
3447
5406
32
5633
7633
3121
4543
9938
1483
6915
1845
478
5658
8091
4377
4840
5889
1867
9397
4154
6213
7318
4713
7648
4054
7262
8494
5556
10434
8933
5356
5063
5220
5143
8819
2965
2088
954
8832
8338
9233
4640
3525
3524
8860
79
7031
1111
3854
7699
5689
7191
6732
8428
5424
9160
2803
3767
2436
678
9659
3631
1858
6346
8341
5642
4288
8659
9225
2353
557
6276
7085
811
5639
4123
7446
5677
2023
7441
3299
4267
8557
5396
1527
5367
9608
1828
5376
7056
1562
4230
633
2478
8204
6625
576
8715
5887
10514
9570
5505
6927
49
3229
3915
6938
5643
5714
10427
4639
9396
1535
8024
9284
616
1430
1982
6627
4834
2370
8067
6392
9246
3552
6663
3983
1230
6166
9800
10321
53
5294
6233
8484
1421
5228
7466
2743
727
2699
6647
4493
8362
4318
6939
8666
392
9044
10095
9922
4667
163
9344
10612
9341
10324
8079
5006
537
6241
7381
10540
4257
7908
5413
1182
1426
3160
4512
312
4782
1345
9297
2644
877
5422
4964
7808
9599
3613
3668
9109
6786
8592
1847
3209
6458
4417
9241
4007
5050
2689
4239
7515
903
9654
6730
4345
5710
5198
4006
2372
5005
8949
5768
943
4929
419
7083
1669
6556
1497
3300
5941
3609
2928
4678
655
9460
8864
7248
3496
6088
4029
6801
2870
9166
4437
5682
6104
7296
9637
8016
8701
357
2670
6151
9025
5915
10606
552
1622
2313
250
3013
8307
4961
1050
10227
8420
2260
5354
7599
8458
4946
1517
4383
3401
3027
4763
4948
5359
4630
283
7375
6920
636
1636
3185
3872
3066
3801
10464
1209
10381
1677
2594
9774
3795
120
9548
4501
6632
7519
5862
4806
9187
7573
3944
4583
685
4474
666
2410
5501
3498
5064
6245
4430
6968
3329
6481
1434
9199
7382
646
7367
1235
8777
10648
10219
3364
760
3268
6373
5835
5715
7534
2475
3549
6777
1565
1032
3393
5390
8511
7567
7311
1415
9267
3374
10502
6296
3816
7744
3575
9077
5885
10703
9518
1381
4413
354
6760
3713
8337
6851
109
5306
4362
3392
2715
1010
2502
3877
10471
4101
9733
1758
7541
3787
10097
2765
10000
7481
2831
7811
6707
577
5028
6580
5401
3562
1245
1950
2415
9676
3934
1724
10688
6217
9574
4304
6783
9008
3014
8051
2889
3941
4222
604
6650
4862
5539
3142
2456
4990
5157
7597
3841
9572
6374
10114
736
28
1919
1946
6970
1480
8013
4129
8736
10012
3899
9815
7854
3885
7523
8099
5044
813
2377
8480
5506
329
1356
3430
10313
8251
4395
10668
5532
3403
8729
9206
8869
7902
1087
8611
1806
4073
5777
6557
2432
5524
3965
1304
1369
6991
2944
2562
9415
4269
5684
9657
4752
7758
3347
4694
6969
7167
2640
6007
6083
8805
9513
2038
6934
9786
8266
4548
7558
8529
7207
3435
975
2085
5070
1751
4079
10062
6190
8938
211
9159
8526
1256
4589
3556
1897
5674
6653
2072
5171
2919
4546
5441
1790
9080
9797
10273
8425
793
1473
2908
4337
2496
10318
2422
960
6852
405
7988
2979
10046
5206
2676
5217
7236
5724
1189
3487
538
5015
4005
683
241
6435
11
1279
9435
9174
3115
9426
2133
1414
6766
7994
8684
3448
6263
7652
4446
8181
5997
3280
9378
8579
3683
3838
220
1496
7948
8426
4327
9537
98
3141
9112
956
4716
2315
4352
2073
3678
9190
2224
2022
1249
10690
9611
10294
194
8774
3197
153
5764
252
862
33
2209
334
6119
5451
7884
2129
7878
2510
9108
8272
8829
1169
3342
9905
8482
8937
3505
1293
5781
8499
9016
9124
7822
7439
7257
4798
7595
5610
573
10525
3423
2941
9749
4774
6921
4298
2195
8802
9005
721
5276
2832
9208
2101
8372
2025
10719
8142
6729
1250
3870
5007
1438
3499
181
3355
2317
3634
7823
10238
9724
3584
4787
6810
1934
3208
3661
8799
1332
9342
5250
518
3892
801
9702
1617
9020
6713
5847
6409
7875
6178
1076
3810
6442
144
2056
6716
9422
6456
5627
7309
9842
5375
3601
9478
10026
7130
9139
5774
2237
1727
6496
3799
10689
7076
8873
7094
9178
5882
9404
5156
8857
78
2379
10511
6037
10438
3540
4469
3114
10423
7674
4276
3368
4859
2232
3692
5770
9061
5189
1464
1435
9299
3824
7708
1494
9393
9214
6492
7091
10206
5579
2824
7751
4541
4082
1342
6584
7399
10126
6203
7898
1152
2511
1282
5960
6964
1702
7139
2226
913
8508
693
8105
3408
5812
7851
526
6628
293
4851
10551
4210
8071
5760
5095
4365
8895
2669
8127
940
2250
4685
10110
4883
3863
6990
4649
4422
9964
2053
10137
6143
1251
7253
4214
2579
3023
1399
9758
6893
3039
6385
10393
4186
6996
9782
6905
7672
7482
3819
1545
7059
6129
8806
4103
7044
4764
3850
603
1317
2437
10151
10701
59
2611
3411
4723
2779
8687
3675
7469
3640
10082
2569
5022
4197
8094
3172
6880
9229
116
1589
1839
1405
1530
8574
3667
750
433
4291
2388
8148
6622
9937
6571
7937
4578
6867
7269
1970
645
9170
1754
272
4414
8009
8702
6448
4
7869
4069
1625
8310
5334
3512
7369
622
2864
4040
6371
7058
9476
6218
8703
3665
423
2859
10052
5732
10035
9794
6704
4187
5381
5876
9973
3614
551
5324
4482
7794
5845
1468
2738
957
806
5117
4456
2854
6482
2789
8306
9961
9784
2006
10520
2182
4217
661
8519
9668
2603
255
7102
2685
1952
1643
3826
6049
7479
5345
6928
7706
10684
10258
2333
5428
3605
9236
1796
10485
5526
7910
7847
3696
5350
466
4134
123
8614
836
3658
8405
2122
1710
9036
3846
5503
1138
6726
2076
10545
5462
1059
7942
9445
7546
2373
2574
5728
4331
5641
9140
9984
583
10582
713
8332
2492
5875
5398
8352
10470
949
5371
3140
1900
10131
4680
2168
7304
7579
2255
7169
4494
4673
5531
8853
1520
5999
3050
7787
8208
5458
9276
1129
5775
7286
7755
10630
2733
5152
344
6219
4884
7561
5897
5436
2310
10662
3017
4285
6160
660
2605
5423
6419
1160
1623
7188
5811
7470
9869
10269
277
7861
6686
6816
7958
10465
1025
3792
5576
397
853
8849
7227
1375
2879
9280
3649
3137
519
6059
9675
1588
321
6251
650
7637
2429
4172
6204
9910
1030
7231
7525
1185
1830
2537
4120
8293
2162
700
1039
7184
10665
614
1294
2176
2340
2811
8661
7590
5738
10118
10390
9295
1239
2032
1909
8812
9334
1175
6406
1443
8393
3225
9888
9234
2321
6949
5303
1784
7518
9348
6765
9387
4928
1176
378
7836
5474
2554
1404
8763
5977
3382
1637
10234
2194
5565
6379
4473
3871
1121
10408
9494
6847
8296
3897
634
8304
1126
7496
1338
785
9716
9930
9698
735
6416
2885
9347
5568
5373
5109
383
2100
6563
4311
978
2530
6989
5160
6610
3948
10506
6457
6141
10609
8183
5141
9144
5962
3426
333
208
3288
10409
2648
4169
8128
5335
7277
3143
10099
8767
10663
7168
29
3044
4074
1181
7638
3028
9977
8136
3004
9664
10223
1532
716
4068
8766
1409
2431
5823
1956
3893
6526
8014
158
5426
1316
9076
5293
1853
947
7549
9662
2323
5584
8535
7771
7340
4872
5879
10059
1594
4791
647
6331
9273
2924
10625
7491
5588
3882
1725
8010
6261
5472
1917
7872
5590
7072
4535
2883
1312
10405
9720
4305
8456
8110
4695
9188
9479
2454
9456
3291
10211
794
2960
8612
1930
4282
2175
8954
10333
5254
4427
10553
4994
7016
7745
3999
3598
429
3486
9732
10346
6785
9427
2039
9615
5181
1787
7949
896
2729
3947
9809
2981
4157
3077
2741
2017
9133
6089
8589
7124
8608
1133
5177
3813
8274
5913
1094
7160
4799
4280
2011
7972
147
5850
5040
8613
1519
7756
3663
8633
7928
8563
2498
3554
3051
6833
560
5021
592
401
6193
3331
6531
8107
1892
10278
4938
8616
8760
3703
3804
8771
4676
10579
305
6506
5810
9136
8528
2915
9090
1957
5574
6205
6066
958
1104
3181
6382
3104
4917
9567
9563
4353
6693
5896
8390
1894
9189
2273
9855
2121
8229
2453
6234
2075
8017
3214
356
5067
7106
931
7809
7012
1572
6170
10476
5583
7768
3323
9113
3783
8878
2918
3971
9981
1077
9924
5593
5827
6849
5869
8113
6787
6874
1006
6348
9830
5509
868
7438
103
1577
8692
8408
6165
7122
9824
3457
3320
6343
574
5283
4748
99
9009
6147
1167
2631
9451
2744
10341
6307
3909
7793
3956
5907
1932
8043
4216
667
10112
3666
516
3138
4496
4624
7571
8775
8116
4656
7524
5748
5246
988
1732
9367
4235
3284
3595
764
458
1756
4322
2029
7938
6525
4814
5921
1339
4190
1574
5362
7531
585
6995
2131
1137
9028
5757
8682
2745
5778
2522
1735
2171
3773
2144
4765
3497
1096
8620
6106
669
8355
3350
809
7445
10073
8570
6099
8160
4602
2365
9584
6242
5115
5150
4965
8742
6002
2128
991
8061
7564
7047
4096
9559
7164
3105
8321
6764
963
4295
8361
4802
9772
2441
2503
2657
3908
9712
7411
8373
10707
6154
5751
1856
6944
4433
223
3685
5712
3904
355
955
5855
7802
10122
9260
8452
3332
7487
8691
8209
1231
8576
4357
7274
6468
10673
1199
9278
8882
8416
9158
7977
5123
7181
9843
1219
2586
2652
5611
3466
3130
4808
1442
9807
5211
3851
8436
5825
4562
8567
9589
4922
5672
1392
7035
10362
5594
9072
10547
8374
8581
3189
2764
7460
8544
7229
2822
2251
9085
1536
9985
4099
23
4261
1063
199
8398
6572
4930
10374
9092
6626
290
10510
6199
8193
879
9097
10495
1320
6987
4914
9551
3199
3201
4364
5097
7087
4334
1476
7501
9683
4908
9030
275
7857
5947
6157
7709
1260
9911
82
10133
2959
9554
7906
4953
6796
9501
6603
5857
2159
6998
2902
4355
8981
6909
2027
7716
5990
8708
4303
10221
6186
5323
2350
8474
2703
520
5184
4762
336
9881
6116
365
3719
2724
7190
3722
3222
2199
9889
3964
5673
4495
10541
5550
9328
156
797
2339
3682
6335
1729
6043
10526
6962
5929
7429
8406
5792
6168
2719
10720
7750
2809
4882
4975
6864
5608
9383
10557
425
7328
861
3644
8351
9270
7230
7645
10043
9874
2479
9941
9967
6361
5409
6285
4978
7806
4401
9904
533
1770
8368
5155
4885
9380
4842
3712
9851
145
7838
2244
4616
4425
7586
6566
9220
10063
5516
4418
5881
2384
8585
7242
2286
7394
872
3603
2474
9789
3660
7156
4707
5190
2382
4009
2094
9491
6109
6906
7290
9316
1862
7455
47
3075
7069
10121
5648
3166
4358
8609
3454
3048
5660
4933
3098
1331
1537
1579
1380
4822
5755
4670
5981
9803
9452
10337
7408
8630
2976
6868
4783
2458
6780
5806
5555
7027
9018
7717
8648
4330
8003
1541
3221
5985
6330
5025
743
8221
8417
5604
1991
3727
990
8845
1318
1514
3238
10628
2559
882
164
1726
4284
1045
10197
1825
4887
2107
1158
7749
8994
9528
9913
7673
2061
9766
7388
10255
5223
8875
10295
3123
2325
5263
6128
6174
6398
8159
3216
2980
3308
7883
7245
1362
7172
9455
1337
3387
7921
7609
2818
3377
2266
3281
10570
916
7145
2805
2682
8313
8297
7174
7132
7185
5833
6436
7855
4212
1080
6340
4606
3467
8261
10311
2054
3113
10045
4724
3591
5818
5416
1695
918
3828
1550
5091
36
6504
3687
5080
6354
9291
2308
8407
3420
8389
3752
5325
6560
7626
8451
8146
5429
4553
6797
2992
5989
10654
328
4691
2888
9207
3266
1416
3495
2731
9274
314
10396
8822
310
5296
833
10009
1910
7302
7360
10574
4647
10493
8509
9226
3072
981
6960
4300
2884
6985
4049
2911
3223
1772
8946
6503
1093
10371
10516
5204
9381
3697
8023
2953
10442
9633
10125
8190
5958
4628
1444
8322
5136
9408
7195
6401
6988
5841
7812
2445
3245
9635
9727
8312
6947
1488
5311
527
5167
7592
9825
5902
5581
2123
528
6289
9052
7090
4350
10080
7671
3517
3655
4142
3469
9366
746
5530
6878
3636
6464
10351
5993
9360
3623
8076
10635
107
7776
6806
5694
1548
4426
1791
7151
4785
8027
8515
7327
7701
3508
6152
2030
7176
4052
621
4703
1802
89
2813
2761
3297
4912
4253
7054
8951
2679
10101
7161
3096
5681
7353
3040
1923
8212
1466
9242
5698
7196
2973
5535
6494
5412
974
6775
6952
1876
7897
3977
6075
578
9545
7484
2074
3414
3742
3735
9424
10435
7613
6892
5577
1269
2200
1376
6922
9839
1794
2494
7585
5144
6908
6133
3763
8976
10218
788
4000
6756
2590
7127
2337
8546
705
5517
7536
9238
3617
1012
7826
1611
6427
9779
8214
1672
3099
5460
7474
749
3849
5529
7989
10217
7762
780
6554
1511
5094
10498
6976
6687
5333
8510
3981
3070
1745
2048
304
4471
10288
568
8330
1556
10048
8532
4607
8097
10303
4856
8534
10247
3456
137
9561
10459
9390
307
8222
640
1486
4453
4634
3175
3935
3967
4151
4846
3241
4597
3237
10079
6455
2439
5252
389
6417
8512
9003
9508
9179
1207
2867
7500
5822
1807
10320
5650
10074
2840
370
8050
8492
7970
4715
10564
9697
1495
5128
5995
8854
8080
6529
2302
6472
9691
6031
9250
3586
66
10660
8782
2152
2190
10529
2565
9744
6654
6135
1670
5317
2923
9104
366
2381
9652
1159
3018
783
827
7198
2998
6247
2495
406
4213
6215
6493
675
6383
3069
8970
9936
7079
4531
1028
6883
10153
3122
303
3995
205
1608
10518
7308
3751
3571
7247
8459
2906
3417
4698
2705
1698
8943
2442
9151
2989
2447
2288
8719
2145
2929
9933
6521
7547
474
5796
575
2618
5124
8238
8624
6445
1229
3348
3815
2274
1492
9612
1739
7544
7177
9442
4184
8553
4260
2630
9202
4112
6675
870
8265
8531
5068
8243
6721
10041
2280
1325
5024
2229
6139
8356
10031
7694
5786
7971
2694
7265
9019
8906
556
2033
5054
1523
3385
7098
7517
6044
3029
664
1865
6035
8996
7486
2660
9482
7619
5278
6351
9493
4727
4681
9686
1431
10469
7677
9021
6593
6502
5603
5972
2654
4251
31
10699
10233
1353
6889
1191
10369
10422
1074
8496
1205
1456
558
10289
9666
1538
5042
871
2140
8789
10266
9286
10445
6127
935
7999
4554
6577
10292
8631
2739
4428
2158
4829
5720
8443
1870
5829
1193
7166
4226
104
9556
4505
8969
4479
8874
6818
5404
9447
3060
7065
2646
243
9279
3807
5272
6712
219
3366
5279
3889
10222
8402
8712
7739
4038
4393
1893
10364
6334
732
10548
7978
10360
7018
9063
3265
9963
6739
8772
5454
3273
9272
3215
9661
10397
1292
3734
6329
9566
5563
3988
6475
8876
7941
5192
8
9979
1717
2692
9082
681
4033
46
4827
8536
3211
196
7312
5368
5365
4552
8568
10304
6140
10317
222
8188
10254
2364
3267
3088
4477
2553
1896
2742
3932
4623
5952
1610
7874
55
8085
8944
6543
7714
1570
1029
9658
3839
588
2623
9678
7783
4825
3654
6225
9929
10642
4179
7141
8947
1465
6994
3184
964
2042
10508
1499
1585
2964
9532
10208
8732
5417
5114
3720
8156
1166
7344
7210
10544
6176
3316
6084
5910
10398
7492
10488
5203
7856
10344
3095
5727
6209
7533
6929
480
6770
10431
7862
10248
6291
7704
3866
2800
1638
6378
5318
2332
8434
8095
939
2238
2112
9879
8883
8753
4237
8635
3337
10178
9364
3254
8539
278
1634
9962
5663
6185
381
1412
6640
2539
5512
2161
6567
6523
4574
2625
3953
9039
8036
2836
58
5418
3845
9975
142
9026
122
5003
10587
1432
7653
4734
8848
8672
62
3684
8533
815
9867
9896
4663
5179
7560
5799
4974
1162
4205
6612
7336
2295
7392
3706
5790
3033
6951
9067
8032
5313
6891
3449
170
5201
9029
8205
2275
5437
7259
10314
586
5471
9375
1781
9240
9863
450
1899
10072
9619
7119
6684
5476
7754
8418
9175
5320
7136
2124
6619
8005
3386
9817
6368
9853
7112
4999
2177
7741
4907
10377
10594
3008
756
4777
9401
983
3822
3205
1051
3672
3602
9746
5029
376
8910
9173
2895
1418
1615
8401
8966
3739
9891
5489
2858
6614
6136
9714
8527
9466
7818
4778
5214
9053
993
9157
7285
10639
5433
7521
9747
2671
8289
5560
7175
6180
10183
7200
1387
3745
7148
5073
7428
10287
1150
9196
7100
5378
2533
3488
10515
8174
817
4378
7409
385
6120
1544
8069
7434
7934
9115
1148
3775
10644
10338
3200
4338
2983
2817
230
10536
1872
2619
5826
1335
4841
9377
1716
4379
367
8125
1922
8677
9212
7305
10102
8163
8831
350
9300
2127
4299
808
9398
1471
10509
8744
1850
9844
5388
2997
1992
942
4500
3007
2378
35
7222
9103
5852
5226
7272
6705
2096
2404
8145
1525
9042
6150
1132
3624
2839
10402
2829
438
2186
595
9119
432
2435
8781
2291
7178
6751
4407
4632
9311
3086
2541
4772
619
3274
2641
21
285
7665
7456
3057
8522
5175
259
320
703
6357
5421
630
2265
2975
6483
7646
10708
3293
6069
9865
2555
10326
413
9315
866
7767
9771
2198
635
10530
4391
10075
628
9672
3688
9586
166
1413
4896
5854
4161
8877
6902
9942
8952
10280
6644
8093
5137
3410
3479
3998
3876
4945
4167
3761
800
2647
448
8098
7651
4940
4936
5468
8232
6341
8560
579
2659
6759
9745
5691
2782
10610
6012
4121
2397
3019
8700
10182
2702
8300
8476
6815
2737
6618
5019
3515
2055
4060
8479
8884
10060
4381
5562
10236
2740
154
1925
5936
2736
992
729
6855
4347
4579
1769
6290
7788
10523
1061
10524
4178
8619
9285
1632
3612
994
2500
9864
9128
3012
8524
487
5315
2931
1528
6001
2328
6353
1968
1539
10387
2184
3990
5866
10415
7442
5499
1889
10487
7569
9849
9249
9392
9753
8891
5319
9955
8520
6096
457
5779
315
10202
1277
3296
8571
3970
8924
6187
7669
4845
10339
4320
7183
8037
8958
218
4289
7108
7605
1945
8993
6520
1195
3570
6795
2781
7864
6360
3322
9060
8596
3354
7697
8705
7924
8381
1730
4537
3074
9218
9015
8927
10573
7279
5904
5511
7419
10212
5630
3135
2173
7979
6005
10282
5248
1196
3521
10054
505
10586
6515
3800
1926
10116
5010
2695
5126
7815
8380
7459
4180
5449
3891
2001
2392
803
7270
10028
9725
7712
7710
9643
7736
2512
5475
9670
8057
2163
4697
1214
3442
9013
68
9107
4045
3309
7249
8030
3702
1234
10123
9172
5238
4409
787
2978
3272
5148
8752
8566
8404
8990
7116
3349
7128
9900
7639
7223
996
4140
9473
10419
9463
20
3218
5469
10188
6709
1194
2248
937
1906
8018
10237
1024
9823
5419
1184
5961
6897
1760
4655
8235
1457
90
4438
7105
7214
2214
4153
346
6781
8463
3169
9515
2754
7886
710
6528
8549
10156
4637
7333
2675
8851
368
5943
3958
3898
8481
909
8166
4700
8445
1296
3616
5154
1817
1500
6177
4274
8201
3279
9761
820
5652
6200
2521
9703
7727
4743
4989
4977
2004
306
9856
3708
498
8354
1112
4919
8068
424
1390
10566
3534
593
7246
6207
2984
9132
4701
4457
3247
162
1313
9610
4660
687
1035
1997
1976
8440
7711
5072
8871
10274
4576
3230
3746
5667
2395
10204
8718
6103
4665
4396
5096
6508
2434
7386
10145
7322
7454
3305
8227
1709
2120
2157
1241
6148
10322
2292
5946
4503
6655
3693
5872
4227
7538
8423
10173
682
6579
5892
2971
5465
824
2845
2051
8808
5582
1763
617
4308
7197
5742
9958
6260
309
6885
9750
4997
1860
4371
4061
5878
4203
2360
2687
8931
10193
4475
5
4159
997
4998
5200
9153
6195
7503
4522
1275
2633
3468
1515
5037
7084
4889
5478
10499
6188
6113
8063
1267
10365
7929
1349
1582
7689
1427
6342
3802
1437
2380
5830
2506
4675
3124
6839
2806
2662
930
6516
2920
1005
10055
10032
8280
7337
10170
6741
707
9690
5676
9834
2775
2826
5695
3875
6377
1920
7414
4028
6590
4708
5853
7947
905
4279
3547
7603
409
7635
1236
4529
5587
6924
5585
2558
6364
8900
2865
325
2917
10088
9271
8245
8386
7537
6993
5084
8167
2901
8964
10443
2825
4423
3879
4048
2279
10604
266
3973
834
1354
6452
1043
5032
1378
757
