512
8025
5910
6991
6290
6797
7556
1190
739
7441
665
5340
4428
9660
1033
1263
7261
5101
7237
7581
72
8550
8689
9589
7465
452
1291
961
6679
266
3287
6265
4996
6842
3873
5903
10557
5457
2632
3140
1408
5240
7549
1372
9731
9984
6285
8655
8069
5350
3218
109
3005
8539
7980
3155
5773
3107
962
202
7208
6400
139
8180
1706
1307
10298
7636
3248
5576
5606
1108
9149
2371
1082
7466
6013
561
364
2036
2092
4224
4264
2862
10486
3269
2720
3471
8641
3383
2063
1247
3775
6852
800
4554
2390
5444
3341
6205
330
498
5732
2501
8518
1860
6317
9783
5512
8175
7003
4541
3583
10684
1622
4910
5767
6355
2845
10066
5643
1548
2270
4913
2926
2305
5093
1922
2943
4272
2693
8075
6735
8463
10280
135
7394
6472
7400
7799
4725
7993
3522
6509
8018
8675
3427
2196
8912
5920
6941
4375
5662
7929
7955
8030
1535
4120
10061
10413
9466
3399
5698
9479
2497
6599
8632
3216
680
5803
7020
7847
5904
7802
7475
7349
3086
4960
2591
267
7079
1697
9073
8717
373
7502
6773
8480
939
2018
7068
5516
1400
10012
8373
8870
7128
1103
5166
5238
10482
6325
7299
7843
6513
8105
8168
5416
4981
3470
7096
5894
2956
9492
814
6893
7302
2768
7102
7303
3710
928
5850
6978
5974
6148
5430
5336
1759
4631
8458
218
6700
249
1029
6171
3301
6286
9106
1257
7662
4562
7155
3115
405
4087
4029
7962
5174
9904
198
2251
6713
1464
777
1953
4089
9614
7036
5569
4954
7125
7486
4371
6045
6414
5560
10450
6296
3232
7892
2821
37
8531
10295
8909
8038
2749
6350
2719
3385
555
639
3909
9188
6097
8825
5369
3911
9663
5108
7100
1772
2599
8339
2892
3732
6090
5459
9535
7336
5048
837
140
579
1935
4111
4123
431
10562
157
1580
4238
5960
7792
7863
453
177
6421
5727
7421
3727
8208
422
1075
4686
9397
3177
7765
2132
1594
1753
2000
4863
1718
1472
675
5633
2997
7614
5958
3149
4159
6832
7262
251
4784
4117
2142
180
9436
5362
8091
5549
8306
944
235
4107
1969
816
3673
9396
2498
7037
7014
2033
371
3215
8273
48
4390
8956
7828
10039
2129
8628
2030
3884
3736
9037
8057
3546
938
830
4855
2763
6018
3645
6303
2846
3895
6284
2070
10241
8609
1944
4202
7227
3971
4629
5414
5931
5272
6616
7158
5420
8182
7951
4376
2496
7916
3973
8558
4148
8230
7435
8021
632
2511
10542
9263
8291
7069
8205
9116
7677
10432
7223
368
3334
6003
1974
827
6693
8160
9385
5150
9632
8898
977
10401
5377
2989
7280
9753
4752
2301
8734
2131
3262
6318
8774
8309
856
8079
1321
904
584
7451
6314
7830
8188
3903
9232
4847
1633
5176
4323
5111
6741
4152
3795
2250
9351
6305
3303
4923
7624
6288
8040
4080
2257
1754
7149
10366
5778
314
4402
4191
1778
1645
2425
7726
1011
5458
10367
4245
3496
10128
1384
46
61
2368
6444
8090
6674
5102
6981
4983
1476
9762
2603
2556
2053
4743
4176
2557
6034
4990
8693
7990
10648
2404
9008
4849
10220
8327
7876
2644
2144
7617
5665
4299
7642
1808
4037
7395
9258
992
1487
6506
8001
4060
1773
10704
7777
4584
2454
4894
1317
3908
2410
5466
8326
2841
10260
3871
7152
5781
10342
1685
1986
8156
5070
402
6648
8022
5218
3966
3131
7284
9251
6184
4291
7867
9437
7432
3158
6146
6450
425
4957
7057
7650
5701
2273
6592
7403
131
6915
5305
6762
4057
10190
3861
5379
1831
2355
4489
3630
7860
10714
9150
2296
4099
10661
9822
4932
7675
7731
10099
7073
513
3580
1335
10668
3533
5849
10702
1145
5799
5061
7220
7789
2954
10136
8992
4529
7522
9512
4891
6437
2172
2617
10221
1185
9166
1827
4667
7578
3117
474
10139
2075
1971
4492
3682
9181
1611
3680
5616
5383
2244
7513
7729
887
5766
6208
6545
8918
118
4277
6240
6803
2929
9665
5986
6380
1359
3593
1567
2095
8068
1285
6763
7201
4214
8364
363
10466
9376
3065
178
2946
8198
5736
10584
5524
2101
10719
8842
418
10145
5843
8169
4564
4223
1365
4483
6671
9940
9229
8975
2478
8556
9072
10481
793
3190
7833
1849
1710
3047
3147
6251
6466
6551
8363
565
2275
9182
8073
1077
6756
8644
2173
3642
2673
4209
6639
10184
7841
1950
83
970
5188
9708
3585
10132
7297
2549
10451
931
9527
5009
3705
10016
8534
7713
8411
1128
4908
3738
9359
10378
9729
430
10237
8853
5617
7598
1047
730
6173
8241
5165
9583
7873
5930
354
642
1788
1975
2887
3969
8355
1106
7276
10205
5769
9617
5554
679
7969
5912
2365
10233
1591
6559
10324
7640
5776
3335
469
3684
6078
9991
3777
1196
1605
1078
5328
9398
6397
7965
2572
6866
6564
537
8622
985
1004
9083
1940
2724
5832
2859
7560
4634
2346
4598
7134
6441
7266
3525
6602
10467
4608
9760
3452
8998
6112
8121
7795
6538
2434
152
5055
6134
7638
8334
7856
1822
7126
5653
9965
1595
9926
2265
7742
2669
10578
6000
6429
10120
5591
6764
6124
9721
9162
7957
5863
5465
6751
1129
684
1529
5979
6266
1659
4054
1966
10611
10610
6871
7811
10707
436
2136
905
10504
796
7871
10028
4066
6037
2861
6585
5189
3782
4499
9915
10549
6860
3239
8335
10716
2624
10379
551
6780
9558
8488
1997
3460
2655
5467
8610
1156
8691
2874
2125
7754
10544
5841
5791
6691
7105
1928
6369
10441
6794
5668
8028
105
2697
26
4465
10206
3284
9713
7093
8317
1301
2955
6548
529
7728
488
4906
523
5878
6884
9715
5421
9495
1981
6190
5040
4368
5056
10141
8475
9420
9430
7431
7952
8983
10685
9916
3870
1210
9884
10682
3214
4392
3661
787
8492
5246
6574
9295
5966
8576
1835
1533
6049
2211
4627
5386
9018
3670
8270
10309
4182
749
415
2198
10345
6072
3438
8242
10055
1015
7306
8410
2875
3650
8323
3591
10559
7288
9226
357
1699
7836
6178
7339
3240
7189
73
3769
3577
6901
5065
1842
6405
8341
6935
7516
1165
3683
8892
2083
3500
5182
9464
9920
9419
3357
2822
4642
7997
1308
3693
4242
6298
1853
4367
6502
8300
2391
451
3516
5232
4212
6613
5590
10310
5484
6808
4273
5361
5888
3101
8696
3783
3925
757
6381
3416
5550
3228
988
8683
1271
734
7110
3469
7550
8808
2400
2752
4205
6846
388
6974
9328
10177
7423
4720
8794
4948
219
382
7630
3760
857
6315
10113
6594
3406
10505
1391
2071
4730
1032
10403
5898
6244
2984
110
4396
2704
8113
10111
1319
5559
2961
666
7826
6543
6211
3036
2762
10644
136
2809
2757
1726
4748
4357
9835
6849
4204
9620
8838
8884
10439
8613
1226
9133
2163
2183
1273
2333
3547
984
4081
5025
9488
3519
7596
4030
2442
6326
10265
2177
2104
10151
2171
5005
4493
1909
9050
8863
7865
9254
6455
2755
5835
4316
10031
9515
3309
10159
5913
4514
5309
4124
159
10096
9924
2816
4607
9098
2477
2059
9308
742
5715
2096
6601
4141
3538
6806
3493
7512
7392
4020
5390
2868
4905
9537
4401
4727
5092
4478
120
9287
3459
2518
7787
5280
4430
8803
1733
9933
8805
6439
3658
3746
6239
5703
2089
5680
5327
4694
10315
4795
6280
930
7540
10472
4706
1840
2925
2019
5806
786
1405
3135
336
8629
7459
176
1048
549
1527
9213
4038
154
1676
1354
8074
175
668
6416
3011
2299
6218
9173
434
6145
7629
948
2446
7905
6864
2796
6058
5488
3199
2314
450
6829
6875
6817
6383
8731
5097
4197
9270
5086
4824
2986
5940
2043
7129
9800
4935
2979
7012
3855
1067
9602
3660
5961
1783
1500
4534
693
8552
700
443
1701
2566
2148
4325
9821
967
6207
5301
10417
6139
7083
459
575
7821
2664
4271
768
5861
9797
1735
7489
4897
5759
4010
10013
29
4339
8704
9810
5359
840
8598
640
3507
4441
8053
7305
1896
1830
9129
392
10463
1216
4850
2735
5952
3226
375
3996
6215
10069
1018
2865
6076
1621
8409
9948
7780
8220
10168
9342
3558
4987
5657
10116
1558
6838
9193
6158
7347
876
1836
5038
8362
9331
5267
6008
9007
662
5724
1090
379
6219
1122
7221
975
735
6720
67
9120
5547
3663
2746
4570
7730
3766
3539
6106
2818
2013
4971
9807
9682
2226
7331
2773
5115
6393
5796
4643
4928
4222
3827
7807
6906
341
329
6998
239
8416
492
10275
9043
7645
5041
7192
6089
8856
5352
7491
7243
3330
7412
9496
8197
165
2210
4149
6742
3000
2936
5909
2352
1205
5384
10523
5036
4965
2826
3067
2880
5978
8419
10604
4115
2828
3963
3484
1762
6523
6603
9252
8002
10443
8798
1644
5575
8978
1545
4691
6859
3018
10312
6237
9020
993
2807
8570
8086
2522
6598
3606
8296
8709
6546
6344
3130
5254
9961
6133
7172
1250
4050
5194
3755
7352
7372
1450
4543
4028
4518
5934
8081
3123
6588
7252
2854
2857
6697
6373
10161
10335
3510
8016
5503
4947
9819
8920
7427
6816
7910
2555
6268
9697
765
2115
8491
9109
106
8013
6943
1142
2141
2284
923
8283
1873
4773
8479
9042
7353
3283
1691
2779
9791
8742
2288
7720
4067
5368
737
6457
5012
4673
9923
7982
5997
4278
8135
10484
772
7924
5437
4262
10653
5908
1498
2889
1211
526
10718
4378
3974
8102
9132
3366
2302
9636
6497
10105
9060
1549
3596
1209
5477
5164
651
4919
7013
8249
9691
4699
1193
6311
7930
6519
8756
9633
3633
2508
5245
885
9003
8800
8637
9202
468
100
6769
10196
10018
2258
7293
10320
1955
4903
9907
5333
3517
1636
8404
7775
4842
10424
2214
7257
6984
4736
8809
2691
160
4785
5180
10261
5831
2917
7537
3378
6834
5770
4145
3039
5117
9071
9642
308
9789
4236
1445
2243
9375
3844
3050
7151
6692
9734
795
9310
6562
7694
4126
10626
2804
10100
2116
8605
9167
3906
8062
8243
204
8649
9562
5852
9461
7265
3543
2795
4567
999
3967
1789
4281
825
645
7774
5839
9158
7238
607
7927
8861
4404
7857
1378
8322
6802
2357
9842
10112
6312
10352
7005
7015
2883
3189
3965
5729
5485
5371
5462
753
4122
3312
10514
9309
3253
6932
9334
9892
649
3767
9493
10581
1111
9484
9765
5091
9832
7369
7608
238
7682
1648
3556
9692
9716
629
517
9030
5928
9180
7717
4651
4812
10433
7567
2392
5397
7030
6609
7685
8874
4922
3717
10118
10480
5702
7325
10387
9345
1998
1342
8852
1720
7322
5407
5950
3389
5814
3374
4876
10473
5401
4132
2733
380
5644
10349
2451
5010
10294
5842
11
3365
3505
5079
2306
3152
7319
10691
9278
10213
8256
4764
461
7354
4016
3854
5128
5555
3812
4012
5468
1377
954
4394
602
760
7510
2467
3290
6392
10084
3203
335
9964
2366
9758
2744
653
1428
10571
2776
2452
3806
4861
2689
2233
5721
6486
1962
3305
1970
3840
10679
2806
9505
5151
6217
7592
5008
9593
3567
1135
4287
2415
2858
8367
3458
4940
3688
5478
3975
5725
4460
2373
6584
2973
2937
1492
5222
8738
8108
10516
8984
4839
5027
5827
604
1947
5885
2353
1846
5438
2535
10080
5217
10256
5886
4163
6529
9548
8261
9780
5708
4234
361
8103
7734
6029
9024
5525
214
536
9773
2628
3457
5147
5905
3329
9462
2369
3104
9619
5815
1336
5388
8433
8295
5346
4593
6144
8247
9759
8929
6644
5120
5893
3076
4127
1458
7407
7839
10264
7885
9606
4580
6950
5943
2031
10713
8387
9710
114
51
5429
1686
5881
5901
2942
4882
1361
8770
6542
2847
9889
8835
3677
3198
5306
5279
9644
3845
2413
586
8196
10322
2347
5533
8003
9066
2927
8051
9968
7001
5090
3118
8017
8958
1373
3750
9390
4899
5372
8776
3695
10680
1404
9064
4051
7334
6382
9973
9108
5864
4568
7987
5269
5777
1775
9067
9289
9891
6569
4547
6007
5001
1227
2907
3694
8586
10527
8378
6726
7383
3773
926
1779
8107
10597
6001
3141
8816
4100
7247
306
3613
1403
5897
5747
10300
5661
4542
1187
6617
861
4574
3271
2574
10308
7904
6877
2493
5389
8476
1337
7697
2915
2897
5853
7837
8606
10672
7733
5186
8429
5712
7487
6222
767
3776
4806
1483
1864
8656
9653
10377
9929
1493
9284
8240
4916
2313
9618
8676
6277
3867
4069
10502
2938
2506
7179
10491
4918
8214
8167
7943
400
1256
4616
2398
8733
5683
2431
2325
4103
9374
10348
2255
195
5625
3169
5529
595
1086
3982
4363
1568
2968
2515
8222
10458
9063
3582
824
2737
9313
4075
10552
2793
9882
5858
4301
6113
7088
5571
6815
2585
3448
2487
4174
189
748
8269
7180
9613
2950
990
10216
525
9269
2285
4162
8265
1208
10313
1933
6524
6375
3242
1553
4724
8183
2713
2195
10197
1242
7274
7117
7853
6952
1020
697
6365
119
10464
4859
929
3575
981
6755
5253
10207
6608
6642
6209
2620
1739
8928
2049
10333
1905
1010
877
3902
3473
1675
9091
6791
2978
4998
1504
1705
442
2483
333
4924
8131
4416
10616
3704
2727
3175
8949
4059
5631
3804
9274
1786
9601
4379
624
6837
6789
6779
2729
3038
724
45
2080
8955
3770
2586
193
9551
9611
6507
8754
7562
10594
5793
293
10655
5235
4809
1268
5883
3288
4023
596
10533
2573
4969
8522
620
5989
8948
9856
401
5548
465
5646
6135
3545
2836
7376
5675
2363
9323
1885
8200
6596
2050
6912
42
4926
2239
899
3397
6911
8305
4228
9467
7455
3968
2612
5360
7361
8985
8745
6953
8820
6086
2714
2500
4360
7182
8297
1315
7468
4344
404
163
502
1053
2054
1654
2896
9588
43
9363
1345
3258
7968
8406
8368
7746
4195
5872
10465
9214
8993
8487
7709
1578
8681
2764
2038
2072
5228
945
2341
9757
979
9034
3219
9332
9045
9746
269
2040
6948
3236
3164
5395
1323
7964
1515
4045
9648
10142
8607
9677
4977
3512
6903
9449
6047
1110
2559
2217
9400
5155
8991
10008
2430
3856
3749
6772
5605
2269
9186
3725
7583
9026
8110
845
9767
6024
8473
3040
7304
1832
5220
7488
7708
6235
5486
3951
9056
9107
2799
3564
6820
1411
186
2076
1936
7909
9382
5168
3945
1738
4821
1683
8500
3398
1923
8457
5598
1638
14
9925
9480
580
9159
1485
8931
9432
8005
2918
1634
1105
3744
7348
7874
3758
6320
5518
2666
7044
3151
5887
2090
2933
5594
8066
6403
7938
1270
3662
3785
2086
8886
1215
1322
720
4539
2888
8891
9361
7111
5175
8990
3171
6370
7461
7450
2215
1932
4718
5884
2011
7343
3083
5314
1603
4583
6963
5
9687
5761
2093
9896
2967
8677
1626
9450
987
1518
2193
1807
294
6079
8777
6951
7145
8860
7974
1217
6922
2531
9099
7027
1431
8185
4193
3402
4966
4999
7173
9459
9608
231
6858
1724
8221
704
1892
5460
6159
2640
5192
1709
9439
2873
6493
7672
9992
2982
3570
740
7906
664
4917
6363
968
6460
886
10627
8865
8810
1663
6241
671
8708
7222
4786
8164
6504
1669
424
23
9955
621
5642
3425
9952
782
7691
133
6216
8396
9712
1894
4872
6297
3245
4753
4605
3801
1397
3759
7945
1995
5622
3328
10360
8503
6165
7768
6959
5877
7235
8645
982
4355
849
4046
5053
9017
10647
359
1824
8837
4617
2457
3019
6474
6645
4180
7355
2912
8407
8545
8118
8351
6331
1571
1519
7193
22
2902
10075
6192
201
102
6511
848
6407
1212
10291
8272
2032
663
9587
5142
7834
2810
10708
1409
4874
7732
4288
7049
9623
7572
9855
6496
7601
10005
3254
41
4555
9341
1168
9563
4655
8724
8301
1392
8686
6657
3063
6810
8228
2553
3978
2777
8401
6886
6426
5396
5523
3928
3388
351
7099
909
10072
4331
1958
3114
9654
6245
8716
33
2750
8138
6781
8293
3976
1440
1952
8482
9864
125
2046
9444
2272
3180
4457
4668
7548
1218
4825
10525
5637
7879
2583
4150
3715
9317
8797
1164
6199
10662
8058
5017
4109
4621
719
9900
8033
822
3105
3213
3004
7413
8789
6256
10170
10073
5275
10299
4664
613
5819
5492
3664
5349
8897
5734
2808
5983
10193
385
8753
3919
9391
9963
3893
4565
6989
10015
852
3950
10153
744
9576
2886
4793
5089
2589
6445
2728
7903
6492
1872
8650
6212
3088
7915
5844
10095
7225
6470
8567
9817
8271
7767
7711
4121
2154
600
4579
9561
7497
9494
9581
8930
3597
6868
6727
4561
1101
2584
6708
10248
6160
8907
9534
7106
4183
7507
7156
1282
5163
407
5191
8900
667
9286
1192
6920
8029
605
7396
4507
5685
8813
6629
5507
9225
6040
8973
8773
4857
7301
1582
9422
9858
6077
4601
10600
4464
243
685
5177
7563
5650
1207
10140
1750
5013
1430
6081
6082
439
6977
4387
128
5581
5914
3174
2745
6839
6640
4769
155
9052
3250
8384
6155
6685
9360
10078
542
3027
7315
2328
10577
10093
7659
5697
4269
227
6862
7825
5890
4244
8943
2037
5848
8758
4685
10546
10054
1800
514
4952
1457
8195
8004
6905
234
2853
2994
531
2137
8290
4997
263
2245
574
483
6042
10406
6229
4479
4412
79
4854
9471
5692
2699
1442
9353
3604
4469
7463
1241
1161
7122
5461
8379
9206
8544
6881
4645
9754
6587
8793
1085
1073
950
10712
519
4015
7977
6518
7181
943
230
10639
3553
5322
1094
1729
1556
10529
10042
1443
752
3054
3634
1234
8647
9700
10288
460
27
7446
2121
2741
2319
2117
881
5710
1475
4979
6634
5500
8885
2502
7684
9591
5947
725
134
7399
8882
1
9177
5971
2052
291
2788
3927
4086
8307
843
2204
2303
8440
3667
2631
2178
161
7061
683
8540
2562
6281
5985
8634
9487
10157
2878
10346
868
1920
4901
7702
6456
4090
8836
9273
5424
3698
3568
3150
7165
6316
4929
7296
1382
5973
3571
2179
6274
1606
7872
1796
5436
6036
2362
1610
10420
8965
4477
8469
10511
281
4978
5324
4296
5564
8887
4670
9650
8173
2596
4733
10483
10343
6033
5277
416
10088
9549
5597
2473
7398
1482
10185
4813
10038
6611
2932
9059
3436
6517
9434
7898
2852
5969
4841
6847
6704
2192
3422
5873
10469
1055
5354
421
268
25
8627
7373
2360
7205
7483
7072
206
9693
2695
8919
3692
2537
3325
10515
7107
10304
5249
162
8393
2295
2264
10125
2375
8571
1901
3488
5531
3307
3412
1303
7104
6484
8873
3594
9878
5375
5334
3916
5169
3231
3382
5469
4831
1414
3094
5869
10191
3034
10449
6541
5714
5026
1989
4590
5946
6840
9998
6398
9609
7944
5304
1065
429
8344
393
3656
7457
2582
9294
617
9675
9171
1961
5753
5784
2920
5233
9402
2627
3957
2606
5014
4154
8137
10496
2921
1491
1727
6730
4263
9152
497
6579
9540
2517
9954
3980
4326
13
10570
3739
4166
8524
9737
8394
1925
6440
4879
8250
115
7055
1393
6814
10538
1926
3002
5659
8056
532
6632
9074
9724
809
5711
1844
6412
5808
1867
261
9191
5982
524
6869
8535
6448
634
2139
24
4052
6936
1756
9148
9111
4739
4078
3665
6962
10649
741
1246
7896
4321
4704
732
9629
4155
10146
5356
708
5483
2935
6678
6612
5739
1295
8713
1466
1236
6577
8591
3787
6308
1182
7750
9408
9298
4235
8202
6309
9519
8216
6103
1868
6304
6404
2605
8520
7490
7544
1446
383
1410
10281
9103
8461
7829
4531
6807
2385
3433
8154
6101
1951
3629
869
1495
578
8397
4613
10715
7214
7753
6032
6332
3757
598
6129
208
2608
2174
4989
1608
2962
919
9235
7130
6278
3212
3235
4525
3209
2963
4385
9456
9886
1041
4661
7755
1713
10337
4834
3252
3933
6141
9501
8877
1839
875
300
10582
7018
9839
3237
9460
1447
5959
4578
5658
1543
2354
9806
2718
10200
5746
10266
9668
8257
3987
3128
169
4348
891
2311
9338
4644
750
10489
8318
520
9584
2157
6488
863
3753
4964
1076
723
9160
9147
9441
5028
3344
4203
3116
10641
6154
6583
7263
10536
7771
2128
6342
2653
4333
590
8957
8916
658
3057
5259
7147
9094
2616
8251
838
616
1865
2213
6495
5376
1051
1219
8092
2959
506
3489
10108
9782
2687
4472
7511
2637
1943
6360
6625
5161
10495
1166
9626
4215
3126
3159
8145
6575
8336
10198
5604
1046
5600
6067
6411
3420
8857
4860
5676
3407
2276
9370
9866
3483
7103
1745
6667
3372
7140
9883
1879
6425
1198
9849
8935
3752
320
6811
5145
5132
6722
9078
1429
6162
2931
4018
4001
8564
3958
2811
3700
9559
1104
9366
7448
10052
9726
8654
9986
10130
7812
3940
7109
448
9203
6464
7783
1829
1514
5817
4053
10034
5779
3830
1994
5000
1903
1107
7891
780
2775
7575
7950
9781
2791
4297
4306
1889
8667
2834
5365
2463
5297
3441
8008
6503
3346
8893
6688
901
9997
8206
8573
255
356
277
1821
5141
1693
576
1532
4619
8612
3621
5265
7287
8850
4807
5647
5256
2525
5499
7840
2792
1068
7557
1957
1496
1175
1426
6949
8596
8795
4407
9326
10674
4641
4880
8244
6907
562
3272
2781
4055
7831
2769
9812
7815
247
4961
1127
7832
167
8806
3502
5160
4256
9014
1755
784
10615
5651
695
6746
3265
6356
3371
7440
8840
713
10374
2359
7410
10089
6408
44
1286
2143
4537
10356
1340
4328
4320
8578
5281
1581
5447
728
8176
4741
7850
10276
144
5530
9979
6715
6586
4354
10537
4702
936
3446
5187
9447
593
9774
10272
5728
4254
7454
1376
10068
8130
9676
10210
9768
9230
10543
5058
6754
7101
6011
10097
8236
2662
6351
9215
10492
3588
2025
5942
4243
1470
4915
7626
2437
6926
52
8424
2082
8869
4106
3035
3293
10062
7329
1536
28
10144
328
1455
2908
5582
4175
209
3013
9352
5255
6030
3930
5441
9010
1717
2652
661
6590
6005
7485
5439
8879
5185
5975
3763
3041
802
8036
509
3878
3444
6080
10110
788
4676
3590
2801
3060
6438
9707
9752
6654
5494
8783
7882
5087
1305
6368
240
1112
5851
5207
1351
3030
2091
2491
1154
3537
8630
9651
10376
3923
5775
8517
2394
6904
6391
3857
8913
376
4221
8788
5106
2561
589
6973
2308
6068
2433
369
7144
6053
6775
5024
8311
2643
7218
7894
7259
10135
7971
10107
726
6955
7615
8356
646
4595
6891
4754
853
6189
5663
3045
4292
8489
10087
7835
2124
3298
9638
7751
2055
1124
8437
2914
5562
184
9641
6552
8987
9362
4945
5608
4085
7026
9983
2965
5052
7740
6116
7803
7613
2636
8804
7748
9796
6923
5925
4768
4640
7582
3472
2012
9231
8523
4345
2218
10579
5589
6718
3679
5236
477
1254
6102
2482
2486
9405
864
2864
5856
4811
3800
2851
10669
1985
7644
3985
6347
8472
4828
6477
6743
5626
487
381
6734
8969
3017
7249
8672
5669
9594
8966
9387
3875
150
2280
9790
2615
9350
4538
9292
8712
7141
7135
289
6348
5649
1341
510
9879
688
5031
3574
2726
3275
5568
9718
5752
6753
3993
10301
6961
3572
3714
2872
6855
8448
6885
3931
6896
3074
5381
4211
4759
6294
1964
7724
4102
1661
1758
7703
10204
9288
2176
1232
7701
9125
3918
3125
7679
6169
9930
1399
5206
9416
4943
10316
715
9272
9985
1022
7855
2554
8551
7452
7928
5427
6418
9634
8063
10675
1749
839
8049
4314
1194
8418
3183
9319
7456
3986
1770
426
4900
8555
4705
2436
9457
3178
1360
6561
9565
6969
4504
4789
8146
1095
2221
9820
9029
4536
6104
914
7215
2123
4817
374
2079
6044
1540
7188
1230
7530
484
2785
2960
8153
2335
1866
627
4992
6443
10339
4217
710
4346
3550
8780
10637
7210
7822
2402
2870
18
1600
1009
8515
4620
1696
4692
6778
1486
3926
1850
4083
8548
2738
8784
5809
7320
4519
10532
6505
9639
7253
10436
5261
8462
1039
5786
3453
4858
10624
7154
6825
594
5422
3386
6659
6805
8000
5671
5787
5266
1562
781
9356
6757
1812
9280
10019
1681
6167
9798
7994
217
9656
7543
5640
799
6909
8420
3730
3051
3332
2790
8796
4708
5780
5262
1848
718
8678
4510
10017
1630
3937
6565
9262
2227
5618
9586
7788
6508
2658
3728
7723
4878
2294
2957
6359
2283
3160
521
6088
4716
550
2263
8748
1499
2110
1507
10041
7281
10257
10009
5758
5415
4830
1394
1631
3617
256
10293
8832
1488
652
4636
4437
953
7078
6322
1060
4520
4129
4756
5563
7346
1820
934
4135
8549
6865
1795
8258
5497
2910
5100
7258
847
4614
756
4415
1526
1313
3689
10437
3428
3944
10171
5018
650
7736
9826
6547
5534
4185
2560
9689
2601
8052
9590
3300
1160
4777
9859
9314
2976
8365
1924
2708
8575
93
7934
3657
10388
2879
3016
5114
10373
7561
4274
10004
4230
4140
2970
9801
5225
6196
5615
8084
1316
3295
8787
9047
960
7501
2558
7212
10375
518
1740
3561
9388
296
1921
3400
2349
1202
10569
9545
5313
9637
1769
4571
10460
5543
8811
2022
8817
6968
1279
2930
1613
4487
3882
4384
70
8405
6409
147
2155
7046
194
5636
1588
6349
5123
9622
5816
6150
2200
3355
7525
5196
3828
659
3053
6568
6074
6744
8024
5216
4630
2146
8294
3635
4737
10470
7984
7056
4249
10673
4110
3615
8580
8737
9324
408
7700
4329
7368
7142
10695
10297
3829
6157
4719
9705
813
4009
10086
171
2734
7374
5919
3524
3280
9763
4370
7393
8646
2759
10683
3706
4431
4663
5399
8133
1899
819
6111
5491
428
6785
2998
6897
8587
7704
2832
2837
6745
9299
1806
7623
7006
1327
8640
831
8543
7324
2094
5506
8234
5895
7816
5292
8423
7292
10380
10391
1855
8830
6928
10102
7148
8538
3476
10531
2133
8625
3948
1642
3809
2639
9969
6525
8989
4751
9719
10448
6828
2815
10317
2045
4459
6107
9209
297
6057
2461
2058
4044
8971
5705
1197
3914
10518
4586
9393
9552
7
10307
2529
894
1451
7116
3167
4875
7071
5278
8358
2988
4208
10149
6550
7669
4461
9028
6389
1269
3368
754
9088
10416
7534
1019
1381
1016
9564
7533
4637
2635
4146
6147
5442
3133
4687
2356
5351
7313
2118
7773
5432
9993
6367
7445
7880
1520
1694
8924
9163
8007
9873
5033
9513
2703
6300
3548
9005
9818
9694
2024
2441
5162
1565
1265
6677
1331
3279
4027
1134
49
3415
292
6453
9885
5717
3843
2042
5283
2151
7504
9291
7139
7756
6554
10109
3367
8723
4036
3202
7859
3263
5332
5968
2432
9413
5810
2519
6473
7527
6705
1140
1774
2145
2633
7647
2692
7230
1906
4511
2651
10400
1266
10404
5599
5244
8979
1240
9779
2650
7609
2138
10243
1678
1525
246
3623
1550
2992
5771
3192
3442
5980
9320
8435
8333
156
10642
5501
2507
1479
1150
7330
3157
5237
3276
3356
3637
8829
5607
994
7517
10244
5211
4246
3891
10126
1592
117
7326
2361
6793
6463
2758
5580
9075
3289
8360
2538
10270
4509
367
4442
2332
9736
1258
7460
6663
4133
1439
908
9877
4334
8330
4779
5926
6944
8260
10043
8839
411
1875
233
8881
3979
7382
7119
10359
6395
959
6845
5199
108
1163
4693
3649
5071
10202
4405
6527
7838
8732
3370
6512
6589
8386
3340
342
199
5855
10430
5723
10212
9144
9823
2740
5382
3381
35
7388
220
6417
9115
7584
2001
1320
4848
6610
4652
10471
4659
5355
8375
8560
2474
53
6461
5830
7931
9946
8098
4411
5868
3851
4802
1572
4267
3024
1328
7203
8478
88
10081
6799
9607
8483
9429
5039
6863
6902
3311
6050
2543
7164
2377
6801
10134
8968
6109
1038
7590
7907
10386
3836
1609
8851
8526
10453
1584
7186
2505
6163
5521
5140
1222
8664
7999
4761
3960
707
10123
3223
2600
10218
6031
3395
4840
15
6664
7161
5331
10035
8854
10235
2465
6776
9012
4633
5713
698
410
2323
3102
705
4728
9054
3952
7918
2838
5489
6228
1017
10665
10165
4167
9205
5505
5271
10232
2044
6841
103
8611
1395
9121
4955
2705
8599
821
7131
7881
4213
2844
5348
9401
2928
3251
5288
8170
4540
5641
8701
4994
7039
9699
5991
205
10383
10067
5984
6614
9153
4342
9899
5023
4591
1170
3241
9506
6478
9942
2281
5171
2105
6341
7772
8199
2292
5073
927
6055
2008
2490
9465
4206
8702
4240
129
7654
10026
9815
7216
10553
6946
7433
4043
3822
8217
9315
9161
8009
4088
1456
9276
215
12
2364
682
10408
1044
7213
8077
1131
4119
2228
4844
9424
5345
9044
548
4576
3270
7163
2316
2164
7229
7634
9155
3503
703
2964
8876
4819
8308
2682
4157
10361
6083
6323
10487
4921
9234
5021
4275
9055
5738
10251
8101
7628
6821
1109
275
7444
3954
8901
2787
8923
7518
8614
706
1021
9381
3022
10169
7721
4189
358
7114
10314
6279
8213
5902
6967
1672
10372
4332
10431
7233
3655
9200
3554
3639
10199
10528
5944
3376
6433
9428
3048
8374
7308
10428
304
9533
1655
5574
7559
5539
1449
1919
9236
2895
5286
4818
6427
7797
5694
4035
3230
4744
1418
9596
4782
5546
5227
6767
9867
823
5158
6725
4553
489
212
7926
5730
6289
346
6938
6299
2056
8115
10282
2289
3418
9683
9065
8485
8601
1876
8402
9701
4985
5846
6607
2614
690
10631
7476
200
3536
862
1787
2767
3193
626
8508
4946
10001
2315
5620
1993
4033
1369
7610
6910
6223
9906
4625
185
8848
9006
8097
8778
3651
7323
5047
6703
4888
6996
10133
4369
882
3819
2165
7113
9491
10694
2336
1061
8070
10329
3249
3494
3772
7820
7278
3352
2397
7922
7224
8511
4974
3643
10195
6362
3943
9573
6581
9414
3920
2721
9655
8997
4108
7923
5963
10650
9978
7505
6480
6069
5487
630
3299
6689
8720
10064
7424
5296
8509
9580
1184
871
5818
6774
5673
7447
1014
3092
3362
5532
1816
5790
9002
5403
812
6738
5315
4318
1297
9631
9880
1229
1781
9850
4866
4886
6706
3586
1099
6940
3056
10076
5363
5762
10179
6716
4941
7318
8127
681
3090
1027
6765
5763
4467
3625
4446
386
3049
957
8889
3059
482
8728
907
1641
2609
1444
5205
3485
3938
10332
4587
1300
6620
4435
1423
1625
5337
4569
1126
4871
4031
8764
917
7384
10634
4721
319
2074
6143
2208
6997
10612
2254
5406
9021
1793
1385
315
1204
5325
4468
5181
660
9649
9555
8380
9336
8546
5824
4609
2459
2783
8868
3701
8670
1080
1732
9304
7933
6627
10371
10258
5602
9015
9499
4486
5614
4856
2312
0
2602
4851
4074
7619
6301
1259
5623
1324
5833
6250
9572
6954
1231
8352
3612
265
10507
924
3636
2901
2147
4481
1730
9383
9257
4470
7759
4327
4791
1155
9022
7371
3179
2262
3316
5006
5823
3671
6122
8554
7577
4255
5837
8289
3467
7385
6176
9957
7986
3817
8099
2980
6662
4065
3003
9403
10277
9744
5066
4279
10497
8450
3143
55
3798
4893
1034
8083
9189
10173
9051
1841
8353
4312
2866
4399
778
2342
6321
794
1815
454
9406
1042
3781
9766
6960
2877
6796
5394
8718
8177
4615
7786
3411
4783
897
6786
833
10127
1651
2426
1149
8046
5042
9267
3391
10223
10583
1803
1421
6818
307
4698
507
6528
5820
4713
3419
4391
807
4317
3384
5231
4290
6795
7185
6824
6164
2619
4426
966
10711
3988
8166
3070
10240
7972
6324
7588
4689
7309
5696
8112
9556
9318
9395
10396
5988
751
2212
1598
6681
9919
3377
2712
225
4681
9463
6500
295
2581
1002
5635
4986
3675
9698
7818
8262
10047
1579
6435
733
34
3326
318
858
588
8319
2379
5127
8801
7992
4014
9875
6263
6073
262
7653
9975
6221
9137
2057
8184
149
4558
7514
89
7269
4076
1763
1461
2387
9510
10573
859
6908
5681
5603
8715
6128
7024
2659
207
3208
622
5964
4933
10077
8320
2084
5113
8583
86
4606
6027
6758
63
5135
9898
2626
127
3443
4726
4610
7778
10000
790
2039
8698
3941
6835
5955
1326
8594
7687
1113
8253
8337
6118
4210
229
6605
2344
5050
9218
4070
6062
441
9795
5765
4453
10368
6487
8219
325
2904
8266
637
2898
5624
10027
3431
672
9834
4674
4178
4480
6676
10269
6560
2570
6402
1261
449
8633
5318
4582
8685
686
1698
1141
337
2532
4544
5917
2464
8123
4771
7604
1524
4556
94
4293
1089
5212
7291
832
1471
8933
8765
4131
3624
9824
8995
476
10267
4575
6673
9415
4142
7402
2367
2881
7196
8618
8370
3221
922
4448
921
2974
3462
6377
5044
9475
9612
8999
4276
2736
278
2439
2249
3478
6536
1757
9657
9438
2526
3327
6686
8631
3946
8439
9536
2100
9727
6361
2161
3618
8651
644
10599
5951
8896
1617
1547
3113
4585
836
9246
10580
6267
4400
9751
6115
4340
10425
6214
9792
2484
7391
7500
7719
3669
7043
7686
9934
7367
5076
7153
3336
6971
10194
7471
9279
8799
5413
9228
10575
5981
2812
5119
4526
1996
8792
2064
7428
6292
3195
5648
3023
3723
828
7622
7901
4364
2778
547
4612
10548
1344
1174
10692
7707
8026
9117
1843
8465
7021
3626
10405
5527
3401
4019
5374
4151
1045
10318
4494
7900
9799
1817
1243
9624
5137
4005
7627
6573
6330
3638
9814
3703
6430
5866
68
3259
5022
2972
5210
1356
7600
7178
889
4313
1983
6987
9212
978
5213
5976
8431
8831
7870
6137
1828
8357
8441
9412
5208
9290
1871
3599
3544
6174
3020
7390
232
4484
3499
1583
8855
6396
2256
7270
4909
9570
4488
10021
3490
10646
958
2479
10164
3743
769
4
285
603
5046
9846
8962
8346
2831
1312
3379
2181
5136
10452
10152
4823
1277
7794
9386
1869
2534
1931
6557
3622
2327
9435
2388
1797
7217
7947
7953
6661
743
3409
6467
4429
8579
1167
6234
1069
4950
2884
2403
6572
6491
8925
9090
7084
6428
10608
4573
582
8061
1012
7275
1390
9671
3266
2802
6014
7090
2578
4128
2849
3949
4395
9329
8894
5230
9722
6142
2220
7979
3509
5077
7345
1383
5193
3014
7294
1888
4257
4805
8275
7118
4732
1965
9013
10306
5911
5475
9664
4227
2688
3012
9502
5995
273
7207
2206
10535
2985
6085
1119
56
3474
6151
5476
6823
1805
2108
2725
6170
7160
9025
2824
9033
2427
5750
10025
8880
2126
6684
5344
10033
1416
6761
4040
3910
1809
3163
10457
2805
5302
9311
1436
1177
9542
6210
8215
3032
5149
4338
4683
1704
2423
9085
4788
7340
9142
4953
1703
8866
3043
3204
7127
309
1459
312
6635
6534
5812
5398
6275
8444
6937
8088
6242
4353
5293
3148
5495
5456
3291
2983
1776
6140
1784
1657
1346
4007
9321
9828
3569
4158
10659
4310
1559
2647
10617
8512
5015
9357
736
2345
59
6695
4618
2672
4589
7414
4490
2527
8342
6771
7245
10558
1000
1203
4077
5700
6630
1368
5695
1375
1281
7089
7363
1978
6641
3186
9261
3794
2307
6048
1309
3779
2271
6262
2237
969
10208
5807
7606
9553
2162
3308
7242
7666
4592
4792
956
6354
5110
3652
4963
6431
3435
4837
1367
5295
7080
7842
1191
7438
5923
6934
4406
1406
6712
9966
7779
8864
5067
3983
6878
9355
5214
9358
10547
2900
3044
9764
2450
8
458
3808
5118
6117
9950
6471
9483
7827
6833
10014
1233
3021
389
2523
1650
9959
1512
6556
4522
4414
3751
9666
5234
1200
10046
9184
7062
9442
7434
8027
10410
9327
4581
2598
6004
7586
3417
5204
1887
10607
9368
3511
2343
5247
4503
438
6423
6399
8569
573
9458
8497
5129
6687
9174
3426
3342
9134
3061
1977
6535
1723
6446
7260
2833
2242
9890
76
10485
4501
5428
4004
7995
1137
3451
10302
9303
6153
1589
8747
2597
2610
1768
444
817
1554
6994
3889
2977
322
9339
9023
81
6295
5916
8072
618
2185
5679
7521
7763
9848
5821
971
2169
40
5134
1289
3879
4975
3535
170
581
10602
5572
2225
7470
8400
2679
7743
2456
7241
9470
1716
8470
10633
5741
5173
7031
738
591
709
9239
1494
1590
3480
10476
4456
8740
1967
7449
3756
4232
1914
5509
3277
6255
9804
7551
5537
6618
1290
10160
6522
4517
3106
10394
4740
8762
8171
721
3492
494
2004
5260
6894
4781
8615
5511
4352
6669
8755
1224
746
7784
6108
5226
10090
2683
6462
2223
3282
1516
10390
4286
8254
8791
3392
7198
8529
6965
3207
4690
9971
7553
8155
4523
7022
4285
9976
4113
4261
4516
5875
8951
9646
1035
6259
3349
3156
3089
274
3184
4423
10263
691
3526
9145
6850
9785
2331
8299
9808
2638
8287
5749
4762
1826
5317
6065
3709
3455
9921
4820
9672
3170
4680
92
8252
9241
5504
10609
7663
20
8119
3880
5987
10513
2414
4458
5003
4041
2629
9104
3531
8014
3495
3999
4022
903
287
6921
3834
6177
4160
3998
4774
1819
9151
210
7878
8582
7175
7769
5122
6580
6729
9616
8361
1245
6970
8658
6819
3318
2231
1858
676
4343
2528
7408
1649
8697
6736
7418
5320
7251
464
6521
8592
10429
7356
8412
1366
9888
5994
9197
4991
5274
4072
3892
851
224
10083
6121
4500
8345
10115
10434
3475
2516
1665
7115
1602
4362
6539
1049
4596
2835
4968
522
10499
8729
6378
4846
1734
511
6327
10284
3315
221
4374
3028
557
10154
7648
8626
6248
983
722
6028
496
1522
9027
7157
8421
7248
9210
6879
2756
2382
7290
10397
2190
6873
3907
8847
3122
7852
3145
6787
4295
332
4418
8263
1639
10389
5826
1517
1294
5561
2774
3532
3320
4524
9994
9943
6530
9038
6010
8963
5321
2829
10426
8350
4742
3182
7602
9105
3317
2621
10245
1791
2567
3479
2905
6413
8076
9911
1169
435
6717
10534
7472
8945
2580
331
2539
7482
5329
9440
9448
4746
38
4776
3838
9354
2825
8459
8235
10252
9567
4758
9962
6650
6933
7409
3055
9057
774
2337
9528
6051
7335
1278
8504
3450
6501
10477
8947
8144
7585
1792
925
2685
8211
7552
1736
9113
2510
1364
758
3852
7605
3052
6052
3449
7360
2006
419
3217
174
4765
4778
4096
9951
6166
6198
1244
8278
9793
7643
3323
9217
10351
5689
5517
8383
7942
1093
2462
3885
8089
1074
9544
3255
8192
8210
6916
7051
3956
6225
2252
10176
1477
6468
974
6784
409
920
7327
4172
2565
8862
4838
8687
2717
6329
7387
7573
9265
2730
6374
8620
10217
7054
226
2189
892
4521
5688
8484
4763
8952
3314
172
5754
7889
9658
2376
3791
5795
6025
10336
9247
10283
879
8821
8390
6638
9124
7897
3935
9809
1782
4420
5889
2630
10479
5764
4398
5154
9999
1668
5566
5519
8926
504
1674
6075
567
9813
10340
5299
3534
2268
8910
9686
3841
3619
7875
599
6593
5243
8711
9208
1563
516
3197
1506
9095
2370
747
10209
2618
2127
2107
7991
2051
4938
5957
6749
1615
1725
5059
1387
9787
669
6187
10620
5200
6826
7814
10188
1310
7059
2348
7568
10330
1438
6386
1854
2205
7458
7170
3900
455
8585
6942
7637
9110
58
4750
9595
1292
1837
9282
65
6371
811
6179
2939
8239
16
6046
10305
949
9238
4125
1715
2111
3075
6017
7017
9647
9554
2569
7611
689
10696
7231
4902
8642
5829
10098
8150
4361
6925
6553
5804
1497
4822
3762
3823
9100
6711
7612
2026
8506
3098
5223
7190
8726
10664
3095
4252
7509
7988
3491
8147
9
5788
1804
6343
5882
397
808
1172
9869
4466
2466
4635
9131
7437
5510
3127
6261
1660
6731
302
9472
4056
4134
8277
7379
9087
5621
2199
2894
9503
3137
8846
2253
6098
2081
1274
7678
2216
10421
1040
2061
1688
7741
5454
8141
10074
1121
3853
4190
7757
10660
5965
2999
8359
6770
7895
5789
473
6680
6125
8707
9069
3719
5879
4973
4188
5972
1531
2317
7710
9669
9741
6260
654
5096
727
8705
9761
4229
7283
3081
6913
10183
9346
2067
9271
9833
4709
5745
5276
9714
8761
6238
5939
8899
3991
9222
6870
10049
4638
10526
2150
9917
5828
1221
896
4883
1987
10166
7077
3686
8950
3541
1677
7094
3899
7845
2460
3697
10227
10303
6249
493
124
5078
3654
396
3359
1144
8495
10192
7683
5677
3331
2260
1054
1637
8867
888
9227
9674
6856
2753
391
1980
9084
5144
3121
6887
8751
372
9628
9836
6070
8248
4572
9190
6983
7547
4611
5016
4967
6313
4039
4896
3321
1963
4710
10003
9146
4455
2540
9853
9268
5159
5584
8348
406
7890
9523
4463
2867
10117
9490
5201
9445
5068
8126
10147
716
5030
834
8354
5757
10656
3421
4049
5587
1298
3360
5270
3267
4377
1183
3120
2298
874
1130
4169
7745
9600
8844
3080
2798
3085
9293
4723
7362
4970
8772
792
3361
1028
5405
6982
4545
7462
2469
10070
4380
8815
6604
9485
9922
9451
10024
4347
1116
8639
8377
9079
2048
2378
8812
9566
10524
9446
8617
6798
9016
4738
10561
10700
10122
2481
8699
5737
8391
5099
10395
9185
5845
9776
8695
5760
4505
7877
3097
10468
7506
4976
4179
4002
2435
5109
3437
1030
712
1501
9902
6038
2789
785
8602
394
10032
3007
10023
9130
3354
10541
1728
8542
9035
99
8648
4047
2182
8936
7075
3486
7817
3646
5805
4767
197
9825
10163
8942
5088
2321
2009
264
9489
2168
8785
4302
696
4995
2140
3799
6358
3234
6931
4980
84
3842
1133
7386
9546
1537
9164
815
3363
571
9747
655
8279
5019
10201
2291
7268
5847
8314
8939
8443
90
1870
1765
6442
3573
4173
5783
4186
1799
8834
1917
5311
8525
633
2028
280
9296
3358
7519
3549
9384
2297
5593
3793
6899
6571
7692
7824
2782
5435
8819
340
30
250
5060
1742
8904
9102
2797
6721
6549
7250
501
10475
10563
7426
8071
5433
1434
4700
7146
8621
3696
7760
1886
776
1662
4982
3529
7948
1575
7070
1396
3394
3238
3676
10341
8388
3592
8349
7607
8883
9237
3029
8905
3423
2134
7032
1189
4959
4803
2680
6831
4787
7657
1539
290
6271
3557
1984
9977
4626
998
9740
2159
5956
9532
8600
10285
47
783
7098
1541
2492
1893
3026
1511
3091
5619
440
10058
142
7939
182
4351
7246
4079
763
9967
7378
2489
3964
8741
10676
5209
8124
8684
9207
9001
8172
4017
7092
5526
2634
1743
2893
3735
7603
5716
7593
6346
7569
10635
8763
2003
3343
1623
8162
9717
5691
2803
7935
9255
10412
6759
8148
10565
104
6582
111
10056
6227
7762
1480
9041
3304
3191
9277
9097
9784
6900
8159
3992
7176
3348
8422
316
7370
6340
10488
8152
8085
8399
10645
9996
2840
6853
8246
5948
5380
1635
8496
2563
4250
9970
1171
3721
9786
8674
1945
7171
5670
6247
4551
6233
7712
4775
3818
9077
10678
6231
8403
6012
6394
10402
9770
6993
7806
9830
1890
3414
10230
298
413
2021
5998
10063
7314
8521
7174
1159
1934
5343
7183
4528
1523
4862
8371
5463
3587
9578
2197
4450
6643
9538
3848
2234
7594
9521
5921
5936
420
3351
2002
7112
8369
9000
773
3477
1798
1102
5588
7481
1721
126
10228
7416
3726
5178
2158
3205
2027
6060
5871
6516
8562
9325
7680
10574
2891
6633
3847
8288
873
10623
8116
8044
937
1388
3201
8414
9365
2765
1700
2731
9937
10114
2819
3609
9960
2654
270
9136
2449
5870
1956
7273
8927
8207
6980
6867
6224
398
121
9371
4294
9407
10398
5541
1777
4082
7469
10328
9827
895
835
5366
7883
3294
9093
1601
412
4322
2041
5474
472
3233
4341
6709
3598
10181
3647
3733
3565
91
4112
6690
5822
1991
3110
8012
9932
5513
6499
1857
10382
8623
1287
4336
2934
4092
8561
8722
8735
989
9547
7737
10287
1079
9772
8519
4597
6929
7801
558
6956
164
2800
3181
8324
4098
4410
10551
2667
7337
6156
10591
9253
1751
9652
6733
4315
10560
10030
8960
353
9887
7655
5538
1988
7912
7749
3644
9910
6188
5470
10670
2241
3440
7091
9941
10407
3712
3866
3497
3353
5996
10203
9748
1534
8347
7718
3222
900
2062
5425
9972
10657
10334
7591
8771
3984
470
378
7529
5785
5440
2856
5880
5130
7285
8946
6740
1237
3850
3947
3424
6026
4703
1031
6054
4735
4515
2817
910
244
7074
1619
7338
8264
9378
3364
5085
2951
6655
7029
9248
9119
5139
5387
10222
8533
446
1834
10255
2661
8477
3513
955
10628
1877
3713
7473
5095
7579
7289
8499
2594
4198
5792
10630
10427
701
1118
8994
9621
1343
4226
8530
7620
7097
546
2987
9061
10254
187
9168
5282
2850
9031
6064
7159
6682
1585
326
4653
8047
9974
4231
8875
8332
1508
963
9224
2201
1001
7397
10613
5125
2156
7132
3672
1862
6385
10435
806
1024
3810
5666
3865
7316
6194
1262
3825
6992
7219
6710
3508
2445
7967
1123
4715
9861
17
7535
10455
7998
2827
1239
1510
9211
9266
804
9482
8888
4833
6120
7277
66
2575
1153
1503
8574
5473
466
7419
6531
9852
4832
6459
4064
8981
883
8006
980
8238
1100
2707
242
9995
9730
5251
10640
4658
3595
1223
8859
345
2743
3103
4187
2871
3393
6475
6
9627
3898
5611
10327
8961
4138
1146
5179
2320
8972
528
4237
8032
6895
4867
2684
2087
9681
192
10521
2536
2191
5660
986
8680
6555
865
9176
1114
9560
5074
9221
5707
3369
9728
4425
9178
9543
3765
6972
7211
9423
236
4058
7576
9283
8467
4199
2152
10268
9486
4734
7546
8286
241
1544
1557
3042
2166
9477
6701
2548
6254
10059
4714
9956
3256
6737
4284
9845
6986
2338
10587
7000
2607
7589
6353
942
10143
711
2716
7908
1785
7864
5544
3578
8276
5915
2324
2029
3936
8743
4434
2678
141
10519
1719
3666
1586
3069
69
9574
2005
7621
4194
9530
8427
5183
5639
284
5918
95
4061
8120
3742
1604
7195
7846
3846
9409
10331
1288
2411
3883
1026
4816
1530
8385
8982
8760
4436
7664
541
8087
3210
8430
1264
8775
3668
1666
3380
10189
4530
10
480
1353
4912
1680
8129
7406
7202
1979
4533
2329
2386
5116
10384
7808
5385
9511
5743
7357
9259
9518
1357
9745
362
9526
8139
5072
437
1502
10246
8037
4646
6291
2690
4972
9219
2657
116
3297
9019
5678
10567
6021
3837
10555
5239
10311
5632
8513
1959
1275
253
7542
9139
5536
6204
7776
2207
5451
7081
7670
6193
7035
9868
5684
3824
670
4599
2514
6345
5264
8937
1453
4258
2760
8446
10044
2772
10699
8749
107
3821
1220
1513
228
6750
8906
8064
10636
2814
7312
770
9330
7177
5103
2119
4675
4137
6656
2429
1960
6570
6576
7474
3144
1999
9053
7019
9372
7937
7150
4546
9337
6702
9811
7184
9170
3292
7453
475
4147
254
4095
1468
5410
7925
4071
5682
9394
7420
4280
9935
9300
3904
3319
1628
4925
8267
370
577
5104
5508
4433
631
5357
8303
9411
4600
4389
9285
5190
9803
4864
8807
8325
1097
2604
3632
1912
6995
829
9348
6213
432
222
5300
2247
3796
1225
9138
6093
6964
62
2419
1607
4219
4772
7310
6857
7429
6783
1422
10677
6595
2641
6175
10666
10242
5411
3934
1473
9670
5801
279
2422
2408
3109
10586
4024
8660
3429
1293
952
4677
7365
5353
9275
5426
9380
8039
10292
2686
1148
7858
7042
4439
7616
9112
2406
1982
505
6532
6861
2187
1564
9947
2318
3659
8189
9908
3498
10512
636
8366
1299
9404
4421
9876
10029
6307
321
3648
1801
8284
3872
5551
4319
132
619
1810
7417
5303
4101
8757
7810
5051
6191
4729
6600
7058
4662
3631
8802
9058
4393
6479
9514
8134
9179
6788
3062
10226
8818
6883
940
2069
4666
6276
10174
10002
5573
4454
870
2455
3894
3741
5133
5664
2309
7554
203
10596
4942
3628
8911
6665
714
2521
3033
3119
9987
9312
4566
1117
10393
1059
3087
1437
10225
6621
7244
5601
5338
5402
3079
9661
196
1748
2293
10392
1255
826
7364
3699
775
3734
1178
8224
478
3404
5138
5250
3653
8588
4003
7555
7271
7033
8338
10350
9690
4268
10219
344
7698
3112
609
9340
8304
3504
6615
9953
1737
4207
9048
4956
6100
2665
789
2458
7758
9610
3813
5970
2952
2122
10422
965
1474
779
3685
3302
5472
9743
9579
417
7631
964
3905
4451
7868
2334
5744
10585
9316
5464
4093
9524
8194
5043
10556
7690
6481
1006
3225
8302
947
623
2160
8638
5367
5954
8514
913
10444
10187
2078
1856
10020
5081
4603
276
8725
8502
9525
9599
597
2971
4647
6333
5722
6087
3607
9520
1091
7095
7936
3527
7695
10493
8941
2440
10705
1213
4432
9183
8233
6966
9630
6338
8828
4904
5393
10138
6646
3860
7661
2350
7515
2340
8750
3445
1478
8449
7236
9688
8671
592
2613
9081
1898
6114
3720
2485
10501
6766
9452
1570
9307
771
1895
7169
323
8212
8132
3678
4815
286
9895
9640
4679
6372
1913
5733
9040
347
3139
7671
10409
10509
10091
6999
3780
7714
7658
5655
5570
7124
8140
4868
9939
1125
10710
5062
2488
82
997
2471
9379
10006
9711
3099
5813
1845
4289
7920
4717
1712
8237
5020
8312
7693
1937
2372
902
9938
5899
9988
7028
1490
463
8023
158
2794
9417
6364
9364
3981
9685
3748
6631
6002
8218
7002
137
1136
8229
4770
5938
6183
6490
10598
8845
8274
7886
5634
9816
10215
10601
7940
6919
2149
9667
7484
2290
8142
7199
7272
3001
1616
10362
9367
5284
3337
7770
4827
10326
4308
10629
5686
259
1329
6061
10338
2564
6269
3009
3802
9245
1071
7849
1618
4639
7344
5124
377
4265
1551
4577
4161
6672
4622
10622
2656
6626
1338
1656
8178
4552
1448
5596
9571
3702
7255
9980
3897
5690
7108
7966
9732
8328
8872
1825
1760
6182
4845
7052
611
7958
9302
10687
1469
9260
9913
5874
5319
7023
10619
10564
6282
5143
544
8657
5558
9982
8959
3528
762
8954
1311
4852
2396
9157
1847
3961
5627
6420
3803
8890
2533
8498
2261
6105
9829
7791
2588
9196
5481
1407
8481
9322
7298
1138
2813
7478
6172
7571
6379
9223
6719
8020
3816
9092
7844
97
8490
10698
1186
1576
4731
5945
4563
54
3464
9154
10576
10355
5408
1878
2546
5268
3084
5577
6287
4797
495
2274
9522
8663
8953
8547
7665
4144
2014
4413
8568
10693
10051
9854
3306
1235
8527
2577
3611
7902
8908
6483
7538
2995
5285
702
10593
3322
4496
3268
1283
1942
3995
8653
5565
8466
2747
1695
4962
2848
6558
5419
5755
612
3261
3523
854
5528
8553
10385
2576
10137
7167
9392
10082
4650
6091
3161
8661
271
10092
7228
10369
8143
9777
7528
10180
4506
6095
2552
2060
7597
7932
846
7206
8163
3111
1147
539
2099
10618
6696
173
6830
8977
755
2153
7366
6041
8158
6066
2468
2975
2230
3153
5418
10517
1332
2240
9165
587
8223
2593
5825
10119
5294
3278
260
3403
9062
6979
8593
10131
1690
4877
6016
1302
2969
2420
4512
4062
7234
1941
8447
6092
7063
6071
3461
563
1990
9678
5932
3350
4192
9349
10289
5107
6777
6202
1435
9702
4657
1731
3640
4168
3082
8703
6023
9865
4678
1158
6724
1352
6748
10325
3396
10286
4594
8700
7351
8031
7633
1379
2395
4349
2
7082
9220
1546
9009
6203
4696
6401
3708
4365
1818
5446
1425
3888
6387
3924
4930
10438
641
3188
1954
6668
8827
4745
130
447
5922
6094
3410
10363
1949
4623
7381
4881
8471
7651
9244
6914
6985
1851
10500
7066
1358
5063
3138
1025
2786
7884
7282
1374
8011
766
7689
1658
1432
5854
10414
1092
7996
7739
7239
1852
4184
6253
2702
8719
8790
8298
4684
101
5674
2447
3869
3849
9881
8015
9931
486
5579
183
8566
6647
10605
4513
5718
5535
10323
3015
1072
2304
5224
1084
8878
6458
893
5221
2267
2993
7727
3994
6848
8967
8917
8739
7545
3071
4452
610
1573
3463
5751
4843
1132
9216
7492
4949
1673
39
8563
3456
6566
138
673
2625
2384
2188
3229
9897
606
313
4697
3737
4476
2330
5756
9118
6352
9863
1098
8474
4804
6683
8510
554
8054
5126
4409
8692
9032
5613
1939
3921
4993
1708
6619
9455
8181
6388
8603
2282
10175
4373
2579
2592
10462
1752
1811
311
7060
3771
3876
8282
7735
3602
9080
9592
10454
2035
553
2732
7722
4042
7317
6494
384
5906
1897
8938
8413
4283
2530
2167
7705
4356
10589
4282
3146
9750
7565
995
4335
8584
282
5704
8767
3620
7422
1008
3716
8035
181
7333
80
7639
8316
4013
5358
10274
1081
6827
3185
2109
4951
6232
1484
1614
6335
5064
1874
3831
4008
2389
7121
4799
4885
2909
2401
5545
50
6843
4550
2246
4873
6658
1228
7673
2674
9909
3912
6698
4869
3886
9981
5075
5993
9635
2996
8730
2219
7401
98
8823
8398
3313
4491
9872
3200
462
4241
3211
6328
7785
8117
365
2236
7477
1771
3154
87
2945
7007
9604
9914
8505
7086
1151
1452
283
4475
8042
3347
6357
7738
6020
9775
2476
3864
5672
10250
9175
1859
6988
878
5339
10720
9508
5782
9187
2066
9473
9928
2405
7047
2771
8624
3959
1915
10572
9905
2843
6514
3375
9194
4350
6836
6707
21
8019
8082
10671
6844
6812
8453
9427
9049
1555
7531
9771
6918
5493
191
6927
10155
7985
2383
1371
5326
7267
7618
3915
4560
2981
4722
9788
10625
6567
6390
8849
4988
798
8494
2711
570
1062
6264
2545
8067
677
3608
7851
3559
8428
10148
7716
8268
4889
3093
9927
898
5935
729
5197
6195
5310
8507
2409
8486
7681
1173
6694
8541
10121
1007
3576
2113
352
8136
7067
9742
5867
1347
1454
8376
5392
1664
10603
8438
7674
8932
5449
8528
3953
850
1284
9901
8310
1415
6563
2919
2948
6099
7782
8109
6790
3173
5800
2184
7960
9871
2504
6892
9086
360
3731
4814
5241
7295
8313
810
10592
471
3068
2676
3176
7045
9140
5962
7914
390
4366
4535
8122
4532
7254
9516
9680
7632
10456
4508
8329
8934
7823
9862
10344
1180
3345
3468
2300
10011
143
3244
7415
5480
403
1938
166
9195
4251
2751
10224
6917
6200
7541
6181
2351
7656
10667
1181
1861
7050
3859
179
6119
3134
9529
7970
2660
9568
5552
5445
5933
9541
4304
4247
569
4444
935
918
10037
4482
310
6732
4139
7498
8501
1199
5323
9720
3627
4408
4000
2381
7232
2202
4358
1569
3078
5502
8589
6653
343
2899
6180
4032
10101
7747
8903
3839
7011
2823
6424
10238
4164
9756
5035
2922
10461
3408
9192
2855
3786
5628
10446
10358
3681
4104
257
5482
7911
5924
5057
9421
10688
6236
8944
4260
5610
317
7526
7197
9256
10690
759
5453
5409
2103
1780
880
6957
10036
9857
6432
8669
9802
10060
1652
4790
2681
5583
4068
5798
3815
1597
583
3482
2266
1251
427
1707
8464
6337
1624
7004
6723
4105
3942
6206
9903
4884
9347
3454
4649
8191
3874
399
7652
1179
6876
2670
1276
6043
2990
687
4801
1521
4305
7888
3610
1088
3826
6035
4220
7264
4094
2649
4471
5699
6854
7503
1593
7065
10606
1489
7641
1201
4359
5094
3324
9426
3833
10365
5630
7138
305
10506
8281
1684
7688
1355
1629
3162
5522
10566
8114
10247
6888
252
6958
674
7200
1814
4239
3788
7064
4835
3373
3206
3691
9733
9704
3560
8010
8245
9695
3542
9679
7286
8577
2503
2748
10459
3273
7635
6890
9778
4984
8690
2499
7805
692
8059
8204
8415
7793
6110
4449
9755
2913
1918
2235
3096
5007
6526
860
2068
9250
9335
9893
7328
3227
9539
1838
3807
10654
96
6185
4944
527
9918
628
1670
1560
3243
10539
2238
6675
490
4218
10353
1304
5391
3761
3073
4011
9860
7941
148
2358
8895
7764
9123
8871
6009
9128
3674
7854
8537
3432
9500
8094
4440
4549
8048
146
2544
5556
2010
1260
4403
6451
6591
2444
8165
2120
7442
10094
6728
9204
1802
10319
4397
4438
5131
6637
9569
7949
2863
2754
7790
4495
2102
9122
5498
8157
4588
805
1056
7085
6197
8721
10643
4682
4920
2259
3481
1465
7667
36
4171
211
4749
2475
4196
601
5834
5423
5862
1505
9673
5242
906
3246
1833
8970
2416
996
7209
5156
10697
6186
1711
1916
7574
4853
1884
10071
4887
5229
6270
7587
10364
8516
6520
355
6230
6138
4654
4153
4473
3132
3896
9264
1314
5891
10249
9469
820
6699
1907
6302
6015
1883
5080
2622
8922
5203
5941
3540
5037
9068
1467
7041
7946
7494
2677
8727
503
3563
4502
10498
568
6670
9504
7191
678
4780
7016
8100
1350
5152
4907
7532
1620
9410
3136
479
4865
5450
3518
7194
1599
4890
8746
8833
2646
7204
3917
10370
2698
2780
7725
4695
3997
8111
5748
2112
8744
5098
6447
3722
7076
7766
1596
7625
9198
9135
8315
7983
6498
1052
7975
9240
8590
64
2648
4445
9851
9659
3990
534
9944
8106
4497
2472
972
3768
2761
3487
2232
8417
8395
10415
3247
9127
3025
123
5083
3037
3790
1679
5977
5585
2470
10381
8060
7599
8104
10621
1252
3168
7493
1096
5291
4796
3729
4073
6476
3603
1306
2675
1682
10568
1120
3281
5992
2742
2924
10150
10540
10053
500
4270
4712
10079
3877
10595
533
6246
2568
3890
2015
6127
3006
5726
9517
2170
9958
3687
9936
2224
5121
10271
6623
7963
10709
7034
7981
9805
2417
5373
2180
8643
8752
2671
5836
4143
9577
4200
7580
5567
8694
10520
8604
3562
8688
5298
4233
5540
7961
515
9643
1528
2541
6022
1115
8964
190
1003
1188
8980
10231
3129
7137
10211
7332
2287
1333
6132
9242
3521
1561
3387
1413
2701
5029
7496
3740
9297
8436
5929
7341
9433
2645
9989
8382
3901
6422
8557
5258
2551
1904
467
6310
9046
499
1267
2310
3707
7162
327
4632
3285
8536
3962
5811
8581
3555
8679
2421
5654
5434
844
7464
8203
10652
5400
2706
4097
75
1013
7307
1427
6293
4939
10057
2277
1462
10178
6782
9114
4026
8940
153
5876
866
7696
74
338
