10719
10683
4957
3186
8183
9045
8629
3765
5346
6982
2477
4251
6503
3552
1072
8150
525
8469
4274
721
1567
6200
2825
2111
6795
1472
1511
5000
4937
1264
4976
5744
4916
10504
4378
3509
1554
7452
7332
8263
1741
3366
7672
5012
2161
7927
9819
7383
7461
737
10420
1795
7259
1042
7722
7912
150
1250
4388
2726
8586
7783
6048
58
6163
3991
8089
3682
9564
4441
4530
3168
3515
6627
4701
849
10535
4417
5314
9580
7135
3726
328
418
734
1434
8715
1426
8142
1612
410
10481
3326
4883
7193
4645
3278
10407
5049
121
1417
9126
7789
10077
4133
6531
3005
5204
8935
10062
4368
1194
904
8974
10650
9806
717
9852
6831
2029
6937
7807
8065
4061
311
6810
2400
2575
6712
6730
4607
10672
1393
7791
9011
10424
9214
1068
4739
6710
430
10275
1447
673
7527
5100
6486
8042
5615
1445
5130
9486
7967
5505
9382
4971
5845
5698
3413
1449
5414
6568
3651
6705
2168
1111
9146
5734
9909
5694
728
2036
8645
4386
2305
5469
8922
4201
2366
7522
10707
4924
8215
1448
10152
7086
576
4211
863
2745
3643
6738
4374
9392
3304
10567
5200
9374
997
2746
4021
125
9242
4580
3056
7861
1624
2678
6583
6718
444
7365
7924
178
2295
7334
5066
3804
4521
3928
8421
3981
6623
4751
3363
8555
3707
3875
10064
5045
4934
5067
583
8784
3215
5432
9122
9673
5113
8343
5155
3567
9526
5799
9757
97
9898
2316
4053
215
4723
490
8101
10189
865
9541
9467
3345
5900
626
8485
5729
5237
8650
4694
3113
10284
6694
647
9849
1655
8238
4970
7650
8609
6626
8303
3266
9007
6246
10503
7272
9236
8879
2410
3012
9959
1328
692
3637
29
6763
6644
7557
1062
8730
6993
5084
8356
7049
8833
10197
388
5322
5175
5843
6118
7326
7247
3240
2814
1348
6755
1172
4853
6020
8773
4623
9118
1087
902
2247
2426
8251
2698
6032
773
6719
7250
4332
9320
1254
5658
8230
5274
10574
5944
9098
10652
2988
9855
6274
4716
7420
325
7460
3954
2389
3743
4870
6632
1010
1476
3141
10045
3963
1613
6037
7007
8236
5294
2808
4789
5926
1440
6307
2996
9755
9594
2876
5963
9378
7755
2279
9213
462
709
4324
1411
8585
9844
8969
1247
7546
163
6698
661
722
8426
41
7126
4866
2644
9006
8131
6933
9359
5969
3738
99
7445
6517
5593
5209
7754
6215
203
4732
10649
2138
1484
7852
1727
3354
7701
5127
9447
8
6945
6647
6342
496
2840
2638
10357
1428
1061
6511
898
8919
738
7691
7367
9485
7340
8752
7042
1583
3376
8138
6684
10641
6652
9288
1174
5493
5538
10178
4769
627
10522
3377
8775
3328
3500
4344
6007
6161
80
8022
4731
8371
10520
4954
9389
2367
4942
3953
7908
7595
3752
5384
8749
2228
9811
8167
1413
2256
2793
584
4736
6633
6106
9344
6467
9825
8846
7137
10602
534
4754
4236
6566
691
9335
7123
8524
1790
4574
377
9947
5750
3176
10568
702
4528
4038
1749
1380
3996
3419
8115
7339
7220
1976
3871
7480
10689
84
7181
913
9399
7827
8013
9690
6548
7563
1928
9252
1657
10438
1732
8262
7430
1057
3359
217
7537
8889
3486
8840
3468
3664
235
5282
6398
3180
10425
198
2476
3422
2676
3225
2308
3327
740
9342
1332
1986
9571
3728
8160
1873
8073
10056
3557
9457
6157
6700
3407
7404
8376
2416
9915
2248
6156
10547
8070
8763
2660
3849
1748
3614
1592
1234
7541
4587
83
9706
4771
4943
3662
25
4446
26
1880
7230
3904
93
2965
2683
6650
3157
6301
10320
9423
1782
8370
5463
6906
5
10097
1263
8934
10566
9766
9257
8309
812
2068
5093
1884
8915
1362
6983
2131
10485
1659
7627
8634
10678
1065
5041
718
10626
9153
9355
2753
4310
9886
8759
9582
3290
5566
6790
5809
1080
9749
1813
10168
2659
5245
6635
9935
9507
8357
8135
8162
5994
3068
3441
9936
14
4191
1572
1432
6957
1955
1133
9772
10668
317
946
8398
8678
7422
3408
8284
81
3471
4860
4366
9037
9278
453
4581
9835
6612
10381
4082
3692
3396
1096
2617
8296
10313
7644
9725
3753
2130
527
7736
7552
8527
6057
4149
6126
3282
8271
8321
4616
3300
5601
8808
5410
3284
5798
8737
407
4221
524
1967
8449
5781
577
3382
5520
8726
4964
3848
3766
5552
862
9968
10375
5398
8876
3222
5825
8123
2935
8618
3425
372
7822
1408
8086
2391
5829
1106
6844
4879
6287
391
10379
10053
8657
1665
1568
7729
2886
7682
5673
5445
9730
6129
4184
7493
7093
9833
4074
6495
6420
1144
1114
3438
5614
9978
8104
3838
4146
9385
4516
4749
5645
815
7144
10301
1558
2051
3243
89
4335
6574
5526
3097
10316
8437
7222
5996
2571
3050
4263
5678
2693
42
813
1465
4675
9327
2202
8695
2615
10041
7025
6144
6025
1761
10200
8025
6040
9784
9590
2551
376
3819
5044
1800
6679
10414
10534
1989
4313
2301
1489
7006
6390
6034
9993
10325
6732
8351
8767
1897
10187
3058
5476
1523
4348
1898
6485
8434
1689
8457
8557
9931
2220
2065
2078
3428
8589
3733
1164
6444
30
9861
3465
5914
9660
4073
1786
8625
7638
8549
4784
9670
1830
4046
6820
6046
1051
4586
2253
1257
3583
903
9197
5992
6892
4321
9246
8517
2432
3143
95
1314
805
324
4637
316
696
7884
5578
5984
7315
5571
4232
10207
5088
2582
1529
3882
9534
6451
2340
2998
4449
10351
5739
2061
9633
2163
9867
4451
5627
1509
6604
9259
9113
3574
221
10094
7216
7200
1651
2666
7639
10634
778
3641
7032
5660
2517
7001
6637
3464
1409
6671
6399
7
1987
5802
9857
1671
8855
5573
8366
2559
6177
4032
930
9338
2971
7121
3570
5074
744
9221
8462
9559
4647
726
10589
4787
10618
6218
1390
6153
5161
5178
6539
8569
7336
8644
2909
272
7175
9719
9030
3915
5506
2901
383
8032
1937
8868
2730
3498
4483
7221
7105
895
701
2009
3085
6682
6178
8622
939
5932
7023
542
4421
3358
7583
3935
4830
4301
3074
6167
3201
3476
7196
1315
3572
1141
6543
6231
8173
10162
6770
5738
9979
6771
9077
891
3980
10314
8835
5713
98
8438
7462
668
9061
119
1320
3446
6354
5949
1962
8257
5034
4385
7635
9135
2145
4205
9547
8482
3830
3622
9539
10213
7799
4919
1429
6869
888
9468
7901
2711
8999
5889
10421
2170
1385
5958
1740
5724
8757
3381
5913
8021
289
6686
4627
6515
10611
8314
9487
868
4915
8087
9743
8910
1679
8310
10220
4496
7120
719
8246
1253
4801
10642
7056
3754
829
8823
1881
3204
7959
2447
3612
4745
3877
441
3390
8573
4759
8137
5141
1604
6875
10348
8052
2071
9913
6556
10172
2152
4981
3888
8814
922
9918
2795
8828
6749
1877
6047
3415
6594
1473
6549
5982
7282
1857
8510
10023
606
9896
3764
754
6714
3824
3264
6411
642
374
7089
10600
5132
907
1319
5104
3930
10144
10548
130
8626
5252
6865
5503
1981
9707
9085
4634
3436
5922
2121
1895
4271
8362
9753
3212
1442
6855
358
2362
7636
10713
10265
7192
7174
1582
10116
1833
10087
1766
4904
2570
4839
9665
5089
8542
9041
2209
2318
8905
10577
1275
1652
223
8770
4868
7994
5335
10711
19
8435
5315
10332
2357
6412
3800
5832
5522
2027
675
2704
69
3439
10347
8791
8529
2599
361
846
7129
5375
3236
5599
6464
8036
2140
5203
7690
5091
8454
6649
7502
1960
1162
9878
200
10175
2088
3115
5038
4997
4390
5670
10250
851
2115
5927
4039
6456
10309
9986
2737
10302
113
8294
350
5341
7689
4287
5534
6597
2191
8603
73
10499
3101
6824
7817
9963
6004
9315
8447
5372
3897
2569
5616
2472
7721
10100
8936
9750
10134
10288
10127
5553
7172
3002
4018
7974
4422
1799
5159
7375
3635
4156
9553
856
10612
2372
7826
6522
8020
3086
3257
9964
4797
8324
4464
9419
4968
2757
8813
4835
3417
11
8824
212
5518
2986
2495
9286
9688
8222
4641
9919
703
1215
3038
5331
6391
35
4715
6928
2807
6737
4395
5158
2592
8611
2375
8899
8997
1653
340
5078
10055
8627
7182
5280
8836
1588
3173
7794
3716
2906
10718
4551
8080
8848
3673
2810
4116
5086
3600
1763
1953
3523
5574
186
6154
3394
2146
4508
158
4354
9103
7699
5271
7837
253
9704
9863
1656
2171
10378
6707
6101
4540
4861
10111
8684
5096
8578
724
8762
2714
6028
8417
6222
460
8254
2548
6384
182
9882
9741
8282
1965
389
6143
5595
5024
6894
800
9940
7486
7405
286
4372
7284
2775
8810
5592
7253
6919
10280
1729
7664
5917
9681
1924
498
1948
10583
1415
9809
4349
514
4812
8827
5246
8816
10705
8039
5919
10637
7481
2632
6767
4734
4494
3969
5823
7562
7782
8491
8182
3909
10068
9519
6930
1801
472
6027
3768
3518
5828
6257
1555
1306
5975
3564
3896
7873
1424
5291
4598
5789
8387
3063
397
532
7183
1189
1406
857
9787
7724
9339
1973
7555
5060
5001
6476
3801
9371
5134
7707
3783
6309
10497
5172
3994
5492
10295
248
9067
7774
2382
8965
3454
2092
4504
4495
2274
9402
1098
4392
2235
3033
5453
5880
10092
5168
3205
8513
3118
6801
220
8492
9917
4543
10386
2580
562
8204
122
550
7251
10329
825
10710
7771
5618
512
2428
4867
2734
6196
7204
8660
3103
9669
588
2330
7190
9018
9280
5581
5915
7267
1044
8406
7292
8312
5296
1372
108
1636
2556
4248
3837
8878
831
5340
6433
1811
9778
10592
4226
10436
2292
8475
5846
3049
5606
8601
689
6085
10631
6489
6818
8297
3556
1073
4535
8765
1852
643
9166
8292
2519
8006
2251
455
7587
6589
292
9248
6120
1149
1907
1152
3605
9377
9788
9078
5561
301
7213
4083
10403
7027
8157
1878
543
10286
4129
7831
7374
9175
2072
9807
3314
6981
52
271
7753
8582
3737
1307
9830
4470
9517
9802
1905
6723
5263
8349
1569
8742
5612
6481
965
7419
6496
4832
8095
2481
5596
156
6432
5692
1054
5905
5333
8127
9388
2439
3193
9608
4833
4096
1171
1333
2524
1816
545
9469
3817
9621
1471
8776
2038
191
7217
6165
4154
3130
9083
9856
2758
7528
8007
3375
368
8348
781
7678
2857
1481
5633
10505
9451
425
10237
40
10065
3607
7597
5482
6733
6959
6701
3211
2353
2847
3099
8820
2665
7793
5941
10159
6421
4939
3368
414
3187
6176
2764
4066
8563
8164
10432
9821
1330
4089
2448
9150
5546
8336
1662
10563
7613
8103
3482
9781
2468
6610
552
827
7804
991
9337
6785
9073
9026
3702
2257
2777
4986
1032
4387
10196
8895
5938
1375
10688
3426
10663
1865
3182
8862
3767
4611
273
2694
3352
8305
2576
1798
4117
7366
4135
910
7612
9042
3857
9162
5450
7825
8358
8382
5486
4260
7083
10471
2981
1416
327
10648
8924
8690
7218
5149
2313
8493
2271
10036
1
10214
6512
9500
3046
7842
9829
7957
1218
3805
8961
5227
1540
1553
4192
2578
10669
74
9746
3459
5702
2356
6173
412
4953
2381
10227
5717
3162
5653
7816
2347
7938
2583
2803
7450
7033
5502
5484
4120
3628
2006
9294
5404
5509
1175
1369
8345
8209
1691
5435
5153
9380
465
1709
7944
7223
4444
4147
1115
6716
3603
1571
5870
9792
1969
4791
8480
10029
731
4014
4541
216
9131
10303
9364
4242
8581
6560
7996
4384
8315
8754
10434
1932
10330
7171
8731
6728
783
9514
7877
2084
2254
1817
1075
5641
9701
10510
5514
5834
9461
556
10312
3724
1611
3254
8249
6413
1546
2397
5741
10392
8293
7663
8389
7406
663
2535
10431
4783
1585
9217
329
7539
8747
7745
4703
9276
7921
7372
7304
4577
1280
9609
811
1983
365
9696
4314
9195
446
5980
36
4044
2783
7407
2539
7075
1493
1814
2425
2835
8830
10464
3126
970
10185
3813
8630
6940
10222
32
8943
6925
6715
1539
6909
9164
147
6879
8008
3661
6917
385
501
4055
7830
4538
1614
3962
1404
2388
1908
2572
1793
5251
7391
517
3826
2062
9644
4906
8664
10267
8832
9013
494
615
6333
6577
7241
10693
8699
2409
10671
3835
10349
557
6074
9751
10658
7540
3771
7750
10008
7875
4991
8429
5770
7743
10331
9980
8128
1829
7929
2649
8272
1214
9149
5106
1920
840
7820
622
7578
2105
3850
5796
9624
5646
7028
8368
0
8617
6096
6205
6565
9124
5233
10173
5751
10426
3478
2421
9652
3910
2358
3131
8481
8377
6164
1688
43
3484
1272
8788
2504
5638
4620
65
2798
1886
9699
6055
1925
8465
7295
708
8701
7161
7662
3423
733
636
1017
2461
7955
3070
2681
6802
4852
6478
1601
2056
5144
443
249
1370
4570
3355
4944
10594
9477
7647
9599
3221
1246
9695
7348
1535
9017
4347
5102
7393
9734
7084
9281
880
8079
9074
3084
6764
2050
4763
4103
1784
1139
4067
9200
2974
5598
6291
4081
9474
5979
10016
3334
8913
6323
2226
7621
6122
3253
4165
5568
5558
2280
9736
3901
3136
8955
8994
9186
5389
8607
9407
4196
686
7915
9816
2374
8979
7717
5357
2680
3905
7531
2423
6924
2370
5098
2780
3932
1025
6882
6260
798
218
9586
8694
7057
9544
2767
7000
563
3908
4807
650
6170
2181
8133
8805
7202
6267
892
4408
1339
2377
4482
3333
4475
9815
1490
2865
6797
7416
3007
6403
9251
10176
6318
8188
1621
4426
4678
1397
3255
9796
9459
8474
4170
7470
5733
8633
8339
4646
9916
1680
6851
1796
6289
1510
10088
1019
5957
3825
7864
2365
4782
9567
9362
2949
5053
4593
4863
901
8147
2174
4689
2246
7198
5076
339
9799
10575
6849
5650
8951
4398
6092
3508
4558
7935
456
2331
4568
900
1166
5986
4396
7288
6098
1957
7410
8111
2011
3072
1713
5017
5415
1502
4805
229
3520
1618
9975
7311
3403
7045
2687
4300
2496
7098
5801
8195
3884
10656
10269
468
3347
7599
9381
7969
9314
5864
3374
4259
7099
10001
9510
5124
3142
6989
5955
1606
6272
1996
5712
6232
10247
436
1726
5284
3945
6290
1450
600
4427
7937
1433
7658
6426
4006
3275
6883
6711
3889
3323
1457
4443
4893
2258
10673
493
6408
8084
8866
3959
5431
7997
2415
1145
5904
8826
8802
5380
6400
3088
8049
4468
4454
8790
1951
5120
427
3845
2915
666
1542
9636
5897
5273
4907
6974
6964
3424
9614
706
10601
8568
1414
7737
2968
536
481
489
9158
6044
8097
7990
8506
10398
9759
4217
4792
2601
9623
143
9653
454
8291
3133
10356
4076
1439
451
2262
2215
3380
10410
8580
610
974
8884
7654
9125
9136
1261
10367
6297
8780
3027
1616
2196
1441
8736
9052
4630
7477
4267
1383
417
1367
7020
2868
5028
1970
5617
8674
1170
9862
10708
2763
3978
3532
4638
2342
1321
593
713
2800
3170
1379
153
1859
3587
2561
10603
2656
6021
8543
8342
9587
10714
2052
4255
9316
8048
817
6839
8216
6774
4876
9937
9579
8962
2930
4880
4080
1879
8066
8161
7952
7856
7671
834
7757
1778
9132
3493
8546
6590
3807
7136
4770
9823
688
3941
5688
10552
789
505
8570
9992
8166
4512
7983
4090
735
4105
4134
9317
8719
5056
6996
2019
10630
50
6636
2026
10186
135
3416
9129
341
71
3241
2877
2945
10588
4486
8531
3530
6428
2185
3913
8221
308
9070
10289
7249
6206
3815
3250
3936
355
9612
2464
7347
2446
4849
5911
5649
4193
1376
1719
6691
3219
617
7178
2037
568
4669
1802
953
6379
6988
9555
4352
2792
7131
6463
7355
2770
7320
1297
7775
3534
8892
7429
7018
7951
8815
1991
2172
10401
3944
5872
3749
5223
7214
5457
6862
4635
2555
6238
7984
2060
8952
4982
10437
6934
5912
10389
7972
9039
3576
4244
4459
9318
9505
1698
2083
508
1169
4560
469
7015
5167
7651
4815
5374
6784
1251
6751
5004
1926
6949
639
9738
384
144
6580
7605
2895
4013
173
6041
4175
3461
3386
9165
795
8218
2626
6095
2259
10183
5293
7343
487
255
5397
117
338
4109
5759
6097
564
4015
1245
6285
2282
9680
3823
9900
5953
5232
3474
9366
276
2969
4266
5711
1470
5589
9075
3341
8120
6832
8843
3832
267
3946
2941
8484
107
4162
6786
6281
2405
10126
1033
3827
2393
1519
3644
7748
4182
9313
960
6605
1835
5748
7796
9592
9803
10125
8373
8988
9960
3502
9458
2075
5723
2682
1233
3561
4012
2380
3249
9137
10697
7225
616
1861
10632
7700
7151
5891
5868
874
4492
1728
366
8473
7294
8986
5247
6980
9072
3960
6500
787
8340
10709
3398
8672
6081
2513
1455
7124
9369
10605
7425
1045
10300
5095
9826
10297
3076
5835
9765
7191
9754
2132
9119
8290
4532
7227
3338
1660
2532
7902
9472
5693
2467
2289
5923
1789
5960
4238
7444
10223
5551
1230
10540
5443
5016
6396
8953
2963
9351
714
4655
8268
10569
9672
4664
5156
10472
8477
629
3745
10138
3256
8985
3812
5898
3589
6264
3448
4339
7373
5619
4539
6507
6887
9429
5549
3217
6220
10136
8595
8583
18
5560
7993
5684
6578
8822
4292
9618
10051
6326
4052
1760
8234
7275
4973
9853
7341
6528
9864
8464
6252
1078
2153
10341
5442
3414
9415
5722
3153
9764
7913
274
6836
8525
2739
5732
241
2154
6381
878
4461
185
2091
3660
3698
5243
3069
4213
3517
1910
8976
10083
7703
596
2689
3596
6857
10666
9742
10149
5406
8859
4553
6868
3740
1600
1079
1668
9096
848
1828
9001
3008
188
2224
9254
8193
7497
6262
4773
5498
9226
979
10674
942
1737
7002
4233
8266
9903
1193
8996
227
1562
3943
7695
8852
5679
8374
1293
6498
4654
2602
2677
5430
1936
6026
2936
9887
1300
3270
7741
3455
7152
790
10518
1744
5189
10278
1853
4286
4412
403
8255
8001
3513
1977
873
8839
6640
1827
4194
4152
4552
1536
4842
10544
9901
4668
6100
6848
954
8002
5312
94
4223
7008
10198
945
7087
806
3833
4132
151
3828
7360
2723
8545
1274
7858
1622
8904
5164
4037
985
6023
2742
651
9471
3594
4567
4252
9907
2837
10232
4200
9285
7841
5714
793
1669
9212
2547
5852
2727
4889
5687
1834
9123
4123
10290
10262
4168
8126
1845
10181
497
5701
5961
3685
2466
4947
3412
780
7308
10394
7518
5499
8696
8226
2627
2813
7932
4643
7170
6675
1723
10121
6880
6545
7017
2067
680
2921
9029
3668
1360
5565
1223
6468
6293
649
8026
10005
5757
6304
749
10031
1952
8053
9698
8399
9846
1888
3799
7262
8242
9097
2207
6864
6796
8799
4144
9330
10089
137
6175
7814
9650
5238
9946
5211
8478
9632
10665
10049
7034
10706
5228
9598
9312
3755
7437
640
906
9167
180
8860
10011
8038
10323
5079
4672
5990
8445
8628
5481
3608
2546
3869
2341
5471
4237
511
6750
10099
5816
5262
4381
677
8939
7180
10519
10452
9585
4706
1310
2193
105
4382
9557
9722
1735
4432
8620
8821
2097
2244
2920
4436
3553
8427
9489
9994
10190
4614
1507
6347
2326
8800
6341
386
5903
5839
7739
2736
2939
1984
4534
2873
6195
4476
2870
4391
1935
6076
6316
3291
3457
7893
10376
6908
9613
3983
8181
5793
5163
5103
4644
10457
1742
4983
6230
2563
345
2337
2473
8076
1673
8738
279
4911
8929
2498
4383
3705
529
2630
3100
4278
6051
4075
3998
9989
9627
786
7805
3305
10017
1844
1364
4498
2239
7380
3399
3542
4722
7116
860
1949
3846
8655
3718
4520
2836
1785
4575
415
6593
7896
847
7586
1371
10429
3344
7361
6388
9671
6970
4489
1972
1641
6775
9966
7500
4676
9016
5782
10188
8535
8057
9194
10467
9949
9480
2899
6402
809
4544
10199
2552
1942
1184
2699
1703
5639
10507
5597
10004
4513
3245
2035
6789
5269
5464
5324
9954
10336
5531
10699
5704
10484
10114
2390
2715
2352
2457
7758
4653
3202
2277
7379
9789
6553
4198
6368
8551
5676
10556
5057
3109
9770
1940
1086
1580
1913
5221
949
6504
3522
1630
7149
6799
2433
7958
142
3926
1378
7582
4043
1137
3977
841
10532
854
4411
1053
10462
10318
1110
8907
5135
1438
2522
2276
2851
8381
2399
4726
6124
5319
6923
10571
2230
3667
2622
8444
10496
7207
6821
10324
8947
3789
2515
6535
9790
10285
3119
4670
2633
7041
6639
8122
1299
4389
7992
6609
599
5455
2024
5268
6841
8804
1312
8364
5035
5107
799
10435
9060
3094
7589
1525
7274
1361
9340
7351
7166
10702
6780
9496
4582
4955
202
5862
3140
7154
6798
2176
1919
3836
8885
10411
10030
5623
194
9841
1564
5874
4720
2444
5363
76
10362
3606
8600
966
234
7899
7784
4338
5869
3818
3351
4078
9763
3696
7648
8114
10287
7681
6646
10344
7667
4717
2904
6492
1922
3037
1896
9387
6179
4828
3559
8671
10659
8693
5640
6422
3479
7073
6295
6029
7769
3372
6075
6621
3586
7022
6743
2922
5773
9473
4756
6415
7545
2805
5003
4814
4276
10624
4070
5490
1931
2335
1136
10359
4294
6005
7713
6374
7133
5727
5023
1462
5715
2597
619
3231
3717
4358
883
756
1792
3429
3365
9686
7344
133
5477
7491
5731
3633
9219
8304
9308
1934
242
6856
1004
711
9692
8235
5740
8431
1083
10581
4333
6829
8534
9874
8313
2349
7376
10340
9860
4609
670
1770
10508
4624
4457
8331
2018
1071
7195
8098
10091
1467
4525
3259
5277
5746
1396
4028
7189
6340
6059
8203
6406
6958
5182
7165
1023
2769
987
6127
2593
8539
6519
7440
9512
4026
934
9034
5229
6599
6019
16
836
1645
567
78
9435
7134
715
729
5543
5608
7090
8751
7904
4878
6971
5050
3028
2424
10210
7511
758
5385
2434
9261
7466
9791
1605
7550
7451
969
7079
2015
540
2822
9973
8359
1474
9386
8944
8250
6460
5787
1121
10124
1267
5254
5425
3763
732
10638
10157
4795
9264
423
9343
7046
6135
5856
3970
1298
4373
641
7081
4837
6913
10195
87
607
10335
4948
7581
9169
1531
342
8989
7891
3228
4836
7911
6079
4808
2429
4273
5305
10627
3210
5873
8801
761
4651
1154
4873
5248
8408
8721
7434
8504
2144
2266
3052
31
1007
9508
2902
6130
10509
6920
2910
8579
10242
7457
7157
6184
10488
8108
6748
5642
1639
10644
994
1512
5220
245
9376
537
6115
3658
239
9810
7263
5804
7728
6266
3315
915
4820
10169
6972
4597
1675
7795
2898
7670
592
779
8175
4448
8415
9569
7088
5896
3251
2669
3748
1060
2850
10135
7730
3039
3798
7013
1225
2596
5758
4402
9642
8369
2754
1099
7930
5400
9
8880
5072
3233
10251
3411
7823
3301
10107
1642
213
9663
9396
9430
4195
6045
10523
7849
10245
7382
9927
697
8027
1975
10179
8245
1591
4583
7839
5436
521
6273
8973
6794
7629
6470
10479
7642
5222
9902
2114
3949
3467
10085
9481
9064
4505
881
4659
6978
6006
6015
7723
5644
5460
10057
5451
9504
3866
1158
2604
6499
2768
8921
6727
6311
3569
941
7060
8283
7683
6150
7271
5625
2117
5068
3715
5136
8380
2534
2012
2525
3043
3821
10259
5791
8856
4409
4774
5987
7628
4214
5683
5201
1528
4938
656
6938
1858
10558
989
10687
8202
1458
5998
4400
871
4371
9229
5448
9400
10396
134
8786
2040
8411
2782
1821
4024
5665
7598
6067
7525
10006
2590
10257
5790
2908
2378
6608
110
10585
4908
4177
6102
6169
3095
2112
9331
3361
4696
1685
5632
4487
3138
6259
473
3147
5547
6219
3617
10050
4617
8165
8386
2104
9740
3719
3092
1757
2214
373
9761
10281
5300
7611
2074
1387
4485
5542
10
2203
8394
8467
3873
6139
3917
2696
10171
7036
9306
2970
103
442
3781
5290
5345
6031
6872
5318
6629
6080
170
3324
4229
8439
45
8192
2706
8132
9048
7441
7029
5199
55
1155
9273
2773
2106
1198
9188
2888
1463
10191
6782
9548
6060
5496
10075
8641
1241
4725
2118
8882
4367
2544
10415
7110
10646
7991
2950
8301
6180
1043
4477
10660
9617
2584
9191
1756
285
9223
6049
8681
10623
8113
482
7381
3125
3712
5928
7660
5841
7176
3591
8247
2033
2610
515
3782
395
2119
2123
1856
1236
9640
8528
679
8082
10610
7740
9930
4684
8992
4858
10538
4142
5582
4760
9348
2243
5535
7560
10028
1818
3353
3020
6050
3017
8035
2107
10502
1902
578
6465
9095
3159
7706
5962
3989
4829
9091
3802
7071
4091
9532
5412
6674
6537
5710
1840
1191
3841
3339
4377
7205
3927
6357
823
6199
3580
9689
9584
7907
10493
2273
5848
5624
7768
10244
6370
5126
6077
7702
4642
1102
6338
9114
8666
2938
9847
5429
9881
7821
5769
4230
6753
3956
8300
7565
10063
8278
5337
2785
4704
5719
10166
8854
7718
7179
8713
1466
49
2064
6088
8281
4785
5861
5387
7652
10384
4478
10390
10383
6977
6926
574
5151
1597
4458
5213
7819
764
5197
6404
1011
2505
7280
507
990
7397
7965
1599
9336
7337
9329
6337
1398
9368
9080
9410
7606
3947
2297
6066
5972
2260
1794
10691
8533
5892
6278
10007
1775
3784
4289
5966
3729
5006
1038
349
601
585
3178
2961
6853
3279
9233
2183
7978
3602
10333
986
2708
7431
2386
6099
6330
8706
8886
3154
638
9859
10216
9629
1676
2080
2189
3563
6986
8105
8316
5564
7303
1847
7132
8171
8803
10498
7726
6642
9066
7976
1930
9646
7859
654
8148
10358
3229
3431
1095
2435
5567
7980
5866
6225
8614
8983
7673
8670
2885
1803
9418
3634
7412
2336
8938
2859
6617
4803
9908
10130
5600
8458
7067
6151
3418
1581
816
10012
10204
3746
1355
3665
3683
9800
1356
3489
2047
9466
10703
5347
3096
9142
6990
5555
295
2991
924
9279
573
9247
572
9771
4360
6071
6581
54
452
1031
152
7577
1755
3701
4415
683
2030
4761
1278
7327
1964
3057
4307
9425
7708
4851
3864
5929
6891
7051
2834
474
2284
60
2073
8966
5844
10604
1894
6769
8125
4241
4998
3526
5216
3035
1128
2022
8217
9744
1594
916
6655
4247
6443
4098
7035
5756
6361
3325
6207
5696
1974
8360
6209
4010
2157
4823
9293
1265
9426
2195
1256
6513
7779
7354
5523
3541
13
7922
7524
9925
920
2098
3951
820
7631
8697
9656
4515
2427
5480
983
10246
7666
4141
1252
466
9379
3974
2639
6904
3777
9684
6362
6591
23
950
2943
10291
5235
6911
2165
9115
4817
3860
7549
9762
4845
2089
9450
9933
8061
10084
2229
10211
9025
4610
5188
8512
10145
6703
1289
7788
1088
6131
9529
3208
9401
6300
4128
5936
1401
10164
116
2491
4000
9985
5674
8502
1747
6961
6111
8703
10153
1373
10369
1359
9160
4187
6651
8865
2469
1240
4137
6296
7458
5541
2819
6696
411
9463
9081
51
7346
7942
4183
437
4545
5910
6376
7778
8761
8046
9899
9530
7881
7229
10103
8624
3021
5311
7870
1804
9283
252
2440
2343
7277
5367
4045
8488
9403
1573
10551
8205
5409
5465
637
4050
3224
6355
8403
7931
5815
5270
259
5895
7409
5332
3206
7485
3238
1242
7164
5378
3018
1147
8090
1694
1686
7236
7066
4710
6453
6217
6850
3676
7574
5174
4702
2752
8083
6502
7995
5908
1124
6735
48
9040
4721
4692
9542
6162
973
10686
561
6112
9522
1343
3177
2652
9837
9287
4254
2932
7063
8733
9154
10591
7432
660
2204
8063
8015
5663
9256
5339
5995
4667
1024
5301
4786
9036
1499
2636
10565
1715
7977
4437
9499
2334
1720
4972
5320
5043
5524
6665
7388
7401
7596
9972
5316
6667
8029
8409
6509
3613
2728
4033
171
1995
2749
396
5441
1452
4290
2151
4993
1226
9658
3840
9111
1958
296
3982
889
7602
3392
3456
5516
7226
1161
344
5675
1674
2618
3023
6325
9574
9363
10422
10553
6616
4283
2594
5421
5867
2351
4526
5510
9897
9894
681
9827
8024
9023
5613
727
1105
6561
9808
4594
4275
57
4322
807
2345
4362
2298
1631
6546
1035
5128
803
10406
5978
8286
4206
4279
1638
10404
6346
8223
6035
3145
8995
7956
7509
475
4671
2252
5176
1753
3939
8729
6414
5878
5585
3112
667
10385
4994
1678
6208
3367
4434
9062
7767
7484
9991
10221
3242
7640
2322
5857
1574
8240
4298
7615
8267
393
1663
1711
755
6424
6335
7148
7411
7665
3706
9249
7684
8783
8479
2430
725
5959
1587
3031
8605
5860
1661
4855
2233
6216
2897
6270
5532
1020
9465
4603
2406
9003
1772
28
6680
1084
4208
8829
2339
7610
10180
3230
7719
2395
9406
6602
669
10527
7733
5473
9360
1002
4912
9727
6641
4753
4405
6108
2587
7556
1780
5297
8740
3568
4114
6804
4898
10022
1437
6352
751
5059
3921
6881
1550
6861
9990
1420
1342
1283
682
4309
10059
948
2303
10228
624
4418
2860
3816
6442
4979
4059
1302
4958
5575
4099
2985
4665
2778
3688
5671
2951
8265
1156
4816
5794
2478
1496
1584
5981
6759
3047
10193
9720
9215
4401
1326
9143
5853
8287
929
4978
1177
510
6084
3232
5594
7356
2354
1012
6808
3636
8748
9093
2032
4095
5417
1619
10524
8405
2751
8146
2076
3218
1985
1304
4008
4656
3166
7338
1947
6382
7078
7554
1318
10013
4063
2079
6168
2021
2008
6956
303
3934
2402
5631
5937
7359
5101
10409
4518
9172
4406
6036
2245
5061
1700
1357
1435
9490
2776
9682
3336
8118
918
10156
5583
3847
9289
1963
5150
6172
4463
4084
9934
3391
193
127
5884
5755
7264
10584
6462
1721
8034
6833
5652
4681
1336
2717
10255
392
7517
4433
3340
8194
2598
4094
5931
6532
1109
5283
9004
5010
6536
8560
6521
2925
1797
4662
8143
6935
10218
3196
9615
1047
9982
6082
7260
9082
2511
10108
3791
5037
8871
5286
3750
3158
5626
6634
6943
9141
9588
8651
10205
2085
4326
10294
7885
3185
5462
8753
1774
6282
7301
1883
894
9291
9498
9019
6601
4631
3492
9190
8875
8503
7331
7285
4886
4928
7738
7608
3549
2222
5970
6171
486
8942
4888
4473
3320
10700
7975
3948
3481
408
6367
10043
9969
4975
9220
3550
10461
1579
886
6822
5165
7072
2588
9573
3639
3979
4764
2216
5343
8179
9838
6119
1268
6109
5226
4640
8653
4821
2947
3744
284
5988
9600
8847
6994
6191
8468
7653
1629
9157
2493
9099
7495
8755
9654
5303
1013
7680
2350
9536
7773
5239
1851
5177
3590
3289
7515
3161
9710
4345
9325
1649
4007
3810
1497
3122
2912
5142
2371
8812
3260
1451
7536
8075
1640
4661
10580
9540
3803
9470
7141
9110
2809
1478
4818
1643
6286
8688
4145
1281
5466
2967
10293
6611
9533
7761
6339
9873
10606
8710
6874
3453
3527
4380
9433
2830
7588
10254
6188
6350
9637
6668
2533
6508
7402
10368
10283
10034
4029
2923
4693
8099
5420
1889
8712
9228
2826
10217
7860
3507
1628
2640
6366
2709
1842
7100
109
3690
230
2369
4557
1904
1882
8102
1027
6298
8687
10628
4963
3808
7107
2982
1220
5428
9182
6954
7507
7576
8121
707
1541
10428
8346
1504
10161
3337
5329
7892
8795
2528
8682
771
8206
5217
2063
5563
10676
7386
5256
8606
8864
4809
266
485
6249
3294
7167
9128
1906
1353
9446
5116
9192
6622
911
5859
3874
8615
8675
4741
7954
5515
2095
9939
7617
8577
9756
9786
10194
1199
2664
10338
8043
10440
716
3081
5703
1279
2384
5885
3609
1716
9683
6873
8831
7428
5366
7505
4060
9525
88
2791
8212
4365
1055
9951
6524
8980
8778
6284
3293
10310
307
5334
4293
7645
6927
7815
4138
869
7305
3865
2485
10564
1704
290
2654
6275
2613
1808
4740
5171
6042
4101
7833
8888
7302
6012
1041
280
10517
4652
645
8077
4065
3601
2007
9482
3779
6658
9524
1143
8107
3342
7668
7325
7299
548
3831
4775
4353
8723
321
4834
9321
500
9664
6689
10478
5736
2312
3772
9578
7846
6656
6603
6506
5040
5328
9416
7279
9405
1349
9209
2824
6001
2178
6902
772
5112
8260
8239
4519
5999
3822
3842
4507
6779
2501
4403
7813
3134
4510
3139
5749
908
6541
4772
5836
3397
7467
10132
4974
3155
9173
6648
9112
6043
5042
8353
8903
3343
4179
8963
7276
7362
9120
1227
5894
4474
10480
104
9953
9890
8400
9785
746
8466
10086
8200
1824
4064
6526
2102
7265
10307
1116
10098
199
9015
4690
7776
6587
457
6600
5776
7756
1295
9087
4555
9988
4456
3011
8448
9779
7329
885
604
1556
8556
9674
5939
8050
3360
7633
8541
2953
433
2786
9417
10530
8178
7711
699
1204
8416
6261
10490
9858
3786
2197
6929
1526
7306
8451
2129
9560
9920
1436
3034
10365
10236
3581
4158
4527
10560
4160
8782
8709
1126
59
7616
3022
1915
2510
5212
4102
5636
9295
1843
7894
595
4429
959
6932
7054
597
4632
2797
9068
6094
6054
828
2451
7918
7715
5888
3383
9218
3689
3393
1132
4288
1899
9346
7519
4931
7979
10113
5166
4399
961
4308
1248
8686
6121
4465
4484
7936
4984
538
6563
10271
7941
8091
7009
1938
10619
1544
8604
6292
210
2750
9211
580
6660
7004
736
4922
9442
2933
5695
91
9929
6089
4537
53
648
7947
9265
9100
10015
1180
2237
3790
4428
4877
2045
9891
9020
4502
7685
7601
6695
747
8647
5371
7278
6838
3899
1486
4269
8325
8094
3852
4872
10400
8673
1176
8851
9865
10486
4987
2854
4711
293
7697
7709
9735
792
7790
3116
2494
6423
10258
6550
7239
8760
1687
992
4523
1950
3793
8679
7943
8691
1702
8945
6645
1961
2838
1820
1188
4546
927
3062
6518
7413
6317
3853
2858
6823
2034
2614
4680
3677
7473
6725
9595
6739
10039
2180
7442
9292
4768
7140
302
4253
8547
9616
5433
5572
921
1461
8958
10304
4571
6551
2281
10617
4424
6
33
2227
5242
6345
925
3197
7273
9493
5657
3585
2474
8834
2182
162
1868
9794
2465
5494
1576
2958
2234
5974
6734
9206
1625
2701
6899
10664
6312
6437
282
5964
7812
2712
353
10239
3203
2911
1648
5395
1593
5818
8354
877
5327
8853
8005
7113
8446
8850
5539
1557
3312
160
6417
919
387
106
2364
8932
570
2039
1900
3504
7735
5369
10572
4561
6221
2671
1213
762
6585
3188
695
8191
3678
3277
634
3674
3442
3346
526
6373
9503
4748
1444
5033
739
9441
8649
10598
1914
5099
4363
9687
5672
187
2218
10477
6791
3891
5559
7832
6251
547
268
8155
5487
7494
3437
1063
8037
5260
6327
371
5382
6586
7436
9189
9677
2853
8227
10475
5902
7475
8648
6487
5416
5020
1056
7357
8476
5833
3167
8970
3261
66
10334
8424
8954
9055
2956
5648
1487
6936
7534
184
10235
6310
8395
4709
2453
5875
7923
611
9107
6501
909
988
1388
8538
6299
4793
9144
9668
9737
5528
2320
9941
2672
1244
1831
4304
1022
4034
7591
7917
10158
4416
3093
7571
3268
7103
2500
8156
9970
2059
2081
5838
8893
2629
4533
3041
5737
1513
6706
4781
9032
9185
3209
4284
3940
5580
2673
3618
4990
1683
3313
2679
6516
10597
1516
1377
10559
8900
1410
9607
1146
4256
750
1838
9422
9010
7985
3042
3171
9365
2135
8785
238
7468
9301
2512
5054
6834
1836
1317
9961
1667
3700
1807
5236
6638
10110
7208
7900
287
763
9462
7762
3912
2891
3273
128
10620
4733
10364
6438
757
2589
3091
504
2422
5310
1423
861
270
7634
10692
2396
10272
6449
8659
1909
9241
4493
9535
4420
5576
8662
5154
3152
9708
6569
5145
10069
4917
7014
7108
10261
3073
9528
6721
5257
3077
6760
8129
5253
4285
8299
8279
4862
657
6245
7471
9626
6720
5709
4480
9033
8014
7003
1107
4150
5064
7594
2823
9758
8471
4088
10279
7488
6900
5887
3179
1157
1130
240
3814
1427
4626
8516
9397
3761
1402
2016
8667
3404
1607
5489
4650
2979
3369
7298
7803
3604
380
181
123
1066
8116
4397
6952
8818
10593
5501
3900
6104
5083
8318
968
6331
928
8270
1479
7705
5779
2919
1485
4302
6800
5359
334
7934
3876
3303
4317
9713
1059
4361
5909
8950
554
8440
7156
8056
9453
7242
6348
9983
7868
10482
4547
6105
879
6160
9577
5690
9326
3911
10109
6816
1911
3172
3616
3720
2918
9551
9943
8772
2459
148
8537
1337
6052
509
9225
4040
5544
10167
5355
9008
6136
5753
4023
5007
3308
8332
10355
7607
9284
8328
10256
10639
3652
2774
4840
7490
579
3295
7498
5577
1501
7747
1634
3286
8957
3434
7970
10095
5871
4514
6063
5635
674
8378
2392
9700
6559
10382
10131
7233
6056
1125
6457
7764
2765
7010
1229
2479
9069
3435
2044
1746
10080
7316
8564
7532
2892
5461
4305
964
10615
5157
10165
4104
2621
1239
6483
9591
2948
10243
9263
10539
5849
5121
3544
1943
1518
10061
9053
1627
4357
8596
8920
4181
5210
10587
3955
146
9421
398
4612
1917
9184
9537
314
2579
5720
9145
356
6867
9889
9152
3
10273
9506
5402
326
5763
3792
659
8033
6107
10354
336
5244
2272
367
2445
6322
8414
1530
3666
1173
3610
6765
2647
1138
1287
330
1285
8918
5360
3919
9516
7513
9635
2878
458
9597
9109
6229
3292
4935
10170
10441
9452
4122
9478
10430
8940
872
3533
4622
3708
10208
7939
3703
8472
8276
10339
9836
3487
2549
3950
1521
2691
114
594
7246
2882
6364
8711
1418
3150
6669
4343
1187
5454
8727
5184
6204
3449
10327
7224
335
8587
6482
9134
7350
6567
1325
7369
3364
870
9712
8561
9353
8926
7077
5266
3506
6960
7840
4566
4125
10343
4054
5186
2695
8274
4413
9309
7704
9676
7261
6271
3952
2591
4850
5276
6547
1921
8068
9408
6781
2166
5656
2288
3378
2261
4258
612
4311
3806
2788
5681
759
6068
6236
9350
9324
9818
752
6279
1120
9958
8498
6250
1469
7389
1363
6103
10252
416
5326
6181
164
4602
1939
814
2208
4262
1885
5569
4280
3410
5298
1276
197
3961
753
9606
3025
2055
8018
1791
7243
4767
8923
7286
6240
8523
6474
6022
3235
1758
7255
684
1602
10032
1506
3024
8566
8981
2175
3090
9523
24
9432
6886
822
3638
4036
10192
1028
10342
6897
3536
6963
10082
8906
478
8891
6895
2120
7920
2124
10640
405
6742
4085
7906
4956
9912
7487
2160
1269
5677
6378
4619
3128
3739
10399
8576
4780
4393
8819
10515
419
2530
4674
850
4718
5562
6125
3274
3288
1454
4649
1608
1346
784
4466
1288
1040
236
9795
523
9151
6329
5761
401
2407
4215
10060
1635
9752
3992
6653
8960
4469
1903
2323
8117
1179
4467
6410
9880
10525
2236
1197
6418
3149
7106
1734
9086
6053
4506
3379
4949
4744
4750
10035
424
1001
38
4874
5881
3659
140
8768
614
3566
9354
7547
6242
5659
6359
3562
5376
10474
4370
6946
3582
5344
8489
10500
10416
5521
8311
3226
4896
2332
4790
7593
7210
2110
3450
8442
7809
2058
3329
1670
7999
1209
9717
6434
10447
7960
10494
2907
3957
4161
2046
6903
8159
2443
7021
2585
933
4554
5190
1277
7219
8422
3335
6826
937
8536
3972
8741
768
3985
3135
9133
1595
1026
522
7358
9561
4355
8571
3214
1971
1117
6885
10361
1178
4369
8912
9648
4207
141
3573
5285
265
6439
1431
6387
100
978
1459
9513
9813
2158
352
3357
10531
4072
428
6237
1202
4002
7403
7572
1929
3299
2766
791
7065
10230
10042
4174
905
7643
10263
981
4058
1037
8041
1142
1217
6069
120
6440
1498
9427
3709
4747
7720
196
3013
1382
9518
10345
7847
9596
3430
8725
4079
3887
9044
1777
1316
9298
6745
2983
8734
2122
3885
9319
6244
1577
2205
912
9768
5018
10533
9924
6815
4687
6672
1311
5022
2101
37
7449
2179
6830
7551
5131
7058
8153
8069
8220
999
8232
9159
5907
6062
483
8145
2531
3269
9383
8526
1036
3051
1514
3183
6520
6493
6461
2818
9568
7307
2721
4328
5241
4189
1745
2874
1527
1384
7091
8243
5005
4559
2720
8509
5821
4992
8334
9084
5039
8295
6840
3318
2574
8500
4077
3385
2255
7619
7378
4318
4589
8811
7291
1094
7394
2702
10231
9971
6950
4359
5440
3931
9601
409
5117
7024
8330
3775
4606
5047
7579
9866
6690
4503
10684
8418
5557
6615
4004
4364
980
6429
4190
2025
5742
399
2490
10487
219
8030
2855
3331
6427
8186
9957
4027
4765
9645
5073
6475
4738
4794
9414
3389
4742
2675
5478
7415
8869
5325
9328
5548
5603
2812
6447
1543
8319
1855
6731
10521
6430
951
10679
1405
8109
5863
7964
8594
299
8460
9117
6969
9950
7130
6914
3356
6966
7802
3942
10352
5536
9253
10408
7443
8149
3987
3494
6817
5989
2139
5942
9076
9884
5215
9718
8361
8307
9163
62
665
6948
5797
10146
10439
7948
2221
6128
8941
9296
9000
5123
1400
4584
5519
2275
1677
90
4048
3475
1850
1064
9245
1249
3883
506
2890
7592
6588
7094
4299
8443
8067
3751
2414
4914
9121
2108
4663
7963
2616
10609
6788
1690
3629
1008
2735
2099
8717
4268
7506
8665
3164
6365
2270
685
6197
4799
8078
201
4511
5181
7059
6955
10224
5935
551
6554
6595
6091
6277
5162
10238
5424
6918
3684
10067
4212
6776
8716
5231
8550
5140
566
9454
1762
4843
2631
3044
8894
518
7625
8638
9440
8134
6183
9063
575
955
348
3280
2169
5275
1549
8423
4802
2692
17
8011
7566
9622
926
5058
7731
1468
1386
9729
2705
10621
6392
2516
10229
9521
5792
10058
1767
1338
3321
8700
6598
7330
3675
3148
7138
448
256
3082
7535
7674
7349
6394
8486
1150
6991
3276
5730
2781
9244
5390
7886
7128
10346
6484
4921
1049
2219
179
853
1854
944
4296
7455
6582
5208
3924
760
8190
3623
5948
6968
10101
10613
5556
3811
10680
8441
1771
8837
876
10595
6214
590
2417
10377
9201
10483
8229
5745
9138
7256
8838
10506
9998
4225
2462
7111
10305
225
553
9655
6343
8746
10117
7559
9703
261
2503
2755
3120
10154
2363
6628
976
3443
8404
4197
5634
6692
1819
10225
5886
7669
7109
9323
9501
3175
5993
2307
8277
10576
8540
8897
3854
8420
8532
2287
9603
6777
3538
5393
9905
6811
445
2452
6523
5070
9976
8184
2833
10492
2658
4881
2879
843
6256
5622
7289
5842
4910
2713
2799
6380
8273
8949
3862
7853
6491
9464
2839
3971
8355
2645
4569
6198
3106
318
5513
6145
10112
6024
2094
3598
1000
8060
3244
9491
6313
5795
4199
6890
3548
2944
7801
6409
4107
8518
2319
1048
6596
4315
2398
8391
4729
7211
6860
5643
7693
767
9127
6953
10010
1787
3174
2201
5014
6542
3895
7744
9583
801
4450
9854
6258
9345
5621
6805
3571
1212
6265
5152
5082
7448
3227
2499
7085
8375
6544
5125
8158
2192
1866
10643
10529
5413
1093
10241
77
3067
8857
175
2507
6722
5288
6360
9367
2480
10444
7508
8144
207
530
85
3588
168
4272
887
4017
7050
298
9685
3001
312
4903
1788
4171
3066
1294
1118
9494
4901
10433
10143
174
1578
4491
9372
6828
5806
3169
4086
2373
2611
10292
9721
7603
5721
7933
4621
9726
3914
8724
2048
5805
4529
5249
6510
10443
4848
4452
9944
5775
6321
1590
3870
7400
7395
8430
8004
1421
6455
7553
10123
833
3734
2441
1664
3036
6419
2475
7496
5812
864
4334
7676
2401
2028
2232
5822
10137
9711
7501
4825
6736
5025
9666
6975
4127
7390
1464
8599
770
2269
4126
5855
3933
7122
5179
3137
4951
620
5423
5491
5063
9269
1524
4940
5820
6573
8809
6166
2057
8044
1222
5483
5686
3756
2821
10720
488
8256
6685
277
2324
6819
7019
2338
10370
2718
10701
8000
10419
2379
9139
1710
7632
10645
6746
4188
858
9999
6613
10115
224
8059
4869
2917
10622
3123
9243
9641
5628
5661
6212
9565
10151
4203
6787
10037
3844
8412
2557
9168
3309
4714
3820
10512
3809
9546
5354
3447
8806
9798
165
7095
6863
7283
7447
9198
7096
4431
9038
4988
2520
159
3525
6148
5726
7590
2707
7620
3029
2903
102
4261
10319
9492
5474
3599
3967
5780
3640
631
10685
6987
5968
8663
5754
1537
1862
8401
6876
2881
2844
8511
6141
3916
10160
4130
3681
5529
7785
4325
8392
9705
5138
5950
503
5611
67
8367
1693
5808
1167
8198
7319
5858
10717
967
9207
4666
5133
10074
9639
3198
7499
3330
9714
7039
2304
9731
9593
1392
7159
2846
3731
9208
2756
4810
2311
6072
1887
5295
8085
7044
8455
5508
4218
2760
2553
10163
1933
9527
7377
3083
10402
7469
6192
5219
5139
2653
10276
4844
5952
4995
7677
7016
7986
2017
10078
4673
1764
9199
6666
9782
7478
4057
4163
6921
10513
4894
9875
7510
9079
8982
5785
9840
9391
4573
9449
5230
44
5379
8327
9009
10465
1009
6363
1282
1783
5637
155
1841
2566
426
5837
7865
7188
5479
5105
9290
6314
3247
7290
10079
8750
6494
7399
8187
2724
2206
4041
4902
3460
3400
9434
10206
1615
9783
7973
9239
9390
7068
9105
7258
745
3223
5358
5901
7454
3098
400
2867
2686
1731
9955
157
7530
3302
2952
1823
2657
7694
8413
6552
6754
3521
7062
258
9232
7968
6142
5985
7878
589
6973
6061
5705
7679
10380
6744
5604
463
379
4220
4500
6377
2747
3929
4887
10350
1751
5240
9224
10625
5991
1480
5865
4035
693
6383
3797
7364
6793
535
8636
690
5317
1015
9057
10234
7345
10073
6302
450
10514
5602
6630
9932
10003
8456
3409
3495
6985
5364
9892
6852
3722
2514
5591
7173
9305
5767
9716
1135
1997
10219
10451
1846
5771
3880
1650
8689
5122
1712
4864
9948
9311
9997
8308
7752
676
1016
6697
671
7055
2817
9051
9610
6740
9543
2801
4337
5146
3048
86
6837
9769
705
2641
10150
1231
9303
5485
205
3993
569
10201
1946
3619
2502
281
6189
5916
402
7857
7925
2685
8867
39
3669
3105
9347
9883
1052
6915
5046
4601
866
4185
9002
6931
435
9445
8640
3004
8210
5071
7688
6619
6017
2743
7238
9413
4592
9558
9035
2784
204
6877
10002
4977
6584
1341
830
1090
3625
8072
2113
4752
6843
7187
309
9090
269
2842
776
10048
3997
10696
1982
9638
3621
794
2929
6762
8047
1103
1682
3087
8646
233
5965
8928
2264
10582
1966
6825
10282
6202
5700
8499
4312
4891
5255
4499
10215
161
1979
1183
9634
2300
8244
2787
5306
362
8289
8798
5085
4265
8964
8051
381
264
4509
7040
7867
7112
10501
1412
5183
8490
2167
9562
8384
5772
4952
2993
3554
1108
10590
7453
2344
3794
10655
6000
7102
7988
6328
4884
2141
1488
8619
1101
6505
9906
4686
6525
3089
6572
5437
7883
630
2843
8168
6884
8003
4996
8704
5921
4967
3584
9604
2242
3054
9995
9619
5747
9659
3121
8732
6239
2471
1988
6332
5651
963
1945
7514
5173
5976
5811
1566
3918
7318
3730
1014
9181
6201
8219
6747
5323
10412
6344
10021
6803
7850
8584
10578
3650
6009
2082
8844
6070
1701
10373
3181
7030
7523
9805
5205
4615
5854
8453
8062
7998
9370
3237
5468
4899
5029
7433
4042
10449
5027
7961
7314
7749
5349
8259
5148
9570
2558
5716
8264
3645
115
520
390
5851
9974
7898
9357
10456
1863
1826
2329
8071
3078
2506
8055
9832
9027
1533
10562
7115
8613
6942
8322
8298
4157
4909
2529
8432
10629
1391
8654
6859
1707
2869
2729
7520
10455
7646
1255
9180
3672
855
3529
9996
2977
2651
2989
250
2010
837
4222
10468
7829
4838
3272
5129
9307
4320
2913
6893
9850
2934
842
10543
2648
3630
3220
5488
2143
7353
1548
208
7880
8010
4531
2142
4811
8379
6123
9923
1876
9647
3296
8288
9945
5537
8163
5778
1029
243
9552
8718
8028
10541
1494
7215
10495
748
2790
1327
2663
378
5264
2383
3879
118
3649
7240
484
3759
347
1561
8320
9106
2802
9625
2184
3565
8341
5669
4216
7971
7533
3014
9715
3514
1123
8881
4926
9384
8642
8739
8522
6992
8261
2325
5394
7962
7053
9234
8643
2628
2562
4564
4708
3388
3560
2333
8623
818
6941
10133
6878
1273
4579
459
4691
1165
9065
9962
176
8698
4167
5194
8887
9661
7312
5036
8302
6533
4989
1869
8901
5831
605
4282
1352
1805
6951
7512
10296
4113
3653
7438
2043
1399
5977
9204
8180
1994
7310
2862
8937
7657
6226
9349
7914
1122
3995
7982
10636
3691
4882
3624
8385
8705
7237
10000
5032
495
1104
8991
2001
3469
6002
3234
10249
5807
826
2928
6693
10315
8977
9843
8352
9108
2984
4549
546
4779
7811
6114
1168
2567
602
10090
8971
139
4585
382
8140
9028
3881
9497
7710
5899
5304
8680
4488
6210
3194
8253
10413
4490
8744
10360
6395
1954
169
9271
3892
2299
8176
2643
3190
10266
1696
8877
6965
297
9745
9693
3968
7143
10040
3189
6093
3558
6709
8598
7206
6562
7043
9877
2042
4633
4604
5971
8483
859
652
8745
360
5819
3679
2418
5764
502
1070
2606
4522
7828
1058
438
2361
1752
1517
10573
9651
6997
7765
195
8863
3839
1082
9984
9724
8574
1286
2703
3966
2526
3671
4342
7516
7624
4442
1646
3371
4618
7026
1270
6756
7604
2492
6866
9479
1809
7048
3127
1112
3060
4341
491
4831
9210
2487
9394
7503
8519
3687
10096
3575
5525
6870
10651
2564
9488
5075
449
6193
8141
10489
5308
1381
8054
4051
4826
9776
3488
10212
6405
7203
4591
914
294
9395
7910
7845
7800
8016
4897
2748
1871
3551
320
10526
3003
2403
479
1893
7792
477
461
4001
2250
6113
3867
7080
4291
6631
2156
5108
4737
4009
3938
7569
2127
2716
9171
10203
1200
995
10546
998
7838
10054
8720
8967
7787
6454
8872
3528
3071
4562
2412
1046
4648
7866
2128
9662
4933
1684
7439
278
7464
9928
6132
5361
975
5321
5668
1837
2150
1262
1151
6557
9147
8669
7746
9205
1203
9333
1658
8514
9282
2
8333
214
5777
2674
7104
4020
9179
3258
7257
6871
609
10106
2442
4724
1718
2816
4572
8450
7244
2031
9375
9879
1918
3129
421
7808
7287
5956
2137
5697
434
72
6319
775
3298
9575
2488
2005
8470
4980
2733
2086
2931
2543
4932
7328
2309
4346
47
2527
5925
7335
2864
8998
10417
5817
2225
9667
7570
2815
9824
8496
8211
608
6010
9196
3501
3491
710
1998
7538
1626
10372
154
3432
6223
5399
10274
2670
9885
698
4119
3898
5930
7047
10550
3699
5267
7760
1334
5143
5031
7905
7465
10071
2518
304
3104
10306
6435
4755
5610
7780
4425
6529
1603
10491
6458
1610
10046
2376
3778
4172
7101
3537
3061
10607
167
845
189
1654
9304
7777
1538
9358
2125
9140
4595
8363
1195
6845
1891
720
9130
5214
3829
10694
1724
9817
8402
4596
7529
8136
12
7751
8714
6397
3440
7763
5607
6065
1192
2880
7882
7869
1003
8656
1453
3546
7317
4306
4524
3984
3757
9277
8074
8189
7887
7945
4140
2306
10616
1992
7476
2650
1354
10038
741
5272
2573
6889
5351
6389
4131
6472
6564
633
4019
10066
10681
3856
9732
8635
3647
3470
3986
4231
6288
804
6149
8323
3758
6386
541
3976
6663
3192
1822
2521
3387
5051
4246
6497
6018
7573
9444
10579
9733
587
9868
343
10024
1207
6662
5224
7953
4712
4270
7874
351
8554
7201
1633
2450
10321
4657
149
3285
4239
3973
1647
9694
2619
10120
2054
6351
420
10388
3030
9021
9987
2136
9556
7385
4576
2999
8896
1134
3893
2662
9697
4155
2267
6243
9483
3894
555
4969
9054
9049
1695
432
2976
6916
145
2861
9341
1503
571
7835
1081
2828
2827
8553
7212
935
5207
6011
2634
1034
4121
4264
5570
2133
6729
7031
3988
2642
9022
5940
10635
4856
10712
7843
6008
9102
9723
5377
4204
3861
4936
4445
6083
5459
9888
7770
5289
1005
5407
10405
8544
7585
3373
1350
7890
8916
3632
3780
9921
8890
6625
10511
10653
1185
136
5192
8588
5500
1092
6393
10704
5330
635
3317
513
1340
2779
958
10311
3890
1039
6248
5458
5313
10044
1021
7521
2905
5906
8009
6778
10633
5309
305
5973
9777
2210
9834
3858
5629
5446
8789
9176
2975
2887
6620
375
678
9183
8196
4166
5015
10537
2003
8931
3695
8213
6901
7567
2077
5356
8841
8397
8031
3496
9804
7125
5810
1291
1368
664
4854
653
3444
2889
3348
2211
7300
2456
4895
6809
1754
6324
172
6699
2265
1077
237
7834
6033
8139
4139
9460
9310
4143
9302
3026
9620
8436
3543
8707
5579
4920
8248
10264
2014
7862
7370
10371
2916
3834
1806
8552
560
5187
3009
3545
8914
1196
3480
7483
10391
838
5169
9774
8199
4281
8130
4918
8326
3322
4625
5147
3307
1495
262
9563
4453
7387
300
1210
9760
5472
4210
1575
9942
8337
3922
7446
1243
3694
8169
7005
3654
1708
9870
2866
9845
4025
5765
2408
10299
1505
2348
6624
6116
3319
413
565
9332
1596
5026
1672
3535
897
2990
6137
6078
9797
10654
6294
96
7940
4658
4719
9814
4900
8565
10326
8172
2346
6375
10353
5728
7160
7844
4350
1221
1609
2431
539
6203
2223
7235
3156
10423
8258
3252
5924
598
4111
6654
1303
10662
34
8959
10182
10454
2483
2387
3006
6999
4613
4151
6607
1305
6372
10104
2000
884
9356
3132
2586
3213
8012
7074
8495
2688
9255
7245
8214
3686
6687
1211
9438
4822
7732
2966
723
9050
10661
5137
138
1759
6090
9088
10557
2789
9581
6846
7622
6912
9094
5052
6768
4728
3843
288
5590
7209
1733
8350
1637
10277
9174
10317
2541
1131
9611
222
1148
6233
190
7687
9274
5467
6466
5013
7199
5002
2023
8197
8335
2290
8344
7637
2213
3620
4097
10476
4106
1706
3045
2954
126
9272
5426
1358
9550
9631
6158
687
10141
5202
2848
4677
2291
8794
3642
333
5680
4757
8306
3796
7052
7504
6571
3693
9801
4011
7548
2581
4806
63
2796
1456
7584
6618
480
9047
263
1620
2188
5302
3462
2164
4960
1500
3421
4404
2198
7234
7872
323
5449
10019
1290
3547
3000
9910
6922
9967
5920
2190
1563
3199
8548
2116
6303
6064
6211
6944
10458
4578
4003
470
6984
8883
2523
3146
2992
4776
1923
5087
1313
211
8873
2004
6555
8902
10142
3010
9299
4743
1430
2607
603
3736
3124
5411
10308
6910
9436
1394
3510
5752
7727
3195
10070
9161
9831
2623
742
6713
4796
5401
7232
2437
6306
9520
359
8459
1699
2238
5735
9895
10033
7950
623
7118
2155
3497
4713
9116
7946
7153
10140
1520
6234
7368
3788
3287
893
977
766
476
1284
2310
1258
7414
658
9748
1725
3555
6979
8461
6117
5055
8081
8756
3657
1482
5353
9177
5119
3246
9334
10395
92
5336
331
5706
9739
10442
10018
1832
3452
2845
2987
7231
4636
9101
1443
5261
322
10093
808
9262
1714
7266
7989
354
9728
7184
346
1182
2460
9187
1999
3111
1206
3592
1201
9059
3769
2759
7926
8100
5352
4110
5497
6190
10554
8639
6086
1765
8993
5664
10081
6726
549
6761
1422
6241
1069
7427
1237
1532
10545
3697
5111
4629
4517
8174
3595
4071
6575
4
3774
6187
3868
4249
7848
9602
6159
5193
9393
8559
7194
6446
8781
3711
10128
3207
8842
956
7580
7309
1666
1460
533
9767
3990
9231
1089
8463
10614
5803
6469
797
5587
1407
4688
4746
5655
8419
10155
10698
8797
7185
9222
1477
1260
5666
2285
1736
8631
8093
5951
7575
6213
3310
9605
3503
9630
5180
7472
4798
9156
9089
4462
1205
4959
9965
9649
4813
7333
10209
2278
9628
6614
730
4892
8508
6385
7903
8497
4209
7675
2560
3165
1322
2872
2959
5708
2661
8925
4699
982
10570
3064
406
5667
1738
2293
2002
9812
6683
4605
4327
7139
7423
5967
591
9361
7895
613
5947
2646
6659
7810
4945
2605
8956
5877
2542
5081
7916
8407
1323
9938
528
4682
3680
5370
5847
4542
7544
10542
2484
22
4778
1730
5405
1018
394
2744
6416
10450
1085
79
8735
9475
6702
4136
1739
5019
369
3079
8592
1508
4250
1968
3297
6431
6254
6235
6315
310
5533
6268
7435
3851
10448
1129
3795
5685
2540
7342
4600
835
6253
291
9576
2973
10268
7352
2577
917
1374
4727
8911
6757
3311
7618
4047
2545
819
4950
4536
7396
9455
1351
8112
7070
5876
765
319
9443
3032
56
5814
5504
3855
2327
2470
586
6058
10072
4800
5118
5760
10248
1623
3776
832
3906
5954
9747
6570
4235
1779
2283
3524
7197
6305
2368
332
10177
404
2315
4455
9511
4905
4356
2997
5287
8908
5511
2404
9952
251
10647
4471
5800
7655
7824
8861
9914
5934
15
1235
2200
10536
3785
9981
8930
1186
6308
2066
882
7142
5983
646
1345
8396
9502
1050
4438
4841
3710
3920
519
4379
7459
2314
177
2411
313
7127
3713
10366
3059
4946
7766
8758
5422
2719
3271
5475
2286
10014
7542
7659
7456
7641
2126
2820
6228
6448
10549
4224
4871
7038
4927
7798
8285
5550
1586
7408
6514
1113
8433
5827
1860
1545
5813
3108
1776
2871
8787
3267
6146
4245
7772
2413
6174
4169
2070
7623
8228
7630
3490
4394
10397
4351
2926
6138
5198
6858
206
4827
4859
9235
5419
3499
8347
4016
10202
1570
8769
7781
1403
9058
5512
3878
3505
5530
4219
1867
516
3263
5584
3053
1825
5943
1100
9977
9275
5048
7254
4707
7661
10233
5094
3384
4419
9780
3902
9012
4049
10147
6704
8567
3473
2536
4961
2020
2187
257
6708
8677
9872
10418
4430
3593
8124
8796
6606
9657
2109
8515
1301
4735
1705
6349
8779
9793
5011
10270
7919
2093
10122
4423
3964
10226
10027
8410
5109
27
5307
777
6016
5110
3451
5069
1743
8771
231
1768
6185
2149
9848
7252
7818
260
4087
6688
471
5786
8045
7656
6717
1232
6812
7526
6471
2454
9484
2667
