1969
1915
4191
6821
1931
4310
1802
10452
3788
4298
7420
507
181
9628
1777
2253
3360
4895
9666
7864
2683
9790
8477
10221
1152
3437
641
6693
794
9941
6562
7614
6259
10160
6982
374
6201
4076
3057
6282
601
3481
8704
2945
4875
3033
1813
10308
5621
737
2519
9438
9364
231
8384
6664
7061
2590
1543
4426
1285
2116
4729
3945
8803
4272
9938
2115
1175
7348
2792
10283
5375
7198
536
295
1661
6218
7183
8156
4614
8423
413
9482
1686
10533
4522
5828
10476
1195
3738
639
7540
3027
10440
971
5747
9583
9731
6801
7422
7668
9864
5440
3963
60
4896
2139
5777
10175
752
10437
10145
7305
10478
1136
6062
5330
7924
8823
7101
8539
2198
4024
42
4200
5359
5308
1769
412
6924
227
9841
4444
8254
4477
8706
4004
1384
8436
6103
9768
2352
9759
4706
305
9912
4698
3448
10299
3242
2407
8
2998
5237
3812
8886
4532
8703
3679
7623
6994
5231
1649
10220
9049
6669
4254
7092
3639
8855
2476
6271
2930
9404
5622
4701
9467
10646
6911
9559
8896
9260
1414
343
8590
2725
4715
3197
8082
8686
1876
1903
2652
3521
2816
9471
9259
6374
9615
10720
2170
10701
3792
9574
8946
458
9363
4409
5602
7859
7657
2557
8489
1740
457
488
4378
8447
10348
2703
3377
8772
6808
9671
4862
6463
5613
5441
8872
2738
2386
4000
9369
2431
10060
3331
8210
4122
9101
5080
3508
10148
3436
994
80
9998
1190
976
0
3596
9252
1157
1853
4575
5251
9547
7980
3990
8532
4039
5087
7778
5188
7875
2926
3966
5883
85
2679
3961
3368
3338
3326
3742
1782
9494
3940
6753
1335
1031
6719
7545
6314
7408
4573
10626
3269
9454
2141
7929
7436
7744
5448
761
3959
1768
7798
1039
3334
6328
9975
3236
9273
94
8277
8255
920
7533
6739
1225
4811
1596
5321
4425
7171
10040
8942
5967
4641
521
7580
7056
5543
1150
8517
4586
670
922
10631
8908
9091
5467
9661
8093
8796
4648
8319
276
940
2302
3116
1589
5340
5797
5948
5057
3547
7544
4891
3814
1010
8500
1167
3339
1896
4484
2794
1293
4802
2529
3853
5048
6157
10540
965
6456
2671
8607
5009
10042
5609
4934
8894
10228
3566
5668
3019
185
2417
9179
10130
5449
3785
1923
3353
7869
7816
7068
5203
1872
3663
5921
831
8593
9751
998
3903
8567
213
3179
2575
4886
796
8616
8541
1854
8173
10514
1935
10488
8721
3830
9488
5065
8544
9769
10326
8495
2408
9786
10254
5531
491
3834
5221
8952
8104
9313
5
3455
6754
4003
3845
4845
9809
9242
5200
7983
804
5617
6708
7259
10668
805
151
10669
2373
5746
10458
3748
8553
9765
2700
1301
8743
1243
2732
5566
1385
6922
6559
5766
7111
2181
6833
6022
9065
5367
8260
10712
9624
7861
10475
4597
3340
5655
4600
10115
6655
1284
2037
10465
479
9339
7908
8648
10489
4956
9942
2368
8978
2983
6294
194
2746
8137
4579
1723
1970
7480
10563
9013
9417
6176
8787
5424
672
10246
8389
4381
8409
3610
244
6843
7933
1559
5626
8055
2523
8854
1111
856
7280
5553
6380
8177
6426
3329
6344
8023
4032
9573
7834
1860
6175
2799
4642
6289
1818
1252
3318
9527
8599
6953
4227
3529
9842
9813
5332
1791
5193
335
6214
5588
2193
4228
5019
4837
7717
6728
542
4174
1169
1837
1487
3362
8440
2674
3265
4015
903
8750
1015
4036
1179
2031
4593
2105
6450
100
1055
5501
8568
2784
7687
8483
9558
4510
8376
1730
6191
9921
8351
2174
6950
9711
10510
5647
8077
3885
2909
5548
7874
10237
3700
4151
9776
2209
1722
8270
6232
8538
4075
9173
5177
10350
9994
6466
5969
5778
5081
5318
1280
2959
3168
7563
6781
8431
2688
1041
7395
6624
1646
5856
7733
3732
121
1363
3865
3675
287
7690
942
8034
10547
1059
7876
5708
6606
5414
8392
9224
15
4021
10445
4724
3277
3996
7287
7218
2605
556
6405
9839
7477
1110
6667
2260
9410
5026
10586
6033
2510
6759
3769
9298
2705
7811
2693
9832
7675
8674
8297
911
4339
3175
7437
147
5560
5787
3126
2646
8191
7219
6722
7992
8559
3244
208
386
1209
54
5740
355
5706
3376
9157
2906
7239
7148
4893
9881
6567
4258
3611
7532
10559
8112
8563
4948
9325
10015
6293
6680
4277
5421
5840
304
6262
5868
6811
739
3612
10702
6111
222
6590
5970
5076
2893
10466
4777
4293
8159
8365
117
5749
2836
3922
7414
384
9562
7682
6488
6876
9447
7123
7583
9713
2315
9208
6136
6070
5549
975
6900
7848
3698
5086
8923
2334
1213
3328
3911
3123
5450
3317
1391
2084
3003
9633
5109
8576
5950
515
2856
7409
8604
10615
7247
7001
9046
7806
8029
7837
6727
6962
1329
2020
4769
1648
410
27
1657
8732
9808
7904
422
3432
5468
8016
8331
6666
4668
10654
10421
8893
3164
2790
1302
5451
3467
9496
2609
1096
7386
9652
3517
5183
1312
8866
8825
6609
5300
1154
9171
3866
8164
7852
8401
3361
2369
8139
1996
522
7008
242
6135
9119
8147
6168
779
5690
10556
8801
7683
6766
6935
4710
4196
5667
5412
7039
4603
7117
5584
1677
3306
6810
8804
10601
325
8172
9443
2573
10226
1354
718
10618
6926
2394
10461
8102
2714
1390
5411
8105
2450
1365
6835
4828
7333
275
1192
2199
7953
2587
1670
6356
2933
9992
6248
4051
5232
1141
9900
1526
3492
8501
5758
5530
8304
10323
4920
5492
8636
4649
9372
10422
6804
8313
2563
3234
7979
721
8791
6797
3913
2124
667
5722
2246
10649
3607
4699
663
3880
5279
6081
6841
6654
9098
8037
1628
2008
449
3480
7888
10627
595
6682
7036
5379
2258
6252
9156
1057
9205
10302
4284
10010
9183
9544
6049
10126
5043
6040
5760
8543
9796
469
2539
3730
39
8981
6619
9827
9432
4539
3439
1142
4369
6908
6473
9160
8120
2035
8393
1544
4283
63
1460
5934
7031
221
576
582
2862
210
9972
7162
3159
8083
9126
8435
4475
2455
9249
7548
2028
4430
830
3433
968
9500
7341
7631
495
9927
7212
8063
5551
9148
2140
4745
2168
1634
324
2359
3270
8883
4458
7292
1757
9203
149
2940
6980
10373
6939
4472
3435
8199
10174
2294
1545
6424
6581
8512
8526
5146
8271
6261
47
1762
10679
6383
179
4052
3908
5587
1698
2316
6269
8486
8481
6311
9883
962
2333
6485
162
4306
5644
5960
5615
3039
5432
9236
10355
8201
10678
4734
3158
8707
974
7244
2902
3710
10523
7303
4938
3176
8226
3725
8926
5438
8263
4483
5585
8387
8194
2713
6138
9889
8491
2463
392
6462
2451
1388
2953
3734
1485
3706
4462
4104
5557
4617
1772
5355
6036
452
2641
990
116
2219
615
10411
875
7186
9105
3452
2237
10390
4836
5579
7763
738
9468
6643
2495
7670
5540
2066
2277
7523
10065
4898
5054
10019
4006
9077
1871
4826
6407
4247
1501
3274
7307
7383
2753
10447
6281
8858
7343
8677
6241
8132
4640
4217
9495
3297
1855
1113
2920
7486
3077
5344
6192
8691
4824
10613
4063
4460
4546
1418
484
1184
2773
1095
660
3325
1083
6512
2397
733
1417
3752
1900
1497
1066
3313
9394
3992
1846
10371
187
9168
9890
4977
8145
6134
6117
4607
9708
8617
1397
3658
8445
3505
4342
9968
7000
2883
7025
53
3243
4361
6913
6434
6219
7662
1673
4400
563
3912
4091
3678
8035
1056
5657
5314
476
4120
5794
8129
9974
1115
9638
1177
245
6169
8670
6941
8693
6611
3038
8012
6178
4486
3676
7268
10417
6459
9200
1402
4904
3125
5083
421
7112
7022
4834
5852
3693
130
5462
4232
8763
8310
6556
5309
7812
854
1946
4841
7530
941
5044
3215
7260
2348
9888
531
6080
5641
5682
396
8999
5633
1028
8802
4929
956
2387
2731
905
9775
7961
3363
2982
9453
6997
7131
7514
6554
4570
3397
4793
8523
2405
3498
6085
9052
6465
2588
8569
8660
9159
1299
3478
8209
7905
1061
7666
3300
3600
10593
10045
8939
3816
9669
4392
2466
1682
5865
6320
3673
3155
75
6273
1989
876
3826
3502
2864
1373
4818
6958
4056
5654
10407
8144
5505
6591
1568
4985
3031
1197
9699
1910
2599
5206
9116
10309
1874
348
10516
10248
6305
5144
5780
4237
2736
4797
4817
8748
6989
9885
4010
6208
4179
5591
5786
7990
1965
451
8287
6538
8162
7965
10671
10276
6525
2538
5669
102
5743
4215
1333
6202
6570
1591
2360
8994
6496
2153
183
10188
3674
1228
1126
2284
6057
951
6661
5171
1094
7543
6883
1554
4564
1130
1260
8176
2759
2498
6445
1885
5523
6792
674
10092
8444
4070
8216
3722
387
9379
2981
8152
9373
5430
4511
4079
1473
9517
702
10341
2584
9854
5409
460
1193
3315
5015
9078
2777
3846
4541
10111
5280
6381
2091
9075
4712
8738
6870
314
4352
6945
4319
8215
3419
1696
7405
4397
6515
2614
6987
3062
1324
4601
10434
1081
2762
5936
4344
3965
101
1314
3982
1440
2282
7059
4463
4508
775
220
3636
7342
9180
1572
1163
7045
9568
9800
2789
3383
6154
2667
7866
5640
3791
3552
7065
2420
2571
539
683
3647
2365
9506
3028
7815
6585
161
3381
5998
6075
7692
6991
2038
7603
5178
3320
924
6359
9623
770
8602
1986
8594
4328
4970
4807
695
7049
10313
4165
1219
4572
2549
5111
5768
10049
3777
4203
6636
8469
3653
10078
7669
8307
5792
4494
10575
3230
8890
8840
1375
1814
10641
1992
7749
2896
5759
10103
6974
7996
1224
6791
9657
684
5919
10665
6692
10343
81
5192
5376
9984
8719
1269
9649
6184
6514
5779
1789
1433
697
2709
5789
10659
8089
8301
3231
5833
9014
10629
4932
9714
2754
5723
2423
10716
7972
5307
6182
4240
1968
5225
3037
7695
2125
1812
9999
10333
7052
415
6825
6662
1086
9766
8524
5465
109
5816
9876
2516
3604
1392
7108
3543
7417
1611
8212
7032
10397
5680
2715
6877
6519
7745
7750
1706
1242
4736
7170
1911
5568
5132
2827
8211
8759
5363
7161
6394
10546
9892
2567
5863
4674
2054
7058
6410
5592
3976
364
3303
729
7517
7327
9351
7169
4619
8231
7536
4455
7681
1121
1733
8192
10428
4647
5853
3921
5267
541
389
5034
3183
1683
8168
6132
587
629
511
799
9137
678
10528
4679
10377
8989
901
7882
6972
459
754
5937
1494
2631
7185
9479
1511
6638
8324
3654
2562
5011
8813
1463
3907
1241
5942
6746
5143
6290
4678
8326
10374
3817
8280
2345
5989
4814
8609
2434
9275
1739
6613
266
8032
10250
2296
7208
4175
9310
7559
1538
4266
5904
7407
5541
6096
3399
5898
8662
2916
1508
728
1170
6238
2335
7902
7372
8166
2531
3580
2846
7734
9413
4335
4746
6775
6018
10416
7172
2295
10289
6665
8386
10239
7496
2838
8934
4317
8962
5559
1601
8403
2766
192
3002
3841
2217
1675
5903
2374
10675
3350
6725
1710
9857
9579
1830
4772
1034
9887
3060
7597
3783
10393
6089
3790
5006
4879
2292
5538
8492
9648
4121
2448
673
3870
377
758
750
4291
5990
3225
6578
10496
8198
3166
9781
3087
8318
2689
6855
6912
8773
4424
1118
8645
2952
803
6947
7328
7928
5687
6545
3753
4245
8169
9214
240
5368
4071
4142
6575
9459
2039
5532
9121
3073
1344
3977
8033
1790
6940
1737
6250
4325
671
5870
4983
5147
3852
9855
4915
1891
1144
852
445
2520
5227
3192
5980
7421
9336
10607
8682
446
4758
3923
7626
4093
2948
7020
2264
9142
477
4773
529
8221
5356
5943
6173
5757
10580
797
3143
8837
9958
665
5436
9324
10168
1100
4
6177
1218
2231
3210
4315
5490
13
2820
3090
2454
4714
3199
6247
3408
6137
4098
7805
806
3570
6199
1708
7982
10517
1906
2775
4470
3017
698
5295
3202
3030
9549
10120
2655
713
7667
8656
8451
6769
9589
6623
6324
9897
3503
9863
5120
8171
610
4053
2554
2350
2927
9758
8143
433
3577
6689
5954
4406
2768
551
9572
970
9274
10705
1858
340
4863
1099
9376
312
6378
4626
51
7855
9240
785
7957
38
8448
5374
5001
10264
3283
4867
6784
996
10036
4183
2132
7968
4498
2657
7995
1122
3085
10300
6200
10072
5362
8979
2842
4825
2551
7612
2399
4786
6842
9254
2687
8521
5229
326
5514
3953
2421
9019
1817
936
4250
1717
3567
807
9688
916
5055
1265
1404
9690
9931
3195
6413
5769
7400
1166
3427
9925
9193
2778
783
8889
6782
4935
5964
212
10382
8421
3271
9441
5845
8639
10688
2024
6533
1636
4350
9540
7050
4197
8920
8282
1515
6419
757
10686
3904
3506
5461
1338
8268
1547
6583
8620
7316
7250
1997
7138
9922
10367
5589
2429
4905
9837
7248
6000
5417
380
2821
3044
9939
7585
6367
8286
3681
3080
6675
6067
4741
2233
1666
5214
10358
6889
10281
7796
6449
10666
2313
10455
701
2936
3272
2806
1306
3384
4542
3061
7451
4249
4696
4150
180
9948
7833
8912
2699
3774
3178
2465
7677
6807
10269
10435
2892
4295
5550
10538
3409
5463
1003
9079
5569
8128
5763
561
9798
1448
8240
730
3460
2897
10639
3925
9576
6509
4002
8606
8960
1389
10155
4989
1188
7464
10642
37
1128
3145
83
9874
5212
1991
2109
1892
1994
9698
3261
6372
6805
8291
1476
5323
8131
8996
9151
1355
3997
10454
5610
2392
4937
3787
9498
131
89
845
6360
6650
5119
5471
10260
8418
10182
5689
9609
2223
6943
4106
1064
9069
6735
780
7617
5454
3396
2270
4410
8578
5211
1434
4936
8945
6429
4115
10336
9005
10345
8380
10099
10656
648
5287
5070
1580
3640
217
3475
5715
456
5846
7331
10149
3746
3333
7066
2325
10520
10494
5897
7698
8592
3656
6925
3359
6207
10386
5752
6854
7126
8884
1808
8163
1441
2416
108
5525
743
8261
391
3016
4347
6482
177
3053
9188
3979
7493
2203
8932
3389
6738
9490
7373
3114
6933
2720
152
4559
3483
402
2742
4835
7300
9600
8785
9840
5413
1089
2586
917
8536
8284
7613
3484
10091
7624
3739
1107
351
7234
4202
4309
4708
3898
10484
3863
5876
5907
333
2504
9038
1684
10616
2901
1749
4038
3129
6703
10603
8901
96
9388
5499
6622
8151
5189
3357
5185
2955
7659
407
1040
6563
2483
82
9597
10513
8160
7793
3221
95
9303
3881
5480
10076
134
5810
5679
5084
5997
1863
5067
9565
5137
8528
9859
687
4910
7041
596
5434
5673
6348
1659
2004
3991
6026
4731
8136
2503
3918
5302
1602
950
1766
7359
4290
9368
3293
7847
1707
741
8530
2201
6254
895
2680
10704
8227
8570
246
2250
9552
949
249
2069
7299
7797
4055
7294
5632
788
2628
6443
4760
10617
5033
5827
10578
4286
139
9614
6896
4747
9307
4278
7881
1617
2379
7551
8206
7237
7484
372
9294
9829
9821
307
4529
1127
8031
3648
6065
5912
7821
10293
10717
6472
8534
9248
6765
3267
3470
5460
2481
5704
199
3667
8581
6023
2271
1474
3613
6090
8573
9039
4578
2113
5979
5638
8467
3772
2094
7592
5477
2645
7809
3920
1877
8657
3883
7419
493
10619
6119
1963
7630
5576
9924
8252
5821
2873
9770
5595
123
2610
654
898
9762
10053
10234
1000
405
61
6517
1074
2963
2717
912
1930
6003
3249
7542
840
5976
2235
8148
10037
9629
3449
9047
3294
3877
1078
3258
5285
8794
1072
9225
1281
889
1905
3571
700
3723
9673
9070
9752
9215
2289
1620
3715
5161
1810
6028
2805
4303
4379
6401
8632
4177
2695
4913
6353
9207
4664
10046
7636
2986
10425
8369
6174
7349
7653
7703
6928
658
7954
1882
510
6593
991
2053
1257
3546
9929
6818
10624
9605
5305
4799
6831
4473
4853
983
3066
3524
7535
1207
9499
4686
1202
6225
1478
580
5895
1264
4583
9581
7051
705
9833
3762
5572
1396
1024
2648
2101
7743
727
9041
3144
5270
8472
9515
6529
5294
1291
5240
5223
9097
10531
8125
6304
8321
2810
4524
3916
6580
4016
2684
3605
6008
8249
8851
6393
3021
8725
9028
2327
4049
7639
8154
3203
8455
6268
7891
2905
6621
1656
1018
5250
9571
10574
8611
7912
7118
3995
8610
989
10212
4556
8457
8450
2822
9625
4594
7789
164
5351
1919
4820
2473
9202
6124
4543
5671
7578
8705
6187
9232
7610
8937
138
5253
2885
3628
8124
4385
1386
3286
7697
4923
8135
2078
7388
7019
2000
9213
3894
26
300
3576
1704
3538
6589
5116
10438
6506
359
2907
1957
10657
3182
6165
1132
508
2555
5361
2215
9543
791
8003
2522
6696
8984
2850
10414
4231
1513
8432
5857
2257
4324
10150
1869
2908
2662
2734
9333
5384
8564
4569
2093
10139
4479
8402
1274
5796
8647
1928
8814
620
993
24
2924
644
7091
4206
10181
7599
8761
3623
4281
8755
6094
145
4086
2537
9961
10398
578
2156
5215
1506
1681
9682
127
7779
2811
3950
3974
8051
2286
8637
4213
5122
6902
3560
10109
2127
9598
7093
5382
3067
2306
6737
9691
7938
6710
2288
3369
2869
3601
8002
893
10673
10596
3387
2572
7625
9110
5068
281
10405
10196
8614
9782
3757
899
6141
9728
1715
3471
8874
9862
3564
5284
3835
5648
6809
9230
6125
6536
4265
3747
133
10622
3170
5370
2317
4759
3214
259
584
475
9807
5770
8438
8322
441
4501
10614
10658
3150
6100
8109
2457
184
9318
1640
4105
1995
6620
4376
9145
704
5793
4338
3186
10185
432
3549
9421
5389
6956
5470
3207
7263
6421
9446
4047
1881
904
2376
6534
8050
3587
10170
10306
6917
5526
7318
10700
3406
6824
8797
9234
4657
7466
6626
2625
1178
8133
453
2410
1221
8603
1276
6856
9357
5893
2511
1171
2722
10558
7085
9316
7272
2224
255
1524
1185
7751
2305
10242
7055
1428
4371
4340
2025
4282
7193
6446
1426
2613
1496
6502
2442
6034
4251
8653
3111
7465
5635
5219
7254
6114
10157
3750
2314
10014
431
10011
4230
4762
5992
5628
2887
6342
7590
1845
9220
9000
7942
3285
4549
1026
9878
5603
985
1981
1032
5094
7097
2578
9427
8218
7641
4755
9096
3281
3773
3624
8652
9514
6709
6644
1938
4431
4188
4068
6764
9305
2681
3063
2670
8961
1514
7539
1060
4064
3854
1403
9617
2413
865
4045
5293
1106
594
8820
9869
10154
10694
5289
2331
6161
7895
2351
1146
2651
9993
1796
2287
5025
8630
5677
9934
4949
6639
5851
2191
6427
10508
4314
8947
9879
6551
4087
7432
8267
4690
7007
9556
8627
7181
6505
2592
186
8808
317
1437
2249
10009
2718
1555
8429
7190
9058
5029
4665
3345
3
8509
9476
2432
6234
6442
5170
1002
632
5709
9871
5105
2013
8542
3227
5620
7296
5513
9362
8664
4520
2002
1332
8815
1350
5527
5886
5887
1430
5608
2744
3988
4550
4903
3621
10485
4942
8150
2064
3671
650
2488
4595
6160
1581
7258
7824
7435
2898
1960
1027
6713
2204
7418
419
6618
4184
4459
4667
5583
9461
977
370
6153
5312
5129
1182
6942
9425
6375
10013
1070
4687
4666
5347
2769
10222
502
4449
2086
9906
555
10579
8251
3890
5397
5235
987
8397
5046
6850
625
543
3717
9326
9239
4926
1564
7446
9599
2269
6899
712
3070
9398
2788
7867
3273
3434
9286
5402
3944
5812
6494
9971
9329
9195
3861
172
8470
8316
9645
1139
1751
2558
10322
1759
1549
1208
9729
7221
3040
7986
3468
6339
3641
4804
7182
7711
6340
7273
8425
439
9639
664
1424
6954
10561
7521
1114
6185
9262
7525
473
8933
7134
4445
4466
7030
7286
3802
8608
7713
9255
946
5829
3536
7678
1457
251
332
4504
4127
59
7175
3581
4321
7150
9582
1651
9577
4830
2690
2195
2663
2698
3707
8619
5481
9087
8371
4544
5283
10236
5836
8623
3617
350
9683
7588
4201
2358
9099
442
9603
4490
7564
6674
2612
1222
9870
6113
9360
2029
6632
9267
9742
2633
2464
3083
7655
7842
6379
8571
2685
8873
7589
5987
9539
4955
5650
6740
8760
3496
3986
3165
3935
9820
4027
6778
2747
1714
3458
5742
747
4434
3906
2969
7710
6300
10689
4239
10499
9283
2177
5353
1838
4596
9815
6919
8458
3692
4567
7794
6440
4118
8306
393
1641
2446
9943
10156
9401
3554
6960
1262
10346
9291
470
5018
9281
9102
8511
2155
5311
6050
2772
9176
6614
10567
9128
3323
10173
6890
9502
3910
1701
7347
1535
8909
10344
1189
9818
740
129
3354
1409
3094
2724
7012
45
3766
2040
10294
6341
9591
2867
4560
5918
9436
3157
3422
8184
6615
10029
1849
8056
336
1282
4411
8857
9175
6676
4029
2561
1051
4945
10252
188
5242
2638
8084
5310
7726
9907
7230
10456
6318
2158
6373
6690
860
7618
5255
7936
4242
6923
3858
423
427
5705
9346
10249
203
8547
6853
4124
4468
7448
9744
8499
5529
318
4100
3473
1215
6633
4866
1734
634
9524
271
9132
1557
1352
6579
3115
1042
4808
1955
9858
9747
7429
8698
8744
2438
3688
2006
1811
6497
1647
8079
4840
5639
3337
8010
10418
9332
3442
3355
9732
4916
10389
1775
9082
4267
3398
9408
4562
933
5173
6263
10391
2010
8651
4537
6409
9723
8628
8740
1614
7671
6905
426
1703
3634
7951
8294
2163
3290
1326
9406
5474
9450
463
2311
4548
4869
10090
8328
5634
8776
3238
6561
7943
3335
10064
7257
7445
6763
5645
6712
4375
2120
398
1984
8633
7637
2962
6799
7642
135
4933
7817
230
2741
8229
4334
10543
9227
5174
8666
1947
4885
7200
2015
2855
9542
964
7577
9155
10251
6857
1940
5292
157
8586
2854
10023
8711
961
1240
6130
5512
3511
979
10330
3805
3112
9312
2344
8899
6910
9256
6190
10026
2190
4101
953
4795
10006
504
9508
9901
8579
10589
5291
5099
3014
2060
2965
4297
10583
7301
8487
4114
2636
6335
6806
3522
2381
6977
10131
5745
4337
327
6258
5000
9911
9789
6627
689
369
6180
78
9654
6235
5297
4327
2550
5325
2227
8293
6998
1804
4870
1305
3009
9153
9191
9219
3082
8068
4454
4967
2419
1341
5736
5062
383
7203
10711
6642
5071
3801
7840
5721
8786
2593
1576
8718
6686
8605
7561
7554
9475
3929
7802
2780
4662
196
742
9493
7581
10572
6239
955
8956
3454
7910
4996
7731
10075
7935
4540
7081
10480
8186
8936
1067
8078
7266
1678
9165
2629
760
978
8018
3113
9856
5873
3052
1795
4168
6060
6123
6390
6257
5201
9053
1082
10430
7948
5718
363
3712
483
4078
5858
8311
5966
371
9328
6968
7365
7827
3733
4628
9646
6195
10214
9400
2099
6663
4302
1076
6444
10232
2255
5606
7381
5683
9866
2783
8880
8689
525
1937
1954
2083
8099
1990
8830
9949
2278
9678
5944
19
467
3745
1718
1036
2378
1234
5157
9718
10261
5263
4439
10277
2147
9977
5059
2852
947
8992
10052
3447
5153
9166
6681
1492
9083
2585
7173
9700
5058
10653
1523
7133
1625
10708
3194
3532
1336
777
7010
8525
1668
7291
9407
1432
2425
10193
10638
9051
9177
9962
8842
7915
1724
635
2984
9265
512
9143
2686
6014
7298
8272
2436
9831
9986
960
8622
4384
4669
607
1431
7754
7635
2426
8788
4219
7926
4194
6500
10363
6571
4558
6795
5182
3901
2126
193
1604
2234
115
5069
6131
6267
5056
334
8822
651
2388
2123
7735
7179
7718
8327
5756
3228
1852
6927
10100
8265
2844
3491
4749
7308
8047
800
2001
8030
9937
8118
8323
3635
5416
6612
927
1309
4476
1351
1345
10280
8757
2501
8385
5275
10080
4119
2574
4407
10621
9587
4033
7950
8427
7367
6961
2889
1227
10203
7522
4054
4646
6275
4066
436
2452
5338
8026
7337
2697
10469
6546
1422
48
6198
10191
8110
8835
4205
8036
6338
8713
5978
5377
416
5571
693
2458
1425
8266
7598
7369
6414
4968
9483
7994
5218
3008
3292
8887
5580
2763
6021
603
6988
1459
3856
7402
8312
1471
6295
9365
9501
6210
8779
4398
3135
9727
2553
1577
8551
9342
9923
8700
6286
3972
9269
9416
104
5651
182
7067
1690
1328
4688
7269
880
7497
8087
7498
3032
3051
7736
9701
7513
731
7362
9321
10699
9076
6550
1605
5951
9567
4386
8849
1104
6916
8828
10568
7526
2297
1700
5372
4922
2087
4506
1537
4610
1731
5320
676
3219
4952
4300
3823
2966
4650
1747
1712
2076
8309
1527
8245
1283
3024
9940
1921
3939
2757
6432
2825
9650
7851
2607
1369
5149
2853
8875
1528
4482
6363
3217
9904
2045
7664
342
4957
6768
390
7773
6649
609
1453
5110
1038
9528
8898
1449
2937
1771
7100
8862
5848
404
5973
6030
1621
5710
9716
7503
2635
9720
10017
9150
132
4467
361
5429
328
490
2189
4061
1380
2604
4373
167
6309
2694
8783
2343
1958
4169
7222
8799
2496
8965
8005
1699
4457
10609
8784
3530
722
8459
8702
2750
6148
7475
2162
10158
8190
2505
2985
9059
10210
8407
7508
8460
7792
10555
7315
8236
5518
755
315
10127
2650
9204
214
2256
8196
2136
10509
2173
3938
4754
4663
5854
7229
9338
8220
4432
1509
1308
746
1303
6382
10709
8399
8722
1886
9280
5304
9826
2494
7783
6312
8746
6540
4412
2972
289
1801
10318
2882
7696
6864
3181
9027
3637
1058
8338
3666
10270
4609
7319
9437
6436
1342
10519
2050
2832
7105
7251
73
1489
4634
8728
7128
825
4416
2727
4081
492
735
8836
3569
9560
8449
649
6007
9791
7647
5932
3464
7156
7206
2748
4351
5629
7076
8519
7487
5038
4221
4964
5277
4528
2354
6780
4044
3759
6181
773
4757
5049
25
5487
4838
3086
2057
6048
3276
3872
7755
2922
3390
3058
6011
10108
10515
3212
4178
2366
5306
7952
657
9956
1785
10125
9736
4833
10492
5329
7984
9647
8807
6106
4928
8004
10491
6826
9910
8668
10303
7366
7167
9778
10116
5262
909
6752
5194
5695
1978
932
5586
1974
1945
9694
1420
1536
5014
4700
6457
4280
7226
5804
2934
6599
225
6544
1030
1071
8337
2556
5486
6979
9426
4924
5028
8613
9139
1349
10714
6867
8731
5010
10325
5926
3561
2765
10204
2492
5348
7759
8007
7494
1125
4939
243
7072
2012
5675
7782
10070
6700
1216
9959
9533
2958
4726
3349
7228
7512
4363
9853
7962
3848
282
3985
202
401
4402
10459
3438
4156
6163
6431
2678
6691
3076
8971
4551
4972
7364
2152
3702
8554
5162
9955
1194
2941
3110
4193
10564
8375
4553
6017
6088
2470
9606
5418
6521
7213
1490
9030
7099
5988
3796
1077
368
2518
3813
9622
8843
4658
3691
7601
3642
5915
823
5407
699
8317
7377
8202
7289
6652
1379
10087
7246
3026
4248
3425
6326
228
10706
3490
9819
2472
1953
10506
3631
8233
2259
5373
10241
9063
9850
10085
9129
9980
5996
3101
8471
6045
3119
930
1598
6129
4980
9172
8340
7324
7730
4368
9442
2186
7478
3416
6053
2946
1376
8175
9995
5661
6078
57
5258
6179
10562
5646
7462
5077
2063
3443
10163
10467
5498
3224
4116
2370
6981
4112
6851
2276
8507
1793
6771
5825
2265
4113
7159
9670
3184
41
9270
838
6685
7489
2182
1729
4683
7121
9084
6146
3758
9054
2970
10007
5199
3190
3981
2079
7024
1764
4809
6959
3537
195
2016
6996
5186
1447
4264
93
2326
1644
10245
3151
6957
3411
772
10683
7332
2622
5927
4129
1987
474
3153
3465
397
5941
2943
4465
6992
7345
2236
10339
7285
2047
8861
9761
5867
8832
1765
4812
3216
5871
2220
1689
9951
10200
8476
7002
8897
3138
6637
10137
1238
6787
8692
10439
2513
8940
2462
8561
1836
9896
7339
6706
160
3632
1626
1971
10310
9990
3930
3860
4545
8370
3091
5476
6469
6736
8612
9090
3556
5205
7474
8827
4322
9452
9936
444
640
3371
3256
3886
2606
3487
2921
1153
3585
5303
3588
3421
3198
7550
9141
1181
4831
5233
8157
5101
6617
321
3989
9358
3818
7352
10315
4224
636
2468
2384
8382
5345
7302
279
5953
8683
10051
2797
1820
9953
8228
9935
1143
5133
1294
2552
7363
8045
5859
913
3699
7727
2840
7981
10086
120
4072
2435
1586
9192
7394
8300
8262
4133
5824
4513
111
1246
3655
10268
5159
3226
1244
2581
4341
8442
1253
1847
3619
10408
1295
10258
10552
2771
3428
5423
9243
4289
5125
1726
4442
9392
9981
8122
35
3836
3444
4727
1721
5410
4099
10068
2129
848
10235
1632
1394
4301
3533
5643
1618
8810
5861
2992
1895
1542
9563
679
1727
5154
3811
2098
8560
627
10081
7518
8515
8494
5872
8052
3401
3815
6395
5885
448
207
6013
6929
4975
981
8753
5672
4750
7946
6387
2980
8958
6687
7820
10024
5195
5072
6296
4907
9724
8831
6230
1266
3476
2848
6006
8325
5238
9894
1770
8708
7958
4622
2019
6532
5891
9244
5274
9061
5473
2973
6895
1585
10400
8767
7434
10043
9794
1052
8688
8518
10479
4533
7455
9221
3526
3049
5813
6077
2108
10483
1085
10328
8778
9784
766
1746
337
1008
6266
622
8088
3928
6671
6095
8537
8073
4993
3356
3507
4894
5282
7094
6059
3430
9229
5814
5775
2791
2621
8497
8591
7473
3615
4637
1962
7027
6749
10625
6140
4060
6597
4608
8100
6478
3942
5181
10257
7312
691
8976
4822
2479
1455
10287
6288
5012
8726
3978
7916
7279
2026
7166
1600
10047
3341
1048
7284
10198
7071
5902
7399
5210
6010
798
3665
5616
10449
2956
9250
8695
4108
2728
1310
10205
1755
7737
8575
6428
3629
8006
1412
8661
7176
6329
10172
10662
1674
9235
2939
10645
9020
8238
4323
7720
6729
611
5393
10233
7799
3551
4220
2211
5894
10542
6723
2075
8508
3851
9108
7674
4320
10419
7404
8715
4865
1562
10495
8054
8303
3462
2497
4374
7756
1822
8072
313
437
3609
8841
2712
9978
7568
6779
8482
8076
8860
4677
6598
10324
126
3519
9681
10305
4613
9712
1959
9735
9004
2222
3020
1709
10652
2418
1272
285
3218
5324
10569
9295
8997
5686
9555
8741
171
7463
4602
5604
8276
9795
3514
8200
250
1667
7297
2089
4144
7311
3970
4207
7439
1464
5731
612
8847
2114
2200
9590
2751
4768
881
9902
7231
5727
1232
1158
711
10534
7295
5404
5698
1773
4877
4128
5494
7676
586
5536
1337
9793
9947
959
200
5341
9420
8348
8181
4978
2886
567
8329
3424
2042
2710
5558
4633
2582
8138
344
6869
9430
8549
572
9915
7382
7141
9643
6368
6083
9898
9304
6354
6357
3955
373
9538
7064
6730
9504
4166
929
10225
4844
9497
1788
966
6491
7570
1445
6698
2702
8680
10320
1381
3232
7964
517
7188
6334
229
9825
2175
360
2372
10412
801
6037
7541
2077
4639
6756
1466
4408
2642
5612
7046
1792
5145
1362
8103
1254
6220
5703
8876
6
10311
1850
2857
5676
7104
9414
7360
6849
280
9641
2779
7569
10177
5230
4565
1129
4356
2823
7453
8364
1702
7646
1387
4276
7537
8522
4067
486
5093
6495
9146
3743
3375
5878
4527
8982
569
1500
87
3960
10140
10600
5326
2528
4450
1949
1825
4138
6029
8915
6566
7053
3413
6035
2266
10463
5552
5795
6718
10054
6039
8395
6194
4017
6418
10291
1783
10672
4951
264
5957
9637
4359
1105
4582
8097
10696
5039
1584
3237
1374
9588
10541
2428
8354
9037
3573
10282
7459
637
8816
10388
10219
9830
9651
3622
5542
841
5535
5999
2179
10106
7164
1908
3618
10123
2293
8235
2894
8919
1469
10588
1767
5387
9144
2095
6086
565
7392
8344
5773
10179
118
1062
7482
8259
8256
254
7074
10304
7971
1851
2931
4684
7103
4262
7209
2530
1610
3689
1629
7350
9031
681
708
5165
5257
485
2460
3719
2502
5802
1399
2988
5073
5142
1546
480
9036
8066
10682
8013
8101
7716
8426
7830
2080
8643
7693
5239
2536
2469
2665
873
356
301
1323
2205
4461
5928
8998
5555
10016
2534
7767
1815
10462
6240
7107
8335
10224
8479
10018
5917
7491
399
638
2118
9860
4953
1261
10262
4676
2632
10301
5509
2944
8161
887
3139
7195
6150
113
4357
267
2881
1499
1313
2371
3423
7853
5839
7087
9530
6930
5843
6906
9706
2566
9320
10197
3445
792
8106
2565
2834
8914
10684
8279
6098
4740
3806
8973
6377
1695
4147
3118
6400
5991
6907
9308
6352
10253
1778
2055
4770
8967
2196
10432
10692
7838
3187
1627
1331
2226
6204
6531
1275
4492
278
7963
4146
8724
8733
8222
7080
4518
3555
9867
1728
661
4908
9704
2398
4158
434
1271
5807
77
7391
7781
1256
1046
4919
2938
2743
7922
3784
7686
4781
6330
6868
6886
546
8107
3831
6110
3915
3456
4007
1124
8505
767
1174
9522
8404
6560
9640
262
1019
5047
3874
4738
1012
736
2240
6582
6701
6772
4456
3868
3109
5653
6640
3006
4680
6001
7728
2910
7823
4557
6092
10399
6522
4763
3120
9056
4716
9223
8780
1505
9024
5007
3240
8792
4519
9288
4235
414
9015
6705
1423
5729
7454
10209
5630
7110
2299
1929
6657
5027
2508
156
6653
10667
9375
7689
2540
669
1022
4645
6760
5220
9967
2320
6212
10074
1652
883
33
4103
6800
668
10138
2608
8014
1909
9006
9415
5972
5095
7029
6547
6490
7764
4171
2449
3054
7412
9677
7370
1493
5567
6147
7070
9246
1736
1879
598
7130
1258
8428
10001
9012
6816
3305
10102
6115
7467
751
1021
789
2880
9755
4756
294
2957
1322
5728
8729
8094
1558
2774
8308
8330
8546
3173
8777
2487
6967
6670
3084
3828
944
6216
6884
2402
4963
1145
9875
10056
8473
2
7145
7137
6564
5060
10034
2533
7608
653
5456
7988
6475
8345
3776
3463
8439
6574
744
3407
4355
2589
7109
4629
7140
2616
633
4652
2968
3504
9456
590
8902
10535
886
3690
4082
6333
9170
3998
4591
3048
7127
362
2027
9017
5246
828
10592
643
10190
7795
6796
1016
662
5089
4744
2082
2167
5808
70
9662
5180
8618
2626
9608
10113
5782
6936
3196
5408
7999
2637
10597
2221
10093
8042
7818
6385
5024
5896
6042
8302
6837
3857
2895
4058
10611
5984
8927
2656
9268
6539
3412
9403
9
9702
8080
2453
10104
5574
5905
3065
10526
5533
1956
9073
10464
9131
10441
10231
1482
4244
8924
2730
2903
2493
4126
3477
284
3417
2036
820
10295
7780
3876
6848
9117
524
8929
891
3592
7845
4670
9899
8941
1529
6292
2942
6406
498
2546
2782
6501
5079
6897
4246
379
2580
5196
4864
6303
9976
10183
190
10114
6483
1720
9002
7650
20
4415
9689
6944
6630
3888
2866
10312
2046
8405
9705
6116
5102
9025
10693
9253
9733
4271
9424
189
8990
4906
150
7629
22
1975
10591
9477
5427
7501
10573
4753
2355
8292
7885
1382
1807
9486
2798
6058
6743
9804
550
7384
8716
2706
9238
1288
7401
10216
5035
6565
3372
2817
8853
8770
241
6918
10265
9982
2103
5623
4436
2414
4990
2829
3603
4516
4857
3515
2389
9746
8332
864
1868
6484
4084
503
3441
5674
7249
3804
769
884
5656
6641
7633
9811
7808
2526
9393
2440
4005
1286
226
5388
3593
710
2340
1866
98
4986
1401
1982
7722
9431
5931
5135
4353
4892
2595
5051
5158
7529
1250
4673
1465
9345
10337
6087
5726
1398
4766
5358
5522
2761
7380
7202
4367
2022
1196
4512
1133
2285
8642
5658
4944
7918
5399
3451
5299
1011
8930
2643
8243
9111
2676
1236
9085
5799
7672
4994
10169
9299
8621
3446
4296
5823
9745
7857
6716
1842
8957
734
462
2739
1206
9010
2319
3064
599
8844
3351
10041
3544
400
3321
7278
1776
10039
514
3162
10565
5140
7768
10030
2544
3041
4631
5245
814
2067
9380
2206
2752
4987
9349
9656
703
829
6285
7511
1035
8456
219
6361
8490
3548
7688
2328
5360
10171
8584
7340
9737
16
10069
3643
6417
2786
6468
821
4623
2677
5605
4008
5510
516
7738
7622
2048
5838
6347
10314
8795
9696
600
2749
9518
3255
4313
2917
2839
7940
3235
5599
9679
3839
9905
8189
8264
3036
4950
487
4966
7427
592
1608
9032
7527
5830
4195
1098
9343
6228
2074
10284
357
2849
4848
3365
7877
311
3314
3130
253
4111
1961
4299
4132
3404
435
589
4001
6061
3122
7892
6697
6802
2382
6164
12
4752
5544
3803
6355
8863
9849
1530
4636
3262
7469
9779
5021
3579
1220
7241
1495
4615
6724
8188
9464
7488
4107
2527
3969
4383
9668
5483
10394
3385
6297
7425
1878
3148
1507
4130
3169
6403
9433
4801
1844
3043
8640
1980
4535
5175
2117
2639
8065
5020
3714
1688
5785
5115
6656
5652
902
1134
7444
1108
4973
3059
7143
7649
10321
5491
8587
6731
7406
768
4849
10536
10606
617
10707
2138
8641
795
4911
3837
8044
9566
3875
4733
8596
9115
8736
3840
8060
1325
10375
2164
7752
3756
2110
1087
4077
8720
4253
4534
7788
7739
4765
1569
9526
1237
9774
7016
2304
10112
1603
10396
8465
9627
8987
8548
7256
6156
4974
6458
1539
6284
908
847
7120
461
8278
813
8658
1522
8049
5889
1054
5986
8676
2218
1806
6487
3741
10511
4139
5276
9507
10178
3260
2157
4832
776
2859
3926
1870
6152
8531
4785
3598
8353
1533
4287
7044
2273
4748
8928
9378
6183
3343
6734
5554
6891
4433
1942
4991
10444
1732
1503
10387
6451
8918
4223
2165
7627
10670
819
6658
8130
8769
9093
8339
9814
7215
8995
3737
30
7314
4013
1654
3400
7082
7949
1468
7804
7760
1226
3278
4941
3562
3799
9763
2682
5023
862
9944
10522
450
9301
6978
2913
7919
1119
1913
5877
1786
4420
91
8739
10089
7803
4552
7048
1353
6321
2337
10038
430
5754
3154
10297
8710
9067
10256
4057
2062
5977
5832
409
8589
6976
10409
6530
6186
136
3677
2925
10370
6224
7595
3720
5562
9816
4897
9276
7620
9460
2900
532
2280
8462
8248
8557
9596
8398
7472
9095
3891
339
6747
4635
5765
3597
9277
8390
1047
6971
7791
34
8413
9023
8712
10211
6695
7096
5627
4999
8108
4358
1916
5247
7220
8057
9293
6392
9389
8127
7771
9395
7460
6720
7839
8123
6265
2837
3768
6325
3680
497
1859
2478
5103
5121
3987
170
3079
6255
997
9367
3683
1662
3716
9893
9635
6828
6873
234
3523
7354
2081
8714
1117
4046
6969
198
9480
6159
9066
4012
3668
5790
5940
547
8869
4037
8179
1887
3204
564
6858
4790
6970
9044
7015
5343
9228
3161
2796
6872
6755
237
1050
7766
4800
6812
10497
5428
3395
8585
10255
3847
298
3557
1116
5495
1803
8378
3042
1438
5707
2978
4336
10180
5254
9370
455
5539
2974
6435
7835
10539
105
1893
4823
8868
5922
3378
3899
8950
2975
8580
822
10604
5711
1005
4292
10637
2653
9585
8931
6481
1395
6602
10442
10502
6336
2072
6860
626
6370
1364
6552
3829
10110
23
10012
10643
1943
9534
4526
720
2843
8408
3946
5774
6548
8955
6411
10650
2877
5401
4167
3909
1210
6243
178
9739
10681
619
8121
8679
2623
2560
9352
10687
9473
4189
310
7974
4238
9525
9783
7621
3771
1932
3035
5702
5398
9575
8411
6604
8789
10288
40
5981
826
4813
6020
7431
3132
8631
7519
9251
9330
9187
8972
9068
6985
10628
7442
7449
7600
10587
527
3489
6149
3295
5753
2318
6043
2691
6278
4448
6846
8488
894
4585
4620
3971
9952
910
2541
2005
4599
558
124
7077
1470
5649
5380
8400
8372
8655
5190
2018
1774
1212
1183
224
8379
1951
8991
5136
428
10610
1371
5453
4780
10474
3251
827
3309
7351
7985
4728
3744
8910
9785
8694
5337
2525
1671
5556
5493
7106
2858
1277
6396
745
7267
5844
10071
4693
141
9753
4900
9631
5301
2577
9604
2248
454
4868
7894
506
5016
3651
440
3250
9382
9513
6576
9088
1827
7634
110
10451
9756
2996
9578
3200
1517
984
714
1745
5801
7005
6921
1582
5066
2447
5938
6965
9988
8879
3098
9198
376
10361
205
7506
7375
6307
7553
2194
5472
7184
8764
8342
9241
2178
6032
3701
8064
6513
3528
418
283
3550
4074
871
2145
8520
354
8685
10020
2362
7800
9903
9880
8349
5261
5755
1140
5692
10661
5565
7632
10487
5697
4186
6543
9074
4554
2023
1633
1638
778
9509
4521
3735
375
2422
4979
5696
4787
7807
9474
6019
6859
4722
7042
8009
8634
4413
3346
1168
9055
1902
630
4604
4329
10223
3208
2594
176
3630
7615
3897
10443
7909
7413
10602
10402
4850
4887
3786
3933
1550
9797
10362
125
7939
3781
10427
3366
10676
1599
10055
1502
9322
5748
2014
3205
8745
8406
2439
7858
8911
9950
1416
5260
8516
9089
8275
9519
5264
1415
5003
4331
7245
7155
4396
2740
10365
9803
5925
4530
1829
8754
4580
6608
9016
10351
4958
9184
5236
872
935
6454
8269
2263
2745
9337
1933
9189
8360
8358
6474
8024
9685
928
8974
6009
3862
4377
9861
3001
5869
5945
9772
10695
1578
4435
10577
2509
897
3797
3956
4491
4274
9361
724
3018
5163
802
1918
10184
5252
568
206
3099
4547
9181
9824
2987
69
2385
9802
9767
992
3319
3373
6099
3664
9726
6715
2166
9611
6973
5315
8699
4030
858
465
10608
6133
296
5693
9741
1358
8811
6264
10595
10505
7959
8533
8246
4675
7356
10524
6337
2570
3902
2543
8938
2090
9634
719
7931
7884
8765
1255
2154
1287
7452
2872
8696
6416
6397
1518
2183
3025
5118
10227
7447
6761
5908
9895
8650
9469
9169
7920
4035
9174
8601
2802
10296
3895
5618
836
5866
7165
7191
7115
5475
545
4611
2409
3209
6829
9957
429
4899
10118
3672
10218
1979
9008
5313
2216
268
3931
10327
17
6717
1151
7098
4874
9081
6371
252
4739
1504
3469
4192
6121
8977
7424
6366
8357
5298
3535
2160
9120
6145
5607
7154
6823
10366
1552
76
10048
4984
10005
9029
7461
6836
6679
3092
3957
9771
8881
5485
3499
1079
7274
3914
4943
9147
6672
10097
560
10364
9564
1481
3513
4117
4538
2122
7079
9315
6767
7325
9261
9034
10471
907
1976
3824
7921
4330
2197
7619
3967
2228
4180
8730
10648
6422
8416
7149
3279
9397
6170
10317
8015
6726
3859
7880
9434
8134
9873
10338
1045
7069
3558
1635
2061
6648
4153
3760
4085
2192
1472
9466
1203
1454
646
9194
7410
6882
7605
10460
5664
3075
4561
3071
5685
3602
5104
9455
1579
1304
10518
5391
346
4598
5328
1643
2990
833
5134
6236
6707
9586
1164
7224
9201
3595
1292
5521
4638
1491
8290
7967
9636
9197
8510
3050
9642
8678
8624
4661
263
10152
5420
381
4499
613
4134
215
9050
10354
5198
7973
6074
7898
2835
3426
2865
3386
1112
9314
7011
3403
9610
8588
1693
5713
8046
10334
6283
3055
32
5901
114
6384
9618
1347
3789
5459
10481
1413
2445
5947
8086
7320
10275
5717
8949
3307
1408
9418
6635
749
3128
2787
8381
8993
5879
666
8597
1135
528
10062
9594
4443
3591
7411
6244
9964
861
2781
4199
9725
10529
1548
6298
1597
7142
1467
3288
7389
5573
7116
7565
10406
1525
1123
10142
7705
6476
3669
10473
2137
8071
9787
1340
3686
2879
6441
9991
707
9834
10356
489
3728
291
9045
3832
1655
5506
9040
4422
10133
10028
1840
2512
2065
103
8809
10381
523
8258
9359
1939
2666
9402
4584
4065
8320
5112
2106
8905
10401
6351
6415
6346
5820
10
8466
2097
5074
774
8468
759
5032
6316
6171
9675
7088
7423
1479
7970
8140
5394
6839
5662
71
9335
6704
6126
10022
824
5815
347
2807
6865
9296
8165
468
8223
4632
341
8562
6091
1619
5082
2490
8892
2660
10605
1927
2833
5179
8485
6861
3180
8690
1653
688
9405
2861
8756
7850
3096
10199
6878
10718
382
10141
10554
1531
338
6817
2347
8566
1251
3670
7740
3453
9104
655
7457
4876
8856
6628
4388
7594
2357
4204
7335
4326
9865
3650
8343
7546
5961
2073
782
4493
166
7849
7073
9272
9792
6105
5892
2489
5738
142
5336
10161
2499
9838
6557
6319
4333
1758
10008
866
10096
5415
4387
1697
4395
6313
7762
5678
3108
5322
6983
9094
8891
9112
6203
5983
1346
7552
7708
2391
1267
4901
1443
8377
9707
5847
2085
9319
8288
2119
9799
7023
1
1752
4672
3825
260
4025
1223
1377
7306
9327
535
10719
7991
6518
2212
6277
7887
9231
4502
8433
1926
2603
526
7966
1159
9257
10612
2960
2252
2088
6227
4525
6162
9516
8790
6903
4349
7317
320
6144
8717
5042
1084
9987
7428
1191
3827
4846
7089
9845
2803
1864
7160
6054
10448
8818
6279
1805
9945
4366
8362
2041
4440
1233
5911
9780
5169
7387
9715
3819
9350
9531
10395
2949
8461
1890
677
3097
8644
1296
7628
4391
5166
4149
2239
3900
8008
3342
6102
8493
365
4198
6888
2795
6827
3694
4405
3005
8970
3254
544
5447
4485
4946
5956
6260
6358
10550
5141
1894
3004
1898
832
6323
9719
8126
1512
6362
7770
10599
10073
3882
1075
10548
2202
7997
6453
2111
7889
7062
2602
7378
7211
1361
2009
1835
8555
2764
6915
3807
6523
1679
3589
2356
6616
9626
4810
9663
2068
4389
879
6909
10166
4959
3121
7095
4478
6741
8775
1020
1073
5849
58
8478
5334
6789
7557
1068
4451
3068
5164
6291
9551
10176
4612
8484
3289
1799
9602
7878
2500
7242
914
8019
4288
3795
3721
7560
6274
6055
9199
5614
1173
8598
10044
10486
1405
8242
8361
2813
309
5508
4090
5670
367
570
7611
10433
1541
10453
8366
4644
5365
6127
5041
8146
9843
72
4829
5090
4858
7863
6233
4269
6952
10151
3736
9607
6948
7054
7283
7271
1780
6447
1534
3105
3765
4960
3330
8723
9217
7772
4394
5995
3962
4256
1784
7205
1029
7210
5319
1914
238
7555
9554
395
4190
5881
1983
1936
3364
9680
2618
1033
10655
604
9118
10134
4902
4208
1321
6167
2576
9919
6914
5273
6688
9529
3754
5666
10107
3380
4318
9848
9429
7090
3932
1742
9344
9278
7456
9323
10105
2841
9484
4209
9371
8219
7275
3568
7896
6492
2176
4621
2521
10404
2444
7604
3312
5791
7035
1964
877
9970
10532
5735
4109
481
10128
8464
7313
6520
10259
6647
2918
4041
10450
4995
10331
10410
8480
7397
9697
8948
1809
6317
204
3509
1162
6774
86
5965
9009
2207
3046
7747
4717
5909
8845
9290
8556
3980
9613
3975
7679
8545
9687
999
3172
9817
5184
995
8412
2401
10271
9580
1044
3821
8441
2007
5288
9271
4659
9317
3466
7214
9355
4481
7492
4618
591
9489
2225
518
7870
5684
4691
3104
8913
4062
6603
5982
1650
6056
10392
1816
4851
6898
2634
1327
4735
1053
43
7
8672
7906
5590
471
2322
8091
7643
8846
10165
4404
464
4563
1691
2230
7579
10664
8257
1348
2480
5528
2149
2096
6188
5091
6467
9060
7233
6205
9135
4225
4136
849
1821
417
3718
10582
9419
4173
1922
9612
10316
5489
3761
2102
9445
4155
2232
10121
8574
10307
6301
4931
29
8513
1823
6920
3697
9011
3684
3344
5968
7993
9287
8771
9722
9409
6511
3280
6389
2947
3167
8289
7004
2412
6308
2245
7584
4606
447
5772
5993
6964
14
4393
9109
5663
5504
3794
6226
8170
10244
2342
286
3843
4218
2312
5750
7270
4019
2052
9152
6660
5004
4446
10101
165
9113
8852
6391
1339
7043
1138
6302
7753
10088
2188
3973
5228
299
10501
6541
1615
5327
10378
5659
3081
3142
6066
1427
5243
5624
4148
846
8443
3034
10147
31
8907
9306
811
9738
1484
3459
5855
2144
10194
6452
3191
9667
8766
7810
330
3510
10384
5611
6874
1198
5207
4423
3951
1088
9653
2515
8195
3724
4040
7923
2459
549
10674
5581
2300
4360
3095
9107
8092
918
5160
9536
2601
3633
8659
5097
4630
10500
4170
1888
9505
5805
4861
6120
8213
1204
6524
2673
5625
7357
6631
3247
10263
4390
6073
9125
810
6785
10663
1368
1520
10359
1205
7238
2332
4034
3849
4226
859
2033
1315
8498
7122
4719
7638
4784
55
1366
7293
3924
7504
2506
7199
5875
7458
8654
1573
4888
308
6507
579
1705
7276
6651
5107
9340
2994
7178
5130
5900
696
6477
6955
6332
9062
9149
7063
5803
957
5914
7006
5269
6071
353
4827
4798
10279
6758
9374
9284
7281
3246
501
9979
10340
1007
7152
2171
5383
4464
10290
9140
1318
4589
4429
1475
8871
6932
5317
8038
8572
9734
5831
4163
8669
8095
1613
5268
425
7746
10063
8391
9161
143
3820
7724
4345
8496
4788
7661
9103
10585
4681
5369
2309
2112
834
593
7732
5008
2131
765
9868
146
394
7701
8600
3808
8237
7721
3494
2184
3336
2159
6732
7485
5712
3410
9630
3497
2071
1367
2364
7709
10544
9122
3512
6364
3501
4574
3141
6041
1247
8798
74
5860
7334
2396
8305
986
8347
4843
5959
8414
5598
5761
7699
4131
8834
1761
4263
4212
4043
530
10298
5124
3954
7814
5063
5720
223
7907
10560
1779
1025
6568
3778
8273
9384
2716
6206
9311
6993
3482
4653
3402
6253
5725
6794
3869
5741
5800
1378
7398
1551
3136
8503
1631
4260
4453
6504
3810
5466
9553
5923
128
1009
1290
5342
201
3695
7440
10557
5517
5913
954
4020
9021
2361
8149
4689
9162
8394
8021
982
3696
6142
6076
2380
2486
6470
3206
5958
3089
6166
1187
6425
6438
4447
7499
3919
1595
4092
8234
10633
6245
3347
10207
5168
1273
574
144
9048
6272
8061
6143
2620
4914
5994
10335
4971
2770
4889
7322
7505
988
10098
4480
7977
8903
3850
6222
6684
3565
6503
9210
3887
3296
4403
3461
4909
4137
8697
7956
10584
8028
4794
725
6063
2051
5783
4311
2146
2696
2482
1370
1566
7416
10677
1516
6844
5862
3627
3308
3731
1037
2437
2999
1510
411
9593
7774
3259
5392
1317
7571
8969
3069
6645
4671
7987
4854
4890
8217
3392
5222
7673
9331
505
1560
7538
6610
7616
6404
9428
1120
10457
4682
8793
4707
7282
6569
3941
2737
5631
8540
4981
10630
10206
4878
10332
8821
2517
7189
2548
9485
6553
408
3391
8356
2291
2336
7822
6068
9279
5818
5281
3770
7235
5963
5850
7470
5061
2860
2363
4624
7321
6064
4123
9348
274
9264
7998
6276
7813
8867
6398
3382
6733
9932
3704
585
837
4806
4399
2615
5346
7243
1553
816
9435
302
2619
8141
2485
566
1063
9064
2819
952
159
923
7018
10136
10581
7899
1839
9289
2056
8681
3713
4925
385
2283
1824
5484
4419
1588
2871
3348
5400
9423
4089
5888
10498
10691
3160
963
352
9620
6586
8193
8975
9659
9644
68
8595
8116
7194
1161
218
4273
1200
6072
2915
1756
3486
6702
2719
2241
6024
5593
3749
9852
538
1330
2303
1612
1488
1744
10067
10594
1393
9386
9963
5405
3645
5962
3800
9886
2812
2669
9750
7844
5213
3248
6863
573
7748
8888
5507
1556
7265
2598
5167
4157
2187
4022
8453
8474
258
2664
9777
3233
8917
7014
9684
5248
5442
8247
3614
9913
2214
5457
2935
888
2954
1687
1819
3703
1972
8113
8187
8906
5152
7871
9703
4713
8315
9891
9969
980
7832
5503
7261
7223
8367
581
5290
2876
7135
9836
5975
1861
5446
3575
10420
4505
4771
297
925
1590
7765
7490
1307
7037
4767
1672
9391
2229
10144
293
6345
4222
2579
7575
6343
8314
692
686
817
216
7934
3889
322
6104
478
5378
5700
1889
5762
812
7433
4346
9035
6221
3056
2375
4069
2032
967
10033
972
6331
2704
6299
9347
7860
3374
10004
5601
2951
9537
9167
9451
8701
122
7216
10159
2100
869
9222
6790
1998
3590
1156
3156
4428
5688
6480
1575
10352
8253
472
4997
9057
3583
2932
5425
8751
3388
2180
4743
10143
7125
5488
1149
1160
8000
256
793
4873
9297
6197
3855
557
2899
3220
261
3740
6762
8819
7227
4305
4304
5244
9212
8800
9595
6822
209
3798
3539
153
1147
1967
8153
2433
597
3137
6027
4776
9916
1565
6246
7403
6448
9710
9823
7304
8417
10095
2243
1360
3304
2324
8040
1480
1833
3661
7694
5123
4187
7471
7654
8885
5241
10201
5834
1186
9561
1907
4088
2477
8208
10278
6847
1486
1676
2353
8848
1571
5515
4495
618
6223
6880
2847
867
2507
4982
4695
8039
4418
7003
8649
7706
790
7785
7450
3822
7515
7829
10247
2808
5050
3518
8925
10551
3958
7344
2133
5052
10660
2279
659
2430
3751
10187
2591
6315
642
168
9709
1800
3394
1917
272
10503
9258
494
6788
1912
3646
8230
306
4102
781
5286
534
583
1300
7060
7495
8241
316
6510
2564
1794
6677
10329
8463
548
1692
3525
3012
1630
2390
4694
9086
9439
7704
4487
1259
8022
809
6388
1049
7390
107
6249
8865
6786
10124
4605
10195
5455
1532
4962
211
3147
5156
2150
6995
1973
4685
8182
7607
9693
8838
771
7502
8895
1249
7890
7253
10119
6573
6819
709
2672
4514
1461
9676
2545
7741
7217
8422
1356
3011
851
1004
1834
7903
10468
7742
1316
3327
1623
9672
3833
5744
1278
9245
4145
8667
3146
5642
8527
7139
2617
3662
88
874
8735
3000
2760
1880
106
926
6365
319
878
6773
3994
4921
5386
3078
4730
4234
4259
9810
3726
10553
9237
1750
7691
5151
3878
5864
5600
1043
3010
5155
6777
7786
4590
4751
2964
8833
137
9072
9773
1097
9989
6549
9584
9458
6471
6461
5265
2135
9695
5458
5078
3367
3729
148
303
5113
5148
1270
1904
2210
4294
3842
3574
9960
2875
5040
2298
8675
8155
5278
5435
9472
5127
8983
6528
6894
1201
10685
3429
1865
10537
5575
7057
5716
9721
4998
2809
8877
9743
4255
7528
8752
2890
3500
10576
3379
3193
1446
1952
7124
9114
1624
8502
6949
1319
3531
1663
815
9665
9965
4775
10292
1093
4176
1950
3884
10192
10357
2800
1239
329
3102
8434
2542
4737
4792
6646
2818
753
4531
1563
1934
7207
10493
3493
7712
1856
4697
3563
1013
9619
6108
5482
9487
466
4028
174
4880
277
1069
9740
9216
5561
6866
5036
6803
9658
10215
5545
5002
1713
7640
2611
7393
388
8020
3495
4976
9616
3542
7288
7310
50
10079
6587
4229
482
2251
4162
10512
5092
3103
2929
6776
4969
64
10431
7573
8968
4587
6402
6209
4616
3332
7587
2815
3964
7606
5381
5939
8916
3241
2793
5733
2524
1735
7960
3124
4940
7975
273
10472
7021
10243
6555
5578
5496
1452
2692
2767
8410
239
1131
10436
7893
3264
5349
5764
1383
3074
4860
1357
4871
2630
624
839
4723
7663
323
1867
5256
2826
5172
7083
3927
8629
119
10376
10208
2377
5910
7509
10031
9218
3301
7524
4172
9092
7879
9396
10697
5037
6721
4050
6963
552
406
6213
3134
9805
3298
7479
2349
5842
7665
9930
236
5781
6082
6079
7897
3163
499
4918
3625
3127
8986
3358
9182
7078
8582
4839
1217
235
331
4576
3188
7776
44
7925
4216
3072
7911
5022
6659
1594
8415
4709
2891
1245
7769
1540
4625
818
155
7510
6744
8635
248
4014
7609
5226
8174
8985
8119
9917
3189
2649
628
1230
2339
7707
10035
6830
7368
9812
1451
1828
9018
1639
3864
7937
3420
3767
8727
5906
8346
5596
3149
9503
8514
5806
4110
1798
8274
10135
1988
1574
2723
2058
9954
9686
10272
9366
4509
4261
9592
6251
614
3093
3450
1014
1716
3905
7500
3418
4651
3100
6464
10549
1211
10527
8826
9247
8988
7086
5187
4270
2814
1080
9846
1607
8336
4241
90
7846
7930
682
8041
8285
9026
6052
6005
5131
1400
9692
7255
2262
9660
3245
9190
853
9334
7843
2274
7040
7562
4497
7572
1103
84
5952
4210
6814
5681
3440
1567
7033
5597
1660
9748
3764
3584
10077
10058
6951
2874
2884
3007
1826
5929
2640
9717
9754
5701
8535
6437
6322
2707
6158
7854
9302
2213
1359
2107
4805
5974
6820
9570
2828
424
292
1065
7017
5734
5108
10319
9909
7196
937
3779
6893
8446
9674
9136
10634
6280
3266
7346
7723
4819
969
496
10021
10369
5835
8529
4704
1148
5809
10698
5005
3968
2151
10202
7761
2491
10002
10186
4815
2824
5665
7038
2275
8626
8167
5395
6270
3755
7917
7204
3211
4308
4992
3540
1941
10083
3599
5385
9457
4438
2597
1410
1214
9158
9422
6439
4791
7596
6217
605
8296
645
5500
3088
9211
8283
5208
2870
9100
5570
5837
10342
8430
3140
9134
9462
938
5520
3229
1862
1669
8197
4343
3943
3013
18
7574
10162
10424
6577
9003
9492
5431
8452
9996
1570
1743
7009
9822
9908
520
3937
1658
3472
2475
3948
3934
7153
763
4703
7236
8027
4427
7658
7729
1091
3608
1101
7379
958
559
6990
6834
1519
8839
6128
2484
6634
366
6193
7531
1948
9764
808
8203
10217
5013
7685
6783
8368
2569
3520
3282
1664
10383
10715
3370
6966
8115
6572
7927
4252
6683
3578
10238
5946
6605
2624
6399
6101
9377
1006
2049
4011
269
1993
265
9106
10470
10423
8048
290
2912
10285
6542
9844
4141
4257
6871
288
7757
3107
8069
6044
575
850
7483
5350
9914
6229
3949
9292
7801
9399
1843
1848
3947
1694
4181
6369
233
2647
1711
8374
5096
5737
5452
1462
49
6673
5354
6004
7790
8298
443
10146
7656
4742
7180
726
2238
7932
2330
4125
169
1001
3252
2148
197
6122
3793
647
4140
2758
8565
8758
3485
1155
4135
973
3287
7151
3638
5882
5594
6600
10027
2308
10032
6031
2044
4372
4732
4718
5955
844
4489
7913
10347
349
6668
784
8239
5751
4018
1439
6097
5085
10057
6885
7865
5406
8225
787
7684
5139
4577
5339
8059
2627
6625
931
2404
9877
1248
4855
92
5511
5437
2851
6423
764
6748
5469
6047
10640
9920
257
7240
9411
7651
9353
8964
5582
8504
4859
2997
1176
3896
9541
3516
7955
10490
7680
7084
8583
6015
1456
1092
6118
3239
4441
2583
7566
1372
919
4307
5699
537
9412
