10627
4074
9753
8815
5961
832
5296
3293
956
1678
1024
655
9992
10027
9615
1376
6655
7168
591
5383
9212
2535
8918
8168
4250
5275
4643
3415
10131
4036
7940
10379
6551
8064
10701
1521
8434
8182
9541
6508
2899
1665
457
1773
1567
2413
9218
2822
2002
4127
10511
7877
1914
4316
7507
8580
3004
8414
10441
5633
3350
10232
4385
3673
100
605
9449
1772
8520
8922
1915
5857
3988
2174
3992
3858
9145
880
10037
6346
9219
597
181
3771
1119
4674
10158
1272
8602
2975
9603
10638
3357
3435
6666
8315
6839
922
7971
7156
8333
2260
5189
8962
7416
2621
7824
9367
4839
1790
8845
3990
3891
9189
8097
5992
2628
7976
5566
9228
1114
6690
7391
2315
3975
9110
10466
8256
5861
6456
430
2129
6060
7139
2604
10234
7557
4678
8266
3018
2886
7187
9903
10646
7327
935
2745
6989
3394
3543
5726
2279
8629
8574
9586
1933
5217
4916
6791
6018
9893
10571
7308
2704
9264
7425
1703
6163
1730
6900
2966
1386
2659
3961
1875
3194
8938
4866
617
6890
3745
7125
2708
5332
1330
2820
10560
9777
6340
9222
9887
7080
9540
3704
5973
4444
7782
10154
6424
4406
1845
5564
7783
8106
677
2341
8052
10356
446
3725
1993
8649
6215
4796
6512
1807
4106
5918
4196
6658
6002
4610
2512
6231
7985
4226
7004
744
3984
10691
9247
487
887
8409
8102
493
8900
7166
2609
1526
9826
28
6454
3159
933
5584
8790
7082
1438
5645
8609
7370
3503
4807
621
55
5302
7132
7061
4463
5492
6226
4713
2751
9134
2912
6130
13
7982
3378
2699
5192
8698
5051
10644
1828
601
9905
9290
5866
454
9254
8281
8254
5913
7142
240
1831
10454
4650
10022
10244
2445
5097
439
6630
2459
7456
4023
5888
2793
1408
6188
9529
9817
7959
9479
3997
5993
7039
9339
345
6293
2110
497
6847
8880
7698
4719
2491
4975
9951
2343
570
6189
202
5581
4711
4590
8341
5021
8659
4825
973
4383
4519
932
9832
2213
4662
2654
8747
2418
10370
9559
6408
3815
7474
841
8061
8966
989
8353
1717
9967
2265
8625
6677
8753
3473
4954
7128
9555
4171
3617
334
2680
2996
3245
920
8553
9311
6439
3491
5229
2077
2239
6581
4761
4015
3844
8541
7118
9394
7350
3391
229
5698
3396
311
1072
10318
9029
5927
2268
1469
4228
7037
7842
1705
6731
968
2123
10273
3294
1749
6669
546
8657
7282
6370
9365
8273
1012
8286
3179
5110
9047
9119
4544
8347
3287
1139
8710
9894
2623
2356
5717
3487
8832
10243
9531
5219
8294
2417
5459
1982
6872
9343
4770
5636
9616
8788
5148
2931
5675
3777
6866
7800
5475
7509
3246
4763
6782
978
8529
9403
10393
6347
388
6833
4130
217
4531
9618
6578
8170
7400
10619
1681
6033
6181
3065
5848
872
3443
9780
3681
7109
1927
9886
9863
4915
3237
10289
1446
6876
8968
1342
6209
7364
10133
6609
10236
2602
6250
5423
8944
6440
7566
2662
5427
22
5943
580
3901
2827
7551
8292
9496
8050
639
2175
6372
2620
3969
10067
6249
3877
4304
3026
10250
1548
3119
3264
10431
1471
4848
7696
1236
8410
4176
9397
10339
4604
2379
3637
6724
9850
2201
162
6652
155
9036
27
7811
5309
5899
7736
108
2758
4219
9607
10051
4081
536
5251
779
2173
7034
9211
6168
8152
5271
2729
4709
7837
8530
2878
892
9662
4194
8667
10424
9783
9022
990
1326
10206
6121
5432
6498
9728
928
7445
2983
785
1444
3319
8794
7339
1495
5319
8351
10446
9035
1008
4326
8091
9078
3498
821
6914
7794
775
2655
7596
895
99
167
1449
7483
10177
10049
2424
7872
2941
2434
1576
306
5910
7228
1504
1337
8085
5965
4384
5990
2933
7174
3976
5254
6402
5139
957
4633
138
4865
5884
8290
8226
708
4168
10593
81
9416
9749
2122
8139
360
7889
5145
9755
2205
4375
7045
2825
10147
7642
9873
3936
3324
3175
6167
2967
3423
995
9125
7731
7928
4765
7165
1187
1237
2111
1410
8128
2187
10694
3219
10219
6784
532
7044
5443
4363
8509
6624
9239
9076
5728
3151
5555
120
3878
4801
7151
1399
3972
4216
10597
5480
5850
9869
4446
9098
2646
1275
4356
8579
1393
7378
3734
2301
10162
4684
974
2019
5365
3289
9405
428
5623
1152
4116
6543
2364
4823
5664
2176
4597
2390
2306
8181
5103
9477
3270
862
6585
3497
1872
6441
7522
6913
8765
598
8694
4460
6082
5903
2074
2617
6337
9748
4105
5288
8149
8079
9530
6269
4159
296
1478
9946
2554
1080
237
4401
2420
9502
8519
2198
4417
8384
2449
2700
3492
4100
7254
2675
8247
6207
5730
8220
9752
5736
10189
8356
10245
1851
9197
1942
2382
6747
82
2480
8125
9104
4416
6164
8596
4683
10514
7150
6380
4623
8594
9375
9795
5360
4637
4390
1682
4648
5483
1176
7897
10414
894
70
944
8894
9639
2713
5978
7226
9865
387
8255
9931
8748
9289
8326
1124
436
614
10477
1706
10091
7470
4906
6962
1551
5062
1481
1930
4013
7342
909
7707
2982
9922
2946
4930
5497
3053
10008
5731
8245
3713
3523
318
8132
7806
8211
3570
6899
4361
9046
220
2426
2257
1483
6080
5488
4243
3934
6148
945
5300
1956
3074
9116
7511
1853
8218
6895
7175
6128
3743
1698
8433
2738
4505
8573
2742
9240
9241
3587
619
1029
1763
6727
1391
6953
4999
2421
8865
2244
8679
5657
519
609
4012
173
1131
5281
773
1381
10547
2577
682
4339
1899
2686
7185
2821
2552
5489
9463
2532
762
2048
5224
9840
8841
5247
6880
266
7762
2305
8159
8385
483
5324
1827
467
873
3094
6877
7158
6528
6787
5615
8578
4223
377
1425
5676
1659
5131
1042
367
7155
6768
5605
1726
227
34
613
8516
5765
6047
1564
479
369
10088
5999
6284
6592
5874
8421
5666
6745
9191
4838
9740
3779
1217
2430
1701
8638
3236
7345
7755
7286
8007
5930
2958
8104
8021
4900
159
9170
7687
9702
379
384
339
1563
9468
5819
5867
975
10684
8734
5209
6027
3446
3501
2564
10651
4200
9892
2165
9729
7421
5877
3212
6100
9178
8156
4693
2225
9190
5757
5722
5249
2643
7171
6448
355
3814
8477
1235
7256
2497
5090
2300
3955
9837
78
1434
4877
3964
10387
7287
3283
4660
6540
5088
10396
9794
6275
10019
7724
1544
679
5076
9953
10152
5223
6381
6882
5205
6539
9294
1508
4758
5849
10315
382
9676
271
1197
9535
1318
10664
7974
8088
4388
10695
3737
1315
9745
1138
316
1404
10554
5619
462
7309
8154
1270
90
3913
10639
3762
3919
444
2789
3349
840
8135
9703
4596
5452
2423
3309
7089
1512
6445
2284
4017
5446
8992
9439
3242
4817
5649
221
8205
3582
8608
9124
6909
3680
6661
706
3404
9993
403
734
7123
3606
9552
5395
2676
6117
8143
1283
8027
9999
4458
8051
7581
4561
4632
1644
4075
7569
8113
8839
8651
8435
5246
9021
6960
6626
3830
3123
1301
5951
4
5893
10626
3784
6029
2206
1284
4816
3945
4010
502
8466
3062
7654
5028
3816
6641
7640
5519
8494
5080
5509
9255
7316
6170
7700
6483
7380
6048
10444
3862
5083
3927
2277
3929
937
6971
10012
4272
6906
6687
10649
673
8072
5353
10636
317
705
9934
1728
3035
3170
8448
3994
9681
5059
272
10059
473
1983
6126
4452
1231
1766
9859
2419
9723
4288
1692
7058
4841
489
3754
9387
1285
3387
4112
729
7042
5325
1053
2594
8810
7415
6471
3675
9692
722
4167
10187
8849
1364
1238
10068
3937
10229
4952
6664
1171
10134
6821
6086
10698
5934
6510
58
7670
854
2587
4102
9601
4745
1840
7372
6205
6719
2639
6653
5149
4699
1360
8173
2988
1604
4990
6449
4109
6694
7844
4279
3370
996
9508
10495
3368
1474
571
5373
7381
4195
7057
6397
9012
5366
10359
9299
10558
2408
4571
6773
7745
6349
7428
450
8228
6063
6681
2595
6527
4714
1842
2329
7296
3033
5587
1891
7814
4931
1509
4971
4204
5945
2528
9351
10320
7765
720
6965
5801
3863
5374
4882
8363
9070
2150
3991
5890
6292
4499
7750
6463
117
214
10630
3729
5531
6476
7770
2290
7848
1591
1739
2971
535
5218
6920
480
6691
7997
8060
9487
8507
9303
4248
9384
10371
3780
792
4642
8394
4068
5140
10611
4810
2166
9538
7933
6219
7263
2365
2308
5389
5901
5907
2405
1954
5646
4408
9262
3860
6563
2084
7927
6746
8611
8685
7701
5270
5357
503
8259
9066
10686
7341
7710
6503
569
2370
1634
6435
1063
6668
3552
6024
2917
9637
4558
5156
1076
5652
6073
10122
6145
4014
4652
9751
3507
2194
1215
7257
6680
666
8783
6183
2969
9345
2055
9492
6037
3421
8217
7711
1222
7664
1447
7735
5516
8539
1057
9710
6873
6015
5334
1979
238
644
465
5667
10213
2443
549
4376
2245
2047
6648
4721
5806
8400
6840
636
811
8342
9532
2915
7295
10226
7324
10132
4016
3619
10057
1841
1886
3999
3912
3258
10419
3462
6697
2392
10361
9906
1317
2354
6831
4966
10314
6256
1277
1799
5719
2806
4255
4242
7685
1887
10266
4325
7315
1049
10660
9383
8874
6291
5466
2494
3091
1245
1048
6218
5119
4904
5204
7733
165
3840
3445
3190
6111
5552
3081
8308
5917
10471
1522
8755
2633
7682
1945
3222
4206
2811
3373
5269
6561
4348
1423
8807
5807
3633
3275
4700
7699
9716
1971
4690
10697
3176
10003
5018
8010
77
1021
3223
6505
8714
2682
7203
2823
8800
9743
9424
4110
2864
5299
2357
4165
4001
9683
3399
1985
5493
3923
511
3591
5530
8730
4539
3366
3899
3551
5401
4327
32
8661
1220
2178
5317
3890
2743
6647
9122
1874
5085
7481
5186
8706
687
7090
8096
9744
624
3310
5662
10545
7719
207
5442
10696
5798
1060
2064
3447
6267
6404
2583
2094
29
6993
5523
2697
145
8305
7645
8230
5883
4008
1858
4298
6228
4602
7433
6191
8311
2560
3180
10304
1923
9689
8802
7269
4350
9335
7748
8026
6225
3910
5079
9884
6795
8265
2838
8431
3416
10001
3944
8877
4567
5596
2475
6621
2238
10178
763
1940
6180
890
1261
7072
4217
5253
3009
3331
6824
1123
4543
6852
264
7726
5160
5814
5385
900
6412
9647
1253
8261
4264
302
9411
10365
1668
10230
5158
7084
9998
9328
2255
1383
3321
5435
3954
4290
4873
101
2263
10583
5239
2787
9924
5968
5116
5804
10544
5929
3114
9007
4808
8082
4056
8662
10023
176
4067
5738
1218
1005
8009
8973
9717
3738
3197
4638
1707
8543
6173
6984
797
10165
153
8043
7440
793
505
6522
5933
9286
2842
5871
9895
9205
6335
1183
6241
6087
9718
3548
1487
10629
4929
5577
7119
5711
8703
2489
4347
4479
5746
10575
1492
747
3129
6907
6675
8314
5462
1365
3532
1760
9231
716
9519
3699
9579
1463
3278
477
4482
10503
6116
5946
4852
7010
9150
7721
2023
1750
4749
1460
8818
3495
8398
6855
8806
5277
9042
6103
10135
9590
1078
8116
2330
9342
4626
1353
500
9898
10337
10372
9140
178
5771
1177
8764
9089
15
5144
4150
5784
8013
8907
9835
9379
7912
9118
1374
5056
9202
4022
9466
4481
8163
114
3610
9513
8439
9996
7097
2803
8884
10653
2320
681
6998
9971
645
10480
702
9573
3388
3213
196
6035
6753
4318
9093
1394
2302
7693
7244
1719
5985
5305
5013
5290
4428
9084
4667
7962
1278
5938
965
2759
8045
8831
9161
7600
5411
6874
1781
5974
5537
4876
6619
9213
6613
2994
8568
9001
8941
1010
6650
9634
5372
927
5460
2504
5170
287
4827
9462
10101
4766
7881
5776
938
494
3839
9261
10400
9811
7666
8701
3199
4870
7875
4686
1952
1332
8425
7218
4615
3386
867
2161
3464
10410
9188
7563
4121
7915
8789
9193
321
6979
6555
6120
4753
961
3058
7686
950
4197
1558
9995
3828
2847
5082
9267
6701
4733
7420
1020
7996
3714
5133
4026
7537
8209
9194
3003
1452
3810
1648
8985
6416
3085
4413
1286
8671
4849
3049
7491
786
8647
6942
4885
6788
10510
5962
737
1486
1062
2242
9053
5727
7749
7356
358
9741
9714
2740
2278
10225
5161
8873
4939
6679
6289
5358
6065
9246
5836
2464
7911
5751
3584
8321
5193
2274
2645
3539
10034
3154
6842
7561
5463
10269
7455
6085
10119
2282
7331
8628
2660
10439
1134
7007
8953
5742
1654
703
8652
4729
6862
1414
5153
817
1835
2375
2153
8318
4883
1812
1153
3920
5697
6295
464
1439
9108
5508
1783
7047
2605
3323
495
9707
6967
1980
8782
8276
7311
10561
6558
4254
9227
2797
5561
8741
8887
5035
4974
4048
6645
9828
163
5273
6359
10235
233
1128
2559
5019
3822
4695
4792
5298
8824
1244
9195
10349
6238
8986
4565
1937
4274
8566
9048
9333
7095
10345
5378
9936
6705
5621
280
5780
7038
6632
3257
9734
6288
3422
4439
1664
6066
8879
7734
3376
3529
5500
3459
10129
1663
2883
1958
9560
9978
3301
6949
5004
2391
829
7545
2334
4936
514
5344
160
1609
5091
5785
484
9199
10327
568
4374
2102
1142
1642
141
4803
5202
4072
1758
683
3720
8903
8861
5033
10011
4653
97
6011
4497
10682
6709
1531
4411
8526
4051
6518
558
7791
4529
4523
6570
6457
5256
2588
4629
3612
9444
4646
5143
5718
8428
2771
1672
9166
8437
7251
9772
5758
8833
8653
7668
9997
10341
9739
5515
5745
628
5194
1974
406
4422
7024
6596
4080
10434
5512
1355
356
9226
831
4775
1485
943
9393
1670
9930
6174
1602
8522
9300
5919
2867
7674
343
7163
1960
10539
7948
7094
3177
1348
1658
8784
8500
3069
2943
6885
4472
7238
6975
10138
7737
3614
8107
8767
883
7255
6176
8711
5468
3489
7803
109
8497
724
3596
3131
9427
1970
9374
1325
5063
3206
1810
2732
7164
4467
8360
8375
9063
2103
5982
739
4978
5660
9414
9849
67
8869
158
8544
4696
1689
4328
2961
6110
2690
5872
4890
3857
8452
893
7242
6507
4528
5243
9177
3345
1145
6856
3337
5036
4330
4064
5823
7917
9730
2519
2561
9627
9041
719
6134
3400
10102
2402
5117
2548
3132
3935
608
693
6618
3803
2764
8977
10238
5558
2584
5870
8920
2608
8743
3203
7064
3973
10541
4157
6798
9942
7624
2944
303
7951
2109
7219
10516
6634
1931
2533
7594
7247
3540
4869
5769
7459
1695
4434
1216
9713
803
2347
3576
8925
8726
2809
5370
1367
1246
5191
3424
354
5749
986
10700
10080
8896
7627
2269
9870
3226
5786
10621
1117
10518
815
4202
839
9304
83
1697
89
1043
4117
289
8093
4938
4352
10218
4315
10287
6500
9
255
5735
2702
7243
9525
9785
3841
3550
3756
3216
4526
2691
10227
2642
8819
8563
8614
1040
9963
9731
10467
10555
3682
798
7457
3480
7129
8837
10438
7708
3335
137
3574
4501
4149
2952
7106
9562
1590
5881
7573
4215
285
9640
10591
7952
8031
7606
3717
9814
2219
10632
5637
931
5689
10529
4815
9805
10481
9106
7554
5679
6769
8864
2890
8054
7863
8537
5303
7305
6353
6830
707
790
5826
5151
2080
258
6811
4510
5743
3928
4238
8474
1405
5565
5705
180
3427
2765
10403
2877
5628
1523
5263
177
559
2774
1639
7041
4735
5991
8586
7831
551
10000
10215
8588
8942
5579
7709
10127
2296
10302
3104
10224
9575
1321
2266
3836
6994
997
2698
4126
1375
6698
1767
10237
8752
9152
2286
3894
604
2127
8982
3703
2945
7942
7260
5952
4860
7899
3741
869
8758
6608
2154
6492
5983
2488
6363
2586
3788
1917
4740
9265
2894
7795
8002
3381
8370
7925
7823
9158
2836
3686
8510
3147
2471
6094
6482
3012
6491
3565
9372
2060
1203
6696
8012
4366
5168
3527
9614
3218
6386
6881
8166
8090
3077
9102
3499
7796
8046
2083
7591
419
1913
4365
1136
5916
7390
5486
700
5005
4747
9277
2005
5232
2725
6584
228
249
7965
6070
3922
7981
8595
9636
3195
7357
8389
5136
7325
2542
2908
8927
10175
10334
9701
5709
4791
3225
6926
10623
8298
5797
8501
7447
6012
8692
2964
7159
4284
5022
7248
1269
9982
5197
5768
911
9435
4661
8939
6494
8203
8320
6196
7493
5597
6728
10185
1674
4664
1457
2001
7576
10421
5012
9921
9725
1456
726
3011
1822
6197
5511
4186
9164
6843
4340
663
6816
8191
1583
8971
2550
6947
1661
8571
7902
3032
8498
9821
4856
1797
6671
5669
5847
140
9797
3586
2598
1801
3450
1723
9732
10321
1578
7727
818
8947
1865
9804
3455
8780
7
7497
2618
2322
6366
3875
845
5183
4636
6108
4317
192
9028
5756
2444
9160
6513
7667
6030
1443
7582
9778
2937
10650
9356
10423
2072
9510
7904
2295
1965
4822
9455
8040
1897
7999
2262
1351
9561
4859
8234
8304
8372
4509
10521
5363
9039
891
5451
9203
9085
7404
5591
9340
530
5793
7818
5211
7450
9402
3508
187
10082
7913
3322
7553
9563
5545
8103
231
1722
1204
7638
10274
7059
5514
9187
2040
2134
501
9275
1094
6660
7332
1501
6934
1312
4520
8105
4875
9149
4782
8366
1307
4380
6042
8293
9180
8339
9758
6765
2457
45
5638
4702
3112
8957
8575
8998
2695
7408
5971
9382
8346
7069
858
1871
7432
10397
1836
7136
6883
10462
5398
8592
4028
2600
6837
5544
1016
9020
1116
7715
871
7556
5047
7328
2902
3787
6721
8328
2935
9395
4047
5354
4393
305
2746
6556
10394
5886
5050
3896
7276
5025
9803
810
4555
5030
2184
9547
6124
340
9473
9301
4569
254
5068
6755
2291
7167
5114
5860
8207
5400
2613
7957
5393
8893
7073
1224
4892
3542
5027
286
6377
5551
2429
4207
304
7077
9445
9156
1846
8930
6320
7961
4265
4357
6264
509
2367
4294
18
9453
10089
9415
638
8025
3847
6371
3014
971
9773
2947
5015
3808
7583
8185
1276
133
8248
4779
8481
3064
2845
1389
10253
3980
9796
8919
3432
1472
74
7586
7963
1227
6465
5574
919
8075
6797
10452
8371
9672
2571
4394
6201
5162
1111
4764
5879
7888
6523
366
3374
6826
4923
3392
4032
3277
2436
7574
3636
2476
9711
1451
1873
3371
5458
4720
8589
7036
235
7884
313
9670
8422
10153
8123
5629
9296
5747
7410
10661
9836
2142
5764
5700
5274
9851
2590
10240
10475
1308
6803
455
6884
1401
7694
5487
3664
5789
1656
5230
7862
1794
2641
3712
6301
1762
3571
4293
9242
9657
1870
2875
5124
368
7485
4940
3796
5501
2694
7580
9320
3425
2359
9120
9280
718
10568
3846
8171
4473
7743
9159
6001
547
721
1180
1826
3522
6314
4955
851
6131
3866
1572
2799
4619
410
5590
2015
3140
6341
3941
174
9623
10708
2612
7210
4986
6545
7140
4465
3739
6020
5972
6757
3256
2049
6715
4964
2976
1713
8179
9874
2190
5105
8860
2566
3201
194
4879
2287
2763
9690
7358
9077
1310
9655
2644
6509
8244
9263
10429
9210
807
7914
449
5760
4364
6109
3269
2340
5311
5129
371
3881
2117
5333
3702
5631
9542
8626
5326
4935
4680
7786
4437
5955
1519
2030
6996
787
7137
589
7754
9788
8373
5422
9307
6950
9853
2887
357
8423
2783
1440
3886
80
3982
7570
10526
5772
2843
2328
8048
349
903
2582
8296
7781
5611
6595
2220
5014
4507
7605
8300
7934
4455
1629
8397
1669
7194
7758
7777
6750
6104
9451
7320
7353
9281
6390
37
6221
8700
9475
3818
6925
8081
5121
1228
3641
2202
8263
10440
7220
1947
10123
9653
2113
3184
5905
7127
4515
2481
5761
1191
10159
6982
10064
5272
6159
8352
6351
416
7205
6455
93
3906
4210
3537
9423
9309
1514
7560
1610
6567
2930
8895
2310
865
3460
19
9515
5846
2151
7593
9038
2415
2378
3820
6915
7093
9700
7055
3079
9257
5304
7088
1771
5588
68
5444
5573
3801
278
4131
5287
2362
9582
151
10637
3006
2998
8142
3134
6550
1093
10533
3474
139
10095
3786
10702
2670
3685
1555
9902
7496
10263
9493
1160
4774
8883
10460
8675
1643
9706
9658
7623
7621
9845
753
1477
10115
5533
8278
8042
8238
1640
4538
186
1774
5589
6903
2734
9101
2545
5912
856
3340
6276
8630
7918
2919
6893
3907
1677
7508
801
5377
4798
8584
6743
9727
10
5164
10126
3989
8786
924
5650
6212
1436
2303
1095
10522
10540
6536
852
314
9695
9612
7237
8241
9323
6868
3512
326
7484
417
5740
1041
6959
7104
10377
9251
4402
5538
4950
10605
1293
9469
3632
3127
9833
7427
1000
5430
550
1208
3794
481
9506
3821
10408
5379
1529
7050
10504
2705
2739
4937
2135
9431
5316
5518
7412
8756
3618
8359
4606
1431
10114
3346
4281
9073
5072
749
657
3656
353
1990
6350
30
701
5543
10620
3056
277
9308
9774
6488
2568
1811
4493
8388
6369
8412
7115
5655
1747
2036
1079
9306
9366
222
10035
9916
7564
10451
4119
7046
2473
3465
7120
4704
7360
10220
5979
17
9940
73
4033
1219
5264
2249
8760
4621
7500
9341
7075
10615
8598
6535
4418
8008
10247
5643
6607
10347
6161
486
9816
4057
2755
2085
4372
8610
2979
7503
8820
548
6936
282
6692
9037
9260
1213
8935
1018
5808
113
1453
4059
4516
10355
7054
1925
2882
8110
6805
6846
3555
7676
4884
819
243
5449
4559
6190
1445
7857
10216
3274
7759
2096
4319
7771
6195
8413
5834
1109
7986
10155
5491
10254
5909
2502
1366
8262
8472
2865
3292
5586
8442
9061
9011
2487
6287
3838
4488
9486
3766
8749
3981
7183
3164
3470
3161
8724
10103
261
6685
6538
9176
10151
4253
3853
6475
8533
7544
4320
648
4921
6362
5180
329
2324
5268
3334
2711
4627
51
5415
6707
6497
1944
5630
8757
6316
10657
8660
4725
2596
3559
10376
1714
3363
1083
7351
10678
7030
10203
7797
7659
555
6101
9388
675
696
9620
9989
8850
6079
587
6940
451
10110
8223
10282
4306
2706
9959
9132
4645
6741
2043
1108
9830
4474
7923
8109
8424
8458
6988
5089
5790
1304
3998
5549
4518
3918
2683
10489
8858
7065
7725
711
2556
2872
8047
7756
3385
3639
8847
949
1545
541
2710
6257
7760
953
4170
5527
3029
1546
8450
241
733
9566
10265
7632
460
1778
3298
2957
2681
9459
8777
3326
3952
9505
4389
1769
9976
10020
3365
7442
4321
9677
1027
6865
8664
3204
6274
9252
3967
6022
1267
4164
1539
1547
8702
10530
2044
7476
2350
3115
8503
8921
383
5364
10124
6964
10176
4685
1786
8813
2104
10672
268
2652
8581
6537
8881
4830
10199
6395
1752
4295
9557
9901
3615
9441
7778
9428
7613
4252
3723
3715
5598
8891
1676
6559
2508
8906
4780
6156
8650
3813
5822
9793
8445
5355
9631
3228
7204
1693
7555
8666
2066
4980
2723
6367
1031
4480
783
9520
5447
2914
508
7133
6858
10146
554
1421
1738
8270
7514
2179
4103
209
4985
991
242
2159
592
2469
9169
2997
4521
4496
6336
5687
5034
788
878
2807
2133
5925
2012
9760
10506
2010
7968
5404
7639
9977
1885
3938
6714
10246
8534
2029
4957
522
2177
224
2846
10281
5073
2529
2616
874
2082
3016
60
10306
5980
5924
1313
8130
2203
1710
9147
9185
3273
7431
3789
8216
2361
9784
3490
4998
3895
5656
1306
967
4541
4256
6487
6115
1624
4592
1637
2121
2841
2565
736
9646
7199
3535
5331
5157
672
7329
10045
10692
24
8738
596
4436
429
2063
626
5995
2409
121
6240
310
7225
4715
2383
7434
8697
661
9055
1320
8403
10105
7901
4917
1612
10025
8505
5767
1757
1582
4222
8909
4903
301
10596
8039
2505
9862
7886
10181
9317
10399
8768
8504
5128
8383
7540
10640
9929
825
1475
4030
7126
4706
8863
7815
10478
7270
2855
4397
6096
2500
2948
2929
6477
2139
1628
5146
4504
126
7660
6202
3304
247
5159
6793
10094
3888
6674
6516
3513
8029
9880
2647
7460
8470
8695
9381
7520
5394
2141
8829
8876
5221
5006
4173
8151
3956
7366
5386
7152
9824
6688
8722
10524
7441
616
1732
6034
5408
5725
4412
7787
3732
3727
2636
5559
8622
9081
5713
9776
9628
5190
1560
10386
1143
3876
5431
8620
1497
8193
3313
4231
863
4899
5592
8955
5120
8367
10032
1328
7732
134
6466
8872
244
5733
7490
5882
10643
336
8299
8709
10658
4694
4748
2601
5283
4991
9338
2927
7656
6878
1356
5343
2256
3375
1132
5280
5207
7208
7852
3792
3613
10145
9720
8396
10676
8063
4795
94
8120
907
4424
8787
8546
6908
8484
5981
71
4191
3359
3153
7775
297
9991
9497
3598
9518
5382
7346
9661
7334
54
7108
6052
3021
9332
10328
42
3090
4742
512
2338
8065
4599
4630
9652
8313
2599
6009
7973
3409
2149
4310
8345
26
5070
3145
9271
3137
10616
6067
9975
4656
10647
1893
2603
4947
3173
4241
5024
4462
10390
6112
557
912
6590
10654
3594
183
2858
8451
3010
1441
1896
4787
6297
3620
3426
5654
1023
1050
2091
3911
9359
9460
4905
2911
5840
10542
3807
8897
8686
2672
4579
6802
361
9121
9674
4183
432
10671
96
1412
3431
8112
10310
5532
1936
9305
4799
4438
6504
2735
2859
6182
5096
7383
1121
9483
7359
8183
6242
3059
6640
6045
10381
5622
8161
1150
1967
4332
5875
9236
7396
3593
1919
6003
8464
529
6751
7675
8001
9137
8257
5954
3383
1327
2921
1934
2138
251
4129
10233
7513
6391
1104
2541
7462
6735
759
6423
8924
2466
9458
1711
8137
7250
8253
3476
5010
7896
2076
1221
190
1525
3329
9943
3481
7922
7147
10278
7110
9920
6956
963
7157
2861
7780
6394
1574
9465
2054
9155
3316
8898
9842
8773
293
5233
2754
8374
3561
10391
560
7102
7630
6091
4118
6736
6867
2664
2209
947
5323
10422
3332
9533
9285
2293
9133
9592
5560
8136
3583
4490
1510
7534
4155
2119
6815
9461
8078
10674
7938
4485
7479
5949
4772
5043
6051
3311
7679
10594
9425
7202
2840
6987
3098
7635
5490
4550
10242
1071
2693
7012
8240
8080
5855
2160
2332
8621
4158
4492
373
3266
8838
122
9539
210
2004
8582
9715
7274
2932
2863
2926
333
3306
9589
8618
7882
2611
2907
7480
1902
1390
7960
2486
9184
3390
4069
3444
4640
9843
3034
5894
6411
5215
4943
1833
3109
3616
10587
6748
9802
10209
10531
2901
4369
8419
2989
10343
8603
6312
8496
8776
5384
6973
6600
5568
7301
9009
7900
8885
7850
5428
3848
3320
1562
1167
1266
9410
6651
4797
8024
6969
3354
6144
7184
6430
9094
6602
3398
2137
3263
2455
3823
6095
3883
5052
1105
5195
8177
6720
10364
4691
2563
2325
4983
3798
9215
4213
8655
3007
8202
2000
9604
7718
8524
8868
2950
7347
9650
9097
6794
4179
6944
9051
4282
5928
583
1566
4107
7429
1570
6438
1225
579
5678
5887
442
698
10074
3146
7943
7865
4151
3695
9349
3736
9979
9434
7116
4723
1928
2441
10163
4508
9392
4070
7744
7531
7397
8910
5345
9664
2769
8407
7532
8960
5975
4391
3364
6392
2779
308
7122
10167
1402
5976
7730
1630
2677
3230
5426
7587
8785
6409
8871
9517
7413
5421
4622
7738
5752
2259
10590
7609
9266
9196
1210
8899
8172
1832
676
5724
8851
7371
4517
2539
5914
9088
10633
2014
7011
7303
781
9151
5419
7467
8237
2447
10087
1718
5448
8970
1963
1819
9597
7300
859
3885
1889
3730
7601
4494
6571
9291
9855
8615
908
3519
7016
9207
1149
8195
5175
4707
9735
4901
8180
8547
9879
1144
2972
7617
6373
8417
4718
6774
4872
1620
7245
1182
4270
10223
3692
8289
6589
452
615
4513
8456
1450
1907
7070
5799
1854
5445
7322
5585
8071
7903
10538
9259
8827
5648
2951
1789
9013
1370
4913
7746
6486
8023
9955
6954
5920
3665
4128
2813
5142
3924
250
9378
3835
5037
9908
9083
6829
847
1039
7879
1297
1961
10319
8454
7293
7813
843
8932
4828
2152
3162
8562
9284
10331
5680
9516
8904
9003
9933
791
8804
4090
3122
5854
5182
4237
5811
2895
2114
2433
4819
2318
8016
8937
10357
2995
641
6032
1782
3525
6220
3178
3100
958
6544
9544
10079
8542
8297
6273
8771
3282
10054
1161
3530
6713
1532
3393
7873
9135
6929
3698
1361
5944
3142
1662
2750
6796
2438
5708
1601
8329
8277
3983
7160
2462
3831
3238
2214
9567
1679
8875
586
1798
8801
5575
2543
4739
10200
1866
9391
5387
9126
2107
10642
10578
7739
2188
8317
315
896
115
515
10257
4133
7558
5349
2900
10492
1709
7878
3209
2832
3418
3534
7763
8332
6345
9327
3169
3524
7319
3833
828
1075
5956
2862
2784
1855
341
3099
8131
8552
10058
8401
1869
7436
2987
7529
6712
9235
8145
10113
6265
1721
3580
10212
10641
10072
5235
9216
10136
9360
10395
2200
5150
1226
814
1500
2785
853
6222
2804
6187
7994
6678
2478
5181
2772
496
7091
8821
10036
8712
9130
4503
9319
5155
4962
8399
3395
4784
7349
5498
4132
4563
5553
6514
632
4959
4595
7299
6739
9274
1099
884
3327
10312
4809
7853
3249
10448
3494
4547
1528
4307
2703
2363
8822
1165
7424
8545
3002
7437
3472
7388
10388
7362
8457
6848
9526
4666
7022
7499
8140
1921
1468
5665
4861
10042
6059
260
4616
330
6587
1633
4410
745
4087
9091
1199
362
10015
3578
10509
1779
5782
846
8917
9792
9570
3544
1189
9708
1683
3076
5969
1265
9058
443
5593
9501
833
3295
3751
9225
955
1490
6229
350
7014
6308
5639
5576
1211
6460
6259
1482
5405
4471
10305
2196
7471
1978
76
3234
9288
2070
1994
8210
6644
0
10613
8513
3248
9678
6631
5352
5216
1745
1103
9831
4367
5810
9154
10631
743
1861
799
3272
6224
2393
5222
3556
7527
6836
8069
9756
9032
8077
4572
7866
8535
4163
9355
5947
8019
8306
822
3202
527
3707
3279
6135
3517
5937
2509
9973
665
3232
9610
9960
3873
7717
3130
9014
10279
5603
5029
9380
6064
2442
3687
8642
6991
3659
2185
4094
2986
1825
2965
5437
9847
8518
627
10043
3088
8974
5495
2437
2124
9470
4000
3089
10180
2065
1530
3654
984
9174
2162
7661
4277
2629
3660
3516
2835
4386
2243
7543
2956
1433
6898
9806
10204
1911
9230
1906
6040
7835
6118
5838
7809
6780
3080
5821
4184
4166
6058
8769
1162
9438
9825
10116
2538
3953
6480
6400
6333
7568
10029
6328
8959
2721
8199
7584
8952
2052
3075
5199
10704
5282
8323
9250
1336
4314
2819
8843
8781
6028
3121
1230
2011
4303
7288
3589
7417
2826
4918
4843
6546
2955
6453
10040
5054
5941
8432
1761
3553
8727
8742
8479
3143
4512
1687
3453
130
7524
6905
4811
5108
2540
10141
5476
6722
5681
9852
8282
6763
6495
3572
2078
1941
1830
2516
6777
9919
3970
6542
10635
9648
2460
6481
1892
1987
6023
2345
9523
3635
7998
320
9363
607
6155
5796
8556
9911
10415
7690
6941
8499
2299
1392
7201
7515
175
4835
750
4123
386
7337
8355
7170
4043
4218
3429
1649
6764
8812
1420
6789
3958
7079
8988
9757
1999
5833
1734
5171
9974
3547
4635
3493
3761
7972
6612
7536
1398
6534
8
9315
5966
6817
7195
4987
1635
6194
7992
1193
10362
7869
3037
9866
9522
5864
2484
2145
5286
8704
1809
4568
2125
3599
8086
9457
578
4291
7246
10358
5635
4042
7367
50
8224
337
10144
2844
10286
148
3898
3103
1948
5606
1581
10612
1895
10118
7017
1476
8157
9687
276
5682
6549
5773
8912
5624
1127
5959
6302
4790
323
9272
2146
2701
7776
5534
7224
3471
8551
7643
7223
2285
2483
2057
6800
7135
10108
1712
413
7548
2377
2578
7096
2355
3060
9781
8250
10659
2321
2962
576
6318
4551
10006
1622
1580
10463
5380
1888
2924
72
8056
8083
9016
537
157
1179
6431
1302
57
7535
4398
6342
10210
2658
1251
4712
3361
1279
2692
9237
3778
7692
2101
2182
2474
3252
3276
8133
5781
6141
5626
2042
8978
10367
6841
2562
1188
4781
4262
6262
10056
7261
10062
245
2748
3124
1561
6357
10322
6801
960
2270
10679
9965
2622
9789
10574
3031
8196
7931
8623
206
7216
3051
161
10260
5766
6355
4097
1368
3352
472
4396
10160
3939
3670
9287
2892
10576
10566
3233
3193
2898
4670
1605
3710
6832
3518
3496
3025
4403
2534
9588
9644
2470
3957
10443
6062
5196
9645
10602
7533
8558
7025
4443
5042
2071
1506
6417
6075
8969
7618
8844
10382
7834
8127
7466
6861
694
5390
6952
7607
1524
4489
6813
9952
3567
7788
7214
650
5453
9923
8087
5399
1638
4612
1593
5429
3267
2928
3764
2212
4580
6322
3758
7189
5644
10026
6184
2920
328
10107
2724
4969
7438
365
4432
3962
3709
6266
5694
4101
3609
3590
7636
5525
4111
1343
3800
7774
1995
5873
8017
3023
1905
7829
265
87
4831
7970
8811
3625
9503
9527
9034
4922
6525
7939
659
8459
9913
3694
2963
4468
10513
4907
4898
1955
2720
1969
1115
4359
5721
35
7461
9082
3759
1340
8324
4309
335
4818
2753
4038
5683
565
5329
1815
9651
7565
10618
8717
10061
8165
3829
6781
10231
3087
7697
10455
8438
2614
1333
6450
5261
5582
8923
1002
2236
1502
2510
491
4442
3742
3850
9129
1164
4188
3407
6061
1067
8805
4783
1281
119
423
7657
7649
5307
1571
7799
1926
5691
270
2131
7280
10673
5891
4557
6237
6277
6818
1249
3977
606
9059
10687
7146
5900
3174
1785
6039
10217
9883
7387
2304
8092
9543
5472
1170
1860
5111
9643
6252
9685
6591
3045
246
9111
3038
2352
5066
985
7936
5885
10172
1950
9364
8997
6385
232
4337
9624
3379
11
5318
46
8364
9437
1202
10519
2452
125
3744
1636
1
9691
8325
6211
5696
1857
2106
9584
1534
3845
994
4577
4083
2380
3182
1400
6995
2440
2848
6574
3092
4806
2222
7620
6749
5101
9276
2026
5610
3706
8554
3943
6828
6506
8980
1768
2812
7105
8467
6154
3229
10053
9580
3506
4035
10493
5556
6922
7211
3799
2251
1009
7764
9223
10211
4020
9426
8482
6919
2088
802
7279
4824
9221
6084
5276
9536
2776
7000
8797
3369
6904
3870
8718
6790
469
135
3046
7567
8402
8856
3158
6114
599
9456
1120
4142
2189
9798
2896
4096
1588
917
5880
1753
363
6637
5474
7893
2830
95
3627
6311
8395
10420
8201
2105
5607
404
4575
8954
7317
7571
3105
107
5291
7190
236
9733
2267
9950
2626
6247
6234
2275
4382
1026
9432
7343
9474
9015
2631
10461
6779
7398
2410
7854
9878
5039
4251
2232
5787
1852
2730
10648
4981
3255
10173
2954
10512
10241
4911
1484
5152
6013
92
5686
4212
3889
9891
10166
9834
6113
3207
8639
8984
2386
9782
9558
10128
7950
166
3648
8053
8155
588
325
1454
1847
2824
7987
7907
4136
959
3330
8034
8637
1262
7149
1716
6970
6955
4663
4618
4431
9576
10670
4263
6227
3902
7399
9750
4647
9318
2389
10075
8084
2624
6851
5536
2857
7121
10606
16
3353
4399
3466
1135
1288
6192
8926
6864
1552
3733
8989
4672
6766
8951
4358
5000
259
8005
3406
902
8635
7695
8447
6317
10392
10499
172
10276
8336
5830
2490
2092
5330
5208
2663
10450
4345
5609
8641
10018
9968
5695
8540
10366
9761
1102
482
7615
3000
8859
2635
5737
2371
9201
10479
7689
8393
4785
2422
8222
6216
9600
4524
10109
8322
7271
5774
475
6983
2158
5403
3644
4453
3317
7283
8728
8943
6388
4846
6521
8018
7864
4525
8934
4677
8950
5306
3156
263
7373
972
8490
10083
2246
566
7492
2567
10501
8761
9668
6433
5710
8521
8707
9985
4620
8763
7240
10497
7259
9297
3008
8902
7023
8958
3097
7426
9609
1932
6374
3241
6601
8720
9918
6871
1804
10201
9704
6036
427
440
9206
3865
4727
3300
6270
5214
9005
1101
4034
3302
8983
5988
8549
9182
5967
5932
10553
6772
8392
346
132
2762
8095
3401
10143
5457
4065
9064
10706
3125
10527
8208
4341
1731
7673
8746
7076
3753
6682
805
9043
195
6686
5931
1028
7603
1863
1918
4208
8485
401
5177
3259
4174
8599
4802
103
5058
2716
9786
1019
2115
4871
1816
7833
3824
9045
2828
3211
6378
6432
9528
4844
518
9430
9801
1263
7956
2851
6149
10485
1929
8295
8427
8187
830
5869
4566
3141
4820
10663
1073
8491
4601
3604
2888
1305
3563
447
9841
1518
8285
279
5336
2349
3030
983
8607
5661
5964
123
10301
2891
9970
9945
8066
2718
7083
7604
6147
8676
9889
4895
2333
9074
603
8160
7482
4864
3679
6125
8640
823
7143
1122
6158
1056
3851
2009
9018
8471
9100
3428
8488
7858
3163
7671
6119
359
948
7389
9049
10066
842
980
3286
4716
9769
2589
4812
6339
3849
1596
3917
10335
2650
7323
435
10048
4224
4641
573
4549
3538
8674
3880
8098
7361
4851
1938
8214
4928
7009
9273
735
9419
2021
6459
7213
8557
4400
1470
2980
9994
5876
1163
2923
4912
10537
7577
5
8751
2261
7407
4475
10255
1098
295
1175
622
2018
5206
7112
8616
4095
10667
10093
4649
5067
3642
41
5397
8178
1784
6711
3063
1354
6166
127
8138
3546
982
8759
5521
8559
8713
4675
993
6532
4669
1615
9649
5424
3655
8144
3284
6951
7572
738
4454
4989
1416
4854
10577
1371
10186
3288
3028
7978
8391
9385
5213
488
8158
9192
8564
9763
8913
7801
7932
3439
7895
5362
3117
9142
8469
7838
5984
9809
4007
2817
5777
9344
8035
6285
3013
2850
9165
9310
2216
5154
5441
4960
4329
2327
8604
8525
1200
3843
7648
1814
8617
8689
6348
2674
396
8118
4221
10071
6683
5278
4878
10346
208
1673
1329
171
3251
8268
267
7092
8483
2369
7403
5250
9764
6478
4469
10677
7612
7588
9622
5267
10543
3677
5266
10050
9109
6958
7446
216
6700
4491
10333
10709
2218
9660
9168
8443
7821
6610
3414
5188
5320
10589
517
1214
3198
2311
2551
1700
5248
9738
6368
1243
10324
6552
9925
1565
2736
7512
8817
1598
9198
1645
9243
8908
9204
6850
7846
5252
3111
4312
8455
4378
7530
658
8696
10712
2834
8415
6263
182
7209
5169
7179
2360
6310
1084
1316
9696
9509
9408
7375
5425
2808
1489
5260
2086
9635
1034
9123
800
2906
7883
2913
5715
7285
2280
7526
7761
8242
6718
1909
5350
3355
3728
1118
5820
10342
2309
298
979
98
9829
2461
7053
414
9017
6185
8215
7949
8449
886
5712
770
4896
1499
3208
2960
7651
394
5414
6384
10536
4423
4717
4573
5284
2407
10693
2059
7304
4269
9488
898
5125
4486
7051
2731
1680
6767
9556
4138
9409
1417
5017
5627
10044
3463
5608
10505
3852
8032
5342
1004
9521
4430
6887
1257
1070
1666
6198
8164
2247
5077
4203
3001
4053
1087
5176
939
3521
4324
5755
4887
4050
4800
6193
10325
1992
5824
2298
3027
5351
4342
338
4214
1085
7229
3504
4177
8129
5852
492
9330
3871
660
6918
5236
1346
10428
2050
2606
9079
1363
1894
5227
5832
2610
6593
6732
2136
2337
7578
9537
4098
7614
9917
5640
3417
561
9268
930
1764
6401
1066
2319
1867
8312
5831
5805
2335
2580
1740
7085
7186
5862
2037
7880
118
6598
6010
3205
4608
7063
5923
5301
5166
7365
3763
3558
7550
712
8634
4522
10197
4967
10323
4275
2853
1036
8126
1303
8605
2381
2168
5569
10256
6493
8200
8327
8946
782
2866
4336
6663
4614
1432
7935
7313
4484
4045
7772
8167
6427
9812
5791
5653
85
8186
5563
5008
2852
10069
5547
10525
6299
3947
6515
1515
2467
3449
3338
8949
2792
4232
4019
8808
4651
9667
8654
504
940
4845
9698
5198
7766
5859
10595
3297
4234
1652
2523
2051
2493
1464
3155
9947
9857
2782
10120
2909
2254
5865
9080
3362
10353
7964
4644
1685
4283
1592
9807
5513
9173
7382
2781
2666
4598
688
2766
2949
6278
8725
7221
4977
7585
7706
6489
2396
6605
1868
9144
8619
6468
6097
5614
1573
299
5023
1949
1759
3095
834
1625
2597
9027
40
9726
6579
7518
9023
4115
704
8122
7625
5578
5704
398
10579
3136
3995
6407
1388
9939
10665
9450
3166
4082
7523
5816
8687
6526
4021
7589
8536
6912
9800
3872
1014
1751
5132
5375
595
6469
4002
7506
4948
3438
3160
8382
6799
2667
5904
9373
8560
6399
104
2008
10681
8408
7176
10363
7990
1696
7033
4679
10270
9442
5994
25
9171
9868
7969
9040
5060
8361
1549
7277
9608
4009
1527
5231
8076
6473
199
5595
6889
2221
876
4135
9987
1962
1242
2230
8015
3577
1599
1044
7273
7751
2199
1054
8175
1359
7374
684
485
8842
1780
4502
540
3649
6820
10208
3107
191
6254
2351
5987
1511
147
4591
8495
6217
5571
647
10239
7891
10584
4582
910
3671
6038
10330
8600
4031
4440
2069
10580
7227
8567
6281
5841
6606
4944
1973
1154
4088
6313
9454
2258
5720
415
8212
31
499
10193
8878
3181
5484
6105
3437
6429
2147
1568
10251
7402
7172
392
8221
2100
309
585
9065
3389
4148
8723
5996
4292
169
9298
3933
5361
10652
4552
422
8816
5113
4868
4211
4585
8624
1086
9024
6945
1626
5100
5185
5505
10685
290
816
10458
4456
10024
6383
1259
6382
6165
3797
8365
322
6670
3690
9443
5997
5031
1418
150
4728
3592
4654
5238
899
5950
2526
7068
4287
10523
6352
3505
4794
344
1882
10292
10164
149
7268
9131
4624
8511
5671
3061
9114
8809
1686
2498
10389
8911
164
3347
4189
9056
2977
10614
4600
3483
402
8100
10378
7637
10717
5032
4333
4114
5613
7599
2183
188
1254
106
6611
10013
1616
767
4451
2873
9248
5604
3044
954
1387
3419
273
5878
3774
1035
1991
3482
2431
951
992
10380
2336
8022
10447
9401
5572
5812
3650
3772
3351
7521
4755
198
1540
5130
3549
7820
1632
7180
2970
48
6807
7134
2546
3240
8036
1586
2513
3622
2235
5285
2889
10149
6583
7647
4078
2132
2752
252
8644
3152
756
6980
7153
5455
8153
4063
5242
3086
2346
4697
9464
9208
8074
7789
3931
7926
8258
3479
5524
6200
9481
5094
3168
10169
7232
10515
1369
4532
5926
2678
5535
10299
7477
670
248
8715
3403
6676
6379
4464
8055
10194
6305
794
1097
6639
9062
849
7966
9404
1358
6752
7368
1147
7198
5086
3434
8515
3921
1155
8119
804
6418
7958
7335
8682
3773
10600
376
2385
4925
7454
1943
5367
4777
307
4961
1884
2537
7541
4692
5828
9642
10416
1059
8905
4535
2468
5456
8853
6957
8344
1252
6376
4853
9593
4665
9872
3148
1201
6214
5567
777
471
4628
3253
2056
5055
9495
6169
3791
9376
7487
4726
1876
6153
642
5461
6604
6245
6594
4570
10161
1986
3285
2780
1377
8368
864
9613
4682
10249
1496
4994
5057
6162
5338
776
921
3510
2143
10604
2144
1480
6236
4746
10117
6210
7177
7629
1347
8418
1194
2208
7451
8835
5668
7321
5940
10168
8041
8548
10546
2558
6564
4736
7469
7947
998
6462
9534
5064
751
5813
4710
7154
2425
1513
4771
4004
3854
9002
1901
476
9368
8684
9322
5295
6428
1516
3740
1133
4286
294
10494
2079
390
5863
6099
2619
3528
3790
5409
9682
9587
1233
10296
4893
5001
6625
1880
1920
10385
1569
10060
7816
8243
5020
8014
3926
1107
1744
3405
8310
6576
6501
9407
3084
4448
3605
7890
9233
5310
3747
1737
6533
4655
8961
9572
6268
8269
9086
8033
9554
757
5734
2569
5046
3608
6365
1323
3817
3214
4267
6136
4588
10272
4874
8931
594
9019
7326
10198
4897
395
2120
9564
8565
7729
10004
3116
2876
4334
8405
9787
6778
10535
7473
4305
5174
7048
2081
10432
10528
4381
8636
3
5970
9594
7206
4201
10608
5418
3900
1796
2761
7027
4840
79
7392
3775
7631
1362
1577
1584
6554
6092
6300
3726
2416
3708
1542
65
10588
7836
3669
4058
7909
7552
9935
6044
946
2317
7665
10491
9867
9770
3290
4052
1335
5465
2648
1205
5792
6902
6597
8194
1437
9050
778
1554
4705
6071
5817
962
5659
2938
2273
1533
8855
2098
9548
5723
7980
4061
5003
8478
1708
10252
168
6930
4141
9848
3348
8468
437
8719
2630
3600
274
3663
3971
7856
10520
5853
10277
7712
3859
144
4833
4689
3696
7919
7239
9389
7793
2207
6093
4185
6026
10085
5009
4933
5739
5485
8465
9854
4607
9910
1082
1843
39
10285
3138
348
10078
4450
7843
5265
10703
4722
10716
5528
5897
5674
10142
9069
5504
3770
2248
2974
7124
3452
2428
5212
2223
914
4387
9146
7233
6729
651
7906
2039
6557
8583
6014
5684
2401
136
441
8561
1879
5053
10474
4778
9747
2395
8964
7026
1733
1015
7804
4698
806
8272
906
913
1972
7289
2458
1981
7463
4546
3628
4005
86
8475
5184
8302
9574
6393
6809
9489
1422
637
4880
713
4108
6588
9694
3382
4145
3768
3458
5327
9348
8192
10625
408
3315
5420
8264
5313
987
4995
4209
7546
4945
2879
3597
10264
1064
2744
9606
728
7859
8436
4834
7827
5479
458
10683
4545
10258
4198
3113
1741
904
2171
6586
6081
5172
2097
8235
634
9446
5341
6444
8358
7307
9406
10502
7792
10313
4804
10718
3167
5044
10340
10411
1192
3221
2778
269
6361
8348
9067
6323
1255
2156
542
3966
3986
2816
5026
351
9820
2294
9478
534
10196
400
7141
4540
9585
2790
9361
1641
9115
189
9270
7430
10598
3533
253
5517
1264
5297
6742
2034
5546
10148
4024
10298
8330
10092
10549
5163
6403
4688
7021
3882
10645
498
5007
5714
2397
4027
5902
10720
2818
837
223
3328
4049
6331
421
10567
5102
3566
2297
662
10188
3308
1813
1212
9988
9128
1309
8003
4821
1494
567
7495
3746
6472
9885
1834
7539
7340
3904
6004
2553
4354
8987
3581
4308
2024
8134
5293
6665
5809
4769
1793
10601
2090
1541
4244
4084
9485
8740
8070
3812
2384
3700
2068
3271
2925
9253
8229
1007
8766
7086
3047
7505
10295
3684
9669
9775
4093
5433
466
8089
3157
4470
977
7376
6870
1334
2968
418
5335
9418
1736
9229
7196
9625
9482
5672
8991
10039
2313
3755
685
8846
3748
3440
2661
3215
5255
6638
4355
5369
2572
6756
6854
10572
3217
6810
9010
2777
6330
9697
3041
7081
5759
3805
2791
1403
4247
6499
8380
7955
4322
10191
6560
2387
6127
6129
7519
1818
9331
10592
6324
678
5436
10581
6054
1839
5602
6223
84
4734
8252
5692
964
2625
9881
7993
1910
4259
4862
284
923
5542
4199
8030
6792
4003
9909
2591
1151
3068
9500
9819
7867
36
8232
2673
3974
6354
3339
7235
8440
6106
3837
5165
2511
4659
10055
9754
6461
9026
1100
1077
2837
8772
6150
3502
3683
7790
5095
4427
9440
2815
8426
10603
2517
9400
5815
9688
6896
2033
8288
2507
9956
4500
3005
4169
4236
5134
10586
239
611
6286
3832
10106
3568
142
8188
4909
5084
6046
1594
2292
3864
1984
1110
5115
2607
1959
3413
3186
9810
7984
8340
1877
9900
4085
1058
6924
10710
1232
7264
5693
9742
7779
2905
7622
61
2547
2557
8176
8716
2432
8916
43
8206
10352
6132
8523
5118
4676
154
7292
9386
2366
9312
456
9818
7002
7169
3564
2339
6672
6937
1291
8057
3150
5074
1631
2649
6398
2810
10171
3819
2978
7384
9006
5550
3667
5703
9591
6974
10582
1273
9362
2195
3643
8101
3261
8890
10442
4743
7423
1613
5201
2226
7393
9117
1292
952
3192
1344
5612
8508
7887
8729
5906
6474
10360
7067
2031
3569
6425
653
6451
732
7443
8914
4527
6845
2439
2637
9234
590
6389
2027
674
7267
4750
7885
1788
4077
7297
6844
4988
21
2093
9890
5078
1168
7193
1428
5818
4958
9577
3638
2992
9370
8792
981
9680
1850
4230
5127
9092
8956
2885
1411
9256
6458
3856
5617
8148
1595
7941
1536
4671
740
9292
4143
4205
8416
9172
9569
4220
2798
6575
2881
1088
1419
10207
226
6279
8836
8377
2164
2399
6901
3626
9217
10556
4942
8108
10719
8386
9420
6935
9214
8577
10426
771
1385
3716
8369
59
9390
2167
10084
5041
1614
2715
179
6744
4554
4584
1657
3247
918
5594
10557
725
4514
424
9928
4813
5889
741
6088
2140
3126
5741
5986
2688
4972
1096
8062
1319
3965
292
8283
8643
5580
6985
5620
7703
7871
6725
3893
7830
8184
10449
5783
7294
3721
10689
2233
2719
4576
1467
6577
668
3607
5173
9422
2990
2446
110
6888
8601
3073
6760
9808
9550
6437
8731
2006
9571
5778
10559
5779
7488
7290
10487
8487
1553
618
3325
3342
6662
9347
8814
1597
4447
6863
1030
8233
3101
10517
9926
8612
4154
9958
2665
9476
2172
6622
8249
8486
474
8995
1350
4162
10077
6770
7162
2893
131
7894
5257
281
8094
6338
8555
545
516
6049
9337
124
633
10259
9957
9858
5670
88
6580
10205
523
10308
2520
7784
4311
6759
3731
3475
4338
5732
2264
6206
6447
7336
1406
4346
861
8665
2549
5896
4233
3689
7468
2477
9413
1646
1341
10430
5541
1671
1430
9578
9350
9545
1013
9138
3724
10300
7318
7472
1130
6875
6157
7018
3139
6133
3930
10508
8287
7575
1113
5392
3280
3855
584
6199
2479
9846
4420
4449
3305
2747
2999
319
5470
3314
7542
2570
10662
4099
8462
10130
352
6923
3356
6628
2904
6999
4268
7253
3869
3806
1589
9638
6327
5540
1314
9799
9224
5339
7444
10248
9429
9964
10375
6553
6897
667
9369
575
10280
999
2180
8528
766
4273
6140
1653
5803
1089
3244
5844
1174
9282
9877
9283
2272
671
7401
6702
10139
2025
3678
9127
1900
6356
544
3050
2197
5244
9167
4511
8502
1844
2451
5016
9656
5137
128
9008
3268
5729
764
9815
9765
3172
3987
8888
9353
8975
4299
5135
612
4125
9249
9684
7207
7486
2237
5915
5908
1125
6490
3573
9932
8219
7549
7910
6208
8693
2953
8251
4425
6921
6467
9712
7840
2593
3662
2075
8739
8721
3108
1623
1756
9654
1295
10214
602
4487
10713
3454
2555
538
10655
1357
2388
4426
6005
2833
5049
1448
143
9334
3019
10329
6098
10184
4182
6138
4435
5935
6123
9619
9162
4731
4767
2181
1543
7013
3908
1770
3071
625
7369
211
1442
3488
697
2003
8663
3072
1461
868
6420
8928
426
4847
1743
6178
4245
9507
7608
3036
7930
649
1675
5038
10407
3188
2450
7029
6860
5081
7504
9944
7678
4258
10221
1185
9986
6961
1037
3500
8933
630
2240
4927
10570
7819
4732
7669
9768
8590
2229
8994
478
7031
6723
5839
1055
420
10666
5321
2530
8362
5315
9105
1038
1459
2634
7839
8489
3196
2007
7178
1146
5454
1924
7330
397
901
9099
6025
2805
4055
3514
8754
7634
3531
7418
1045
2234
370
2067
5106
9480
9238
824
4046
197
10564
8480
1651
1997
6077
7284
10031
3645
5856
7028
8840
3793
8852
10368
1011
47
4886
8444
6566
6812
784
7929
528
7619
10038
5391
8309
7722
6050
6452
8301
5494
8708
5348
6334
1229
6859
4351
6442
8463
4371
4973
10222
4564
4120
3372
5554
1859
6253
838
5467
8799
7680
8597
3948
1975
2880
3250
7808
4313
6213
5716
9838
524
2217
6673
4533
7272
6261
5526
8735
4768
1339
8453
7262
10125
8791
7610
3705
6716
9329
4160
3442
2503
2770
7704
6814
6443
10669
7807
3057
1173
8965
4146
8683
6008
4260
5439
6360
6771
521
1025
6344
5539
6485
8733
6426
9057
3456
10599
10098
3224
2038
3191
8038
6520
3809
6783
3978
6642
1621
7379
7385
6948
6530
2592
3783
3769
4744
8460
5107
7281
4908
4968
10483
1372
6667
459
3433
6931
1725
969
2368
2028
795
5245
6306
1178
3749
6939
3842
2768
8948
7590
2869
66
7626
4894
49
215
3757
1824
9915
2942
3940
4137
7677
105
7414
5381
3676
5045
6603
2687
4266
10707
1690
3825
5688
6703
3281
2271
5322
709
2372
9090
7592
5289
2252
8688
7003
4941
6635
2126
10476
5977
689
2581
10607
2130
4594
8550
6646
6761
324
6620
2727
9314
2013
699
9679
5599
205
4754
8274
1998
4889
4993
6068
8527
8378
8779
10086
10534
7945
5754
7386
5314
3668
10405
7691
7768
7747
1001
10383
1806
1795
7757
3412
6160
453
8670
3083
631
2856
7222
4261
4687
8993
6981
7723
1559
9377
9899
1603
4395
10437
9659
10465
7278
6021
5939
6434
4227
5356
4932
2374
9632
1838
2465
4476
7798
4668
399
1462
6511
1556
6629
7212
9031
3015
2615
768
4331
6502
10190
10046
3333
9771
7983
3562
1298
6548
6139
3106
9033
6343
10121
1977
10090
1274
1699
1820
4377
8404
809
2696
1488
1424
2058
8492
5762
4039
8115
6623
10275
2795
7851
2801
9113
7060
6733
5953
6244
5642
2518
3430
510
7078
1607
9611
6446
723
6325
1338
4605
2411
9827
6298
10401
3688
3776
7953
1294
2940
4379
4634
4297
9524
7265
4996
8124
8376
2454
2281
3834
656
5868
4553
4891
9511
3897
752
4421
2514
2017
2714
4240
4113
10063
5371
5911
9467
5837
4578
7052
848
6326
391
6143
9568
1823
857
5958
760
3892
2376
1466
1181
2656
9095
2651
1507
10096
10332
10656
4477
3693
5258
10111
8044
7478
855
6524
2936
7131
218
577
3554
10271
6643
3915
8058
8645
5651
1498
10453
2022
926
9490
2671
1617
7663
6990
3185
10484
7802
9596
4415
2757
7828
9258
8866
4153
3384
6740
3341
6916
3925
8011
1650
8882
1157
7944
9183
8627
2531
9673
2316
10348
513
6776
9693
3868
765
10351
8648
10482
8231
6415
2492
1647
2253
8929
7525
2707
4832
3040
112
9358
10425
10456
915
9962
4997
2204
7298
1862
2897
5706
3603
4461
4006
8798
4536
3511
6171
10140
3066
7197
129
1957
1600
6172
8531
7579
7767
10311
7107
5482
7435
3017
14
7547
2116
2095
1520
9737
6737
6083
10436
7111
9279
116
3048
8736
2353
5220
7741
75
5473
4029
5402
8357
3200
1587
9060
9839
4441
9617
3585
5690
8271
5122
4037
3461
727
4225
3210
4910
5647
553
4953
6806
6470
9269
1803
8441
3932
3674
3630
7475
6375
5225
8940
1964
6636
572
5829
936
10488
7020
2786
3624
2016
929
2499
10065
9220
8246
1776
4867
7113
1090
6911
10073
2939
9822
10668
9961
844
7810
10297
9966
448
10409
7338
2215
6972
4054
3024
5440
8823
9325
3135
9452
8680
8857
7650
10490
2934
10041
8517
1908
2358
7538
8538
870
10307
717
1248
6296
4478
1765
7946
1141
646
4924
6421
5795
539
234
5259
7822
3879
9759
5099
9175
5957
8461
3661
7422
9565
3909
9823
3509
9871
4278
10303
9630
412
7173
10384
1331
2323
1196
5557
4826
7728
3631
5794
5562
543
9861
4040
4788
1535
332
4285
2227
5685
4079
4776
4581
4349
2709
8963
6730
6932
3795
8028
8796
1223
4335
9136
10624
5632
2868
2984
4405
5827
9052
8430
10016
8473
10202
9448
6122
556
8006
5618
4976
3979
9972
2800
256
69
8774
1429
184
6963
8681
6656
10412
10496
4445
2224
710
8744
9075
6886
7114
8569
9897
5413
6977
2749
6569
5898
10002
7498
7449
7266
8349
714
4249
9875
3722
7977
6307
507
2288
7453
8699
9581
10500
4537
9354
10021
10486
8267
8770
9583
1890
91
7411
1775
5011
9546
6762
1856
10179
10609
758
5477
1250
3526
4302
6946
4289
10316
1817
942
1022
1051
9598
9791
3022
3227
1755
4271
4156
2910
8420
8316
4992
3887
372
2045
4506
6007
1300
275
3478
1988
5892
102
1379
10350
1585
2788
692
8303
2760
7516
7049
3110
5707
8117
7409
8967
6754
5744
4738
5702
6069
4025
374
7517
2632
56
9980
2099
8146
1239
1922
10228
882
5641
2314
3651
1503
1184
691
7892
6986
1299
3672
4857
5292
1618
5989
62
1953
3239
2485
9671
10369
2839
7702
4483
4556
8690
1382
2638
5340
3701
9736
7333
5200
1190
2737
7510
5179
730
4703
9025
10099
1397
10374
9876
7231
1505
808
5065
5104
8803
5699
9504
7352
9666
1126
5048
10532
3861
2191
4956
8631
7562
3802
12
6057
6479
1966
6405
629
6617
5677
4175
1282
8049
8979
3235
4786
888
4751
8886
6968
4534
6283
9163
10033
6258
8429
331
7489
7314
1754
7602
10028
3903
3128
9914
6055
8762
10551
10459
2482
6177
3951
4762
7005
3120
2741
1791
10336
9153
6043
1068
5240
4560
9357
4542
690
2157
1557
8587
9293
4362
4419
3781
6910
10680
3377
4368
1883
6927
2814
2712
1837
6413
9949
5922
6243
5529
6517
3560
1311
2046
2394
3307
2916
3133
4625
8343
2087
393
7716
7312
2767
5948
3451
6019
3187
4814
3652
2231
2874
8291
6684
407
7841
3144
5750
1805
10715
9937
4280
4060
3467
6838
7528
9398
2993
193
9232
6406
8239
4181
203
4583
5237
3575
9179
9762
7019
6248
7740
6
2536
8673
1106
8236
1435
10714
4760
7161
7355
3260
4323
7138
2544
7849
10433
3254
1904
3402
6204
8848
7291
4344
433
10070
5241
10262
2155
7655
4982
4178
6992
8793
3942
3055
1946
1378
3520
7249
5109
3469
2170
63
6614
9605
10192
3782
2128
7991
5368
9699
562
4459
7217
6260
6329
411
6853
8335
4708
7641
10137
7306
6107
9044
5858
3985
8613
9326
5763
8162
2669
9302
8828
6137
10267
5312
4246
875
4970
6387
4187
7148
5359
1065
5496
6786
3588
1491
9499
4414
2326
1465
966
23
4593
3420
8387
3457
780
10690
262
4011
1787
10030
1473
6775
6251
5464
146
812
8889
1684
8981
6582
6928
6572
7464
5998
7406
438
526
364
8319
4276
2344
2193
10468
10473
3042
4104
748
3515
5234
796
4301
4701
1742
3658
7967
6304
5748
4498
3950
5434
3448
7056
5600
5417
772
381
4548
635
1345
581
2169
6825
