6965
10428
5685
9679
3204
4866
9042
7840
3292
216
5986
5671
6262
1967
1164
3390
684
3847
4890
5525
6945
5753
6453
7603
9669
9190
4217
6255
5833
6469
9213
8828
3689
9383
9688
827
6449
10344
4961
9144
10464
9165
193
4041
2629
7983
4591
8666
7555
10608
258
3895
276
4050
620
9792
2764
2667
10181
5912
4832
774
9195
8630
1767
4300
3458
8192
1737
4498
831
2523
2663
3862
10076
8784
6755
2121
3317
4119
4188
1670
6206
1165
521
1567
3647
699
10115
1024
3773
3373
6221
10458
8324
2222
7630
8671
4252
3251
3516
9916
578
1401
9557
7734
8801
5787
7691
784
8634
6872
7780
8997
5090
9831
4028
6557
4209
1342
1702
6931
7274
4096
5434
10557
9619
2157
1756
1797
4660
801
8952
1561
6997
2867
1175
6430
9072
9607
9038
9489
870
10427
6827
3612
6636
4142
5776
10509
2580
10336
2292
6421
10574
4510
4670
3320
8126
8397
9814
2948
5362
1614
6097
6317
9359
576
5112
4950
6690
7321
10577
8654
3219
488
3024
2153
1801
9641
5168
7285
10689
2281
7477
4644
6116
7934
553
7280
9223
6930
6607
843
948
3268
9109
7245
8988
9104
8777
9787
6441
3886
4295
9228
97
10523
7194
4990
8348
2930
7609
6177
9346
5407
7455
7503
6804
5430
5439
7091
8049
996
2081
9011
8458
2430
3167
7243
4405
6227
9789
5152
9754
4055
6524
7547
5897
946
3367
3788
4794
7458
10449
3362
3571
5226
10454
1284
9211
3414
3365
1791
7281
1890
8503
9670
8431
5779
6729
4044
6861
9660
9357
1955
6828
8552
2860
5217
4276
803
7947
6914
9403
9217
4442
10031
7287
2561
1752
3513
5696
10450
2879
1044
3045
3621
10083
7626
8798
8535
3179
2890
5470
4019
8481
9250
657
33
9025
9122
7248
4654
6222
5512
8282
5299
4822
7308
13
10651
1109
9397
9033
3901
1994
8977
2684
8641
3375
3192
6525
10068
4756
1384
3299
3710
3255
8037
6972
28
9730
5606
3176
1421
2776
8800
8529
246
9118
7851
5036
339
4063
6029
1748
9124
9394
6129
3476
10238
1314
1473
1374
1134
2407
1285
4581
8780
2891
4024
8708
740
9994
2152
5805
6320
5952
9051
9096
7569
8925
3113
4811
10272
5382
308
10459
9975
674
8885
5294
6836
4943
9413
2790
8442
6118
289
9949
4899
6426
770
5232
2301
10008
9026
5827
7087
4308
6451
9147
10178
10446
10017
3224
104
3813
2320
1826
5038
6644
697
8149
7782
5888
9170
6162
4998
6614
5191
9817
6608
4632
6050
1770
6454
7128
7756
4168
4786
8336
9511
9502
7171
6611
8667
4779
7293
6680
2322
7620
8407
10
5024
1532
6610
8880
4012
8921
752
10186
8237
7986
3275
429
639
5051
8030
2469
9901
8161
8602
4520
2952
6664
6868
7945
10704
8786
1188
6309
9181
5376
5097
7132
9483
4477
7228
7891
6582
4087
4056
9769
1227
3609
6859
7342
3822
9742
3818
2268
7168
186
10019
648
5948
6717
9012
8942
8463
4933
3945
8146
1671
2677
10434
1571
1783
3207
1757
5699
8304
4960
838
9498
6646
8399
2734
4587
3438
1096
9136
2110
2426
7111
1357
5262
9719
66
3134
10298
4450
4837
10168
9055
400
2113
2842
5477
7497
5015
10435
7053
4359
10526
8190
7365
7763
4875
965
2500
8594
8172
2120
8147
6609
4914
9702
581
4150
3059
9571
3440
4554
10620
1038
2313
8468
9563
1746
8315
8405
609
7113
2400
121
9610
1495
9312
2334
2339
5359
2066
7597
974
9941
3702
10231
5416
10507
6331
9881
8461
4365
7311
6333
3349
1470
6532
749
10258
232
2017
7818
10657
4378
1023
319
10426
1311
2594
7135
3578
2618
4848
8191
786
9438
2277
8129
6961
31
4856
10542
3953
416
5859
3133
9451
485
6691
1739
860
2633
4804
10610
10701
3081
8018
2161
3677
3290
8377
280
9230
6596
6402
1497
394
5343
8422
1232
3606
10299
5357
401
9207
404
2029
9261
4277
1653
7739
1810
2143
1451
9480
6595
8799
3453
6366
5297
9496
1034
238
3828
5229
2397
5505
10682
1348
5076
6210
3315
10246
10353
889
462
9836
794
7180
2722
2690
366
9265
8974
2392
2830
1518
807
6220
49
712
8761
4518
1705
5980
10271
6515
9672
2162
3173
1676
29
10367
2905
10280
8683
1035
3675
2655
1872
2133
1302
9238
4635
10143
2844
8075
2254
1524
5546
1539
430
6710
8366
10445
2438
2805
8498
10099
1256
7548
779
8009
3899
5555
7914
7697
8978
5916
10598
836
2845
4244
10222
8170
632
5795
5424
7760
10245
7126
5055
9143
9222
3972
2995
4220
2005
10644
8367
6011
8245
9898
2349
10232
8632
4257
1849
7677
9634
995
8120
884
3543
1977
10158
10223
454
10209
8973
8448
1820
9774
2971
3302
9775
2466
5661
5244
3890
9079
1317
7018
5561
3284
8745
292
10285
10136
8482
9922
7675
3582
2726
4561
5689
9005
8256
9816
4894
9255
1375
8668
9396
3283
5715
7266
5415
6197
3338
7247
9101
685
3592
1920
577
3869
0
5775
3296
3524
5259
5582
8068
4984
10616
4826
4280
6130
7684
6315
2650
698
6158
7921
1957
7167
1611
7257
4152
1825
9487
3306
4885
10641
5839
10602
4356
10345
5239
4858
5670
8836
2843
3665
3016
1190
10713
10192
1152
6358
4033
6630
4251
6963
8785
2715
4795
4456
916
2173
3263
9113
1922
52
3023
1301
10247
8112
7279
10110
7789
8234
9840
8848
5464
10287
9925
9621
6202
3724
570
146
5643
8435
4484
7345
10150
4027
8679
4271
1455
10478
1199
9221
4730
1911
9913
6749
6798
610
2150
6730
3286
4534
4884
981
5185
5964
9237
2953
4406
350
3620
147
2904
358
3104
8821
10006
862
6282
5845
2076
5214
1347
3999
8865
4064
10072
8744
780
130
641
4023
10001
5133
4708
10282
269
7110
7606
5983
1435
6049
7877
3863
10104
5975
3018
3695
7505
5016
7953
10501
5655
7541
3027
2432
4663
1186
3709
3596
5328
5988
7185
3604
3274
5750
825
10361
6816
4396
1006
8965
1184
795
2781
6978
806
2177
7457
10301
3787
8992
3748
3958
38
9863
3541
3409
9627
1639
4131
9757
7125
4902
9337
6427
4905
6152
9857
6885
7550
9645
1233
5193
5458
952
4212
5176
4215
7988
8229
2206
5018
8560
6785
3042
658
4829
2201
7164
7743
252
7793
4881
3517
1576
9172
4995
3776
3392
8358
10274
2913
10485
7444
4980
3262
1142
4682
8077
8445
624
2837
4451
6753
5576
8270
2151
1834
3231
3616
2884
6898
716
10182
6813
63
6484
1082
1687
7892
8074
1055
8717
5177
10288
557
1014
3298
10374
8337
4412
723
2732
9939
3515
1160
8067
4688
6960
1070
7421
8907
497
541
6742
4468
6814
10498
1013
7298
133
919
3765
2167
5989
1083
10255
1396
5128
2471
3988
5489
630
6739
8931
1782
7144
9622
797
4544
5309
1828
921
8197
8927
9117
826
4511
8179
8321
3783
931
5119
994
5814
2253
389
5925
3504
7803
3254
1092
1187
4018
10224
466
2425
3419
40
3003
3318
6012
1320
3984
135
3544
1710
10188
2063
5855
4717
9650
6244
6704
7602
3400
8712
649
617
10673
5567
2338
5790
7918
7931
623
2411
4621
4582
344
3494
1531
8578
2289
7577
5700
7833
8439
10264
844
7643
4770
5854
6681
7300
7043
9596
8151
6239
9966
8101
1268
8402
4110
6954
4404
6150
854
5149
3636
5585
3605
4952
4011
8371
1136
1608
1843
78
1326
3979
8239
2132
4696
3836
7506
1844
4833
10065
1697
2770
6179
2102
5963
7897
709
9733
4991
9327
3180
2838
2962
6447
1453
265
9494
6915
2288
72
1220
10572
6389
6769
6397
8700
972
5771
5266
5050
6891
3806
2622
1718
4108
10326
7973
20
7926
6039
188
1813
8163
4854
7461
128
3547
9869
9289
7762
592
3590
7574
6674
3505
8525
7969
296
6584
1795
5073
2909
8228
3731
7732
7719
2799
6925
10637
4649
3271
5847
1292
10010
5680
3872
4551
6844
1629
6618
4103
1878
162
4419
929
2297
3499
2477
5785
6468
6360
7446
8633
880
6996
2196
8635
8651
8083
5891
5481
8086
459
1203
4499
2291
7117
9894
10670
6068
10591
6773
4748
9088
10024
6088
4153
9406
7622
8109
1768
1157
4864
7828
5815
3913
8056
4539
6517
6968
7906
7039
10051
7773
7997
6600
7832
2636
4176
1667
8061
5649
9499
3322
7093
8918
1945
1798
1002
9180
9540
6268
6201
8128
1688
8092
5569
1668
8176
3076
10147
8614
7943
4478
437
7336
3777
2373
846
2158
6754
4332
2187
4583
5895
8329
8393
2862
10177
499
4547
4507
10041
8010
4555
1579
10221
1312
4743
7665
6000
464
7815
1370
5241
10013
1491
221
638
4852
3484
7398
4609
51
8072
7260
7772
7086
4395
9997
10339
5100
9611
5995
1467
490
3856
5929
6297
10519
4975
556
76
3021
5990
5312
10252
6080
8213
8440
1540
4289
2184
7685
8926
1413
1538
8296
8453
8570
8970
1837
3678
9352
1237
5962
8502
7337
10632
8152
9503
3128
8817
4099
3817
6502
6973
9854
7910
9286
5874
3351
184
7252
6279
9130
550
4351
3061
4443
7104
6946
3642
730
4637
302
8604
2530
7040
7848
2221
2910
7130
5834
2264
8693
10535
3723
7429
3542
3089
2599
2381
2323
6862
6425
9886
9040
5022
7410
4331
2001
1476
3553
3006
6273
8859
1635
10513
1361
4133
4414
8559
6377
9182
4923
1028
2855
1101
5514
6919
5711
4161
5677
6306
2887
6382
2721
10482
9584
9306
1794
9665
2671
9043
9199
10275
8102
8123
7536
1116
1417
479
1300
10142
1775
3333
4643
9795
5311
9329
1983
5705
7588
6986
5230
6747
10114
4315
6450
6442
686
5432
7170
10605
4509
7929
3239
125
7456
3631
4737
5188
10568
6249
7121
7858
10174
9276
8276
6166
5565
6316
3537
3730
4452
4418
6883
7523
3807
4838
7443
1559
2946
8198
4454
187
3523
6102
2448
1460
4584
5063
4676
7315
1924
7369
4636
3410
9952
10552
10659
567
2937
7809
9294
2056
3142
2817
5227
8687
2487
9937
8150
4619
3656
271
390
10038
8504
4207
4042
4650
5351
2309
9259
1990
3485
8523
4803
10185
4455
1634
7923
1732
5037
9935
1565
419
2361
2797
1335
2701
9559
6792
4744
6849
6141
5061
7083
5273
6795
2907
4398
2711
4106
1273
9137
10004
6481
1339
4716
2330
2431
2536
4634
2159
729
1316
8173
2518
4988
9740
4772
9432
5803
10302
9258
1341
3427
1663
1325
10134
4166
200
6910
2693
10715
5619
2085
10025
4148
3011
4724
7724
6693
7403
938
108
9196
9095
2034
2672
2737
969
7045
793
5914
997
4317
5535
5178
3273
7866
2824
114
3866
1988
9363
3574
1365
8012
4079
8023
7189
4144
9902
140
9807
4934
863
6187
451
4391
6233
2977
2972
9275
6598
7216
7816
9080
7775
8286
1934
9106
414
3312
4047
4936
3727
8741
4113
1313
3064
1962
9724
10269
4605
7894
6711
1437
71
8225
3932
1965
5870
7933
2155
9431
5647
5674
1097
10291
4501
4711
8131
1904
1418
10081
2134
5876
7903
3230
9310
6259
2328
2058
5864
9485
1115
4007
6420
7711
1714
4739
1503
9342
3194
1430
791
7532
2147
131
8840
3433
9931
1432
4140
1987
3829
6601
3035
5139
4732
4130
3558
4855
5812
3226
7378
7064
6880
5873
7539
7007
1053
3342
10584
9707
631
2747
2603
2768
6633
4907
1583
5692
1918
823
10400
1511
3445
1243
5130
1711
6508
4390
1516
8269
8903
5326
6188
4191
1039
3816
6256
6741
6070
8649
1508
9453
10307
5609
7720
4494
5320
2010
10579
2514
1840
1546
6496
5235
3679
4228
9662
2587
9874
5264
1874
2927
7386
7648
5554
8495
2998
9923
2858
4060
5144
6444
5142
10216
1191
9022
7670
599
9957
7361
2509
2558
6843
10060
4135
5604
3797
3421
2968
8995
5140
8607
10127
9470
8022
1042
7350
10561
5703
7022
8345
2299
5921
2917
342
8846
6081
3461
7886
9330
3708
346
8514
7015
7849
5115
3157
10066
1479
540
1169
9527
2833
5321
8803
2360
8972
10388
6230
10494
5052
3691
4193
398
1139
10492
3501
7220
2267
2374
10027
9347
1940
3178
8432
5599
5719
10716
5761
5778
9834
7304
2628
1651
5364
4700
1067
10698
8098
9125
5370
3774
7084
7660
2564
9358
1128
4901
8188
8212
5852
3140
2188
2912
4227
5640
9002
8627
8677
5633
6589
5443
6335
5375
6305
4338
9861
2083
10474
7862
820
9372
7749
3603
8516
7954
8089
8897
1620
8472
3094
3012
1333
3017
1997
8459
4410
10378
164
2287
3683
2037
4527
7283
661
9419
5062
6977
9423
790
8346
5296
2399
4538
1654
8359
7795
4104
1816
1046
8872
5009
2920
2717
8568
5049
3141
4997
4784
3933
2696
2104
4827
3462
2408
7174
8956
4996
6990
6907
5379
215
9469
6460
1254
1386
3587
7757
2028
1202
4673
3722
5879
3233
10631
4549
6071
3360
2742
3560
3728
1921
2106
4314
2806
1466
915
5543
106
4840
9953
8121
8499
1831
2051
8467
9424
8773
9004
7395
10414
10693
3154
6314
6619
4629
248
9929
9460
5251
1481
1102
161
9388
6160
4683
10179
1106
8661
8609
179
2490
511
3688
8615
9001
2366
3489
5934
5006
8650
155
6405
9568
6253
7491
2003
9722
1917
408
9267
6703
3350
8573
2227
7859
7208
4754
1612
1744
6697
4956
5398
7521
5079
7525
3755
1851
5955
2020
3066
5858
3170
5588
2547
1905
1913
535
2795
7979
4871
3324
4796
8283
8184
3487
2393
1658
10688
5284
4250
3326
8863
8
3126
6010
4218
8961
1131
8268
1182
349
6387
7718
8048
1555
3761
534
2555
3929
1733
1707
7873
943
6459
548
6192
9452
3008
5644
4138
1021
5302
1662
5272
3871
1168
6789
8545
9077
5084
6551
6245
8775
8236
4888
7990
1637
8110
2052
331
9919
5425
5898
6901
8963
8703
116
6983
6027
10159
9200
2468
1041
8028
4823
6466
62
5153
5166
1489
1472
3200
37
7646
9014
6005
2880
10002
644
8701
3581
343
9041
8533
6126
6536
1137
8414
881
4241
6791
8259
6099
8376
4089
6285
4260
10612
8209
9260
27
928
1019
36
8248
1981
8543
1004
8971
4947
5164
959
7601
7758
6052
332
2462
2524
6395
2480
6819
1465
132
6707
9825
7575
917
10524
8595
10164
9885
781
1487
7385
1941
7976
2465
2210
3799
7895
4169
5372
7925
3111
10018
1986
2793
3671
6276
91
1680
8670
5467
6075
9252
9309
7268
4904
2567
8116
2906
5878
7468
2130
2697
9381
848
407
388
2095
4324
10320
5158
3010
1605
2388
9301
10156
2380
6884
2272
1119
7439
2057
5796
5363
4579
141
4021
1094
561
2379
8215
8221
3052
10550
9597
3652
8484
3234
6539
5624
5843
79
869
986
1485
9039
1568
10467
8636
777
7371
4290
7348
7155
2617
5683
9492
2751
4460
7485
2117
988
5143
6879
10656
3685
597
1597
2859
5759
1051
5361
882
3810
5905
2136
4372
3925
9175
10639
7616
4403
4797
1835
1885
1807
9799
8020
2691
5316
2608
8812
6810
4640
2456
1130
8162
8949
10655
3796
4577
7317
2709
5573
8035
6238
1695
9926
768
6580
2139
10109
4992
2984
2007
4362
1080
828
9326
10229
2018
6183
7768
6487
7517
7572
7187
6033
1078
7449
2620
6806
2646
6777
4812
584
1931
8924
9750
7427
2597
3721
10493
3853
3801
9903
1642
392
2055
4924
8953
1086
59
1734
2705
9956
10692
2375
10613
9709
7158
3750
713
10161
6642
7229
4446
3936
6337
9108
4121
7226
596
2914
4540
5813
3849
9455
9272
8135
8085
7400
10244
3927
8341
7888
5200
3241
6218
4475
1754
7614
902
3752
3703
7736
1728
3096
7431
6018
5616
4039
8280
8400
2964
5537
9810
2600
8339
6796
7790
7466
4000
2424
6356
533
3922
4690
3624
8368
7543
10571
1600
6069
7508
5865
7962
6802
5047
3185
957
5793
2390
7559
5354
6981
6104
7740
9893
5069
4034
7496
10441
5723
4370
3658
1281
6086
6476
6882
8811
1903
10594
4054
6537
2592
58
6645
5275
1305
5950
586
9556
4776
4671
5011
6520
8620
635
44
7492
4575
2538
9020
5245
9378
6906
5598
8720
7634
9443
8153
1902
4235
9484
5313
3112
4957
4186
243
4966
170
3938
1751
7716
1442
3893
3846
8288
8606
3272
4369
326
7876
7672
10113
5002
6291
2440
4652
3883
7666
2103
2602
5890
4326
8724
6877
10341
509
4473
4958
6950
6149
7806
2685
8095
3785
2575
3795
9264
5420
7981
6575
6652
5951
6561
447
9530
5706
8278
10050
9133
1845
549
6932
9648
764
10475
7958
563
2882
9062
8665
7205
7864
5765
10674
3857
2059
8187
6278
691
9426
3197
10102
5225
4599
1694
2983
6060
6556
4085
6671
9442
9609
1289
9761
4678
5237
7147
5907
855
3034
5718
10438
6712
2246
10300
6131
6779
3969
5825
3532
5746
6021
8218
7063
7486
88
4361
361
4821
4458
8493
682
2092
4915
2286
6229
6851
874
6942
4805
5035
1803
7522
3307
4496
1574
9436
192
6078
868
1368
897
7820
156
1211
1507
9138
9208
1307
6912
5887
2427
901
5488
3478
3511
2551
944
5669
4680
5064
2082
8915
1167
2925
5440
8549
927
7617
8494
9401
566
4029
2550
5187
7514
4346
9006
1626
783
2105
7412
7880
3793
64
5717
7370
10254
5724
6488
5031
3769
9689
2434
3216
7605
1069
6351
2611
9829
7680
10022
3235
1875
1424
5287
4973
3291
5221
9234
2235
5377
8160
8232
5436
3498
477
2936
422
9399
3664
8011
5330
1650
3510
6803
4882
8822
866
7623
1784
5732
9235
1363
7484
5762
4355
4411
1907
2304
1865
10408
1001
992
4585
4665
4765
6042
3759
2329
738
4825
7472
6374
817
3228
4937
979
4321
508
5236
1071
1331
9907
6043
1033
163
2621
1259
8365
3019
5558
2762
679
9862
2778
7388
9477
7314
5673
10551
545
9833
3654
1613
3697
9184
9105
10533
4556
9624
3981
2819
5389
7119
9266
6354
4639
8410
9462
7784
3686
2668
7275
5720
3057
1893
96
4057
5694
9512
1482
9786
8737
9297
4307
6540
4165
1586
8946
4075
9100
1585
704
9308
5819
8770
9219
6181
940
9246
6361
7333
7667
2202
2261
10407
8653
3994
10337
5923
7396
6638
4330
1852
6159
1740
1238
2591
1121
10371
4127
1960
8652
6929
572
5466
4422
971
3868
9350
6156
5593
1414
5539
4274
7669
985
4752
4157
10261
57
8403
5974
3839
2712
1345
5976
9189
2976
8711
7595
8740
1882
7056
2804
5679
2194
5920
9704
2131
10297
2772
8629
9194
8643
4528
5463
5003
487
6649
4091
8587
8452
5479
1483
8091
759
7824
9889
7362
10560
6869
3248
5233
6807
9990
8344
7847
7501
8855
702
10227
1358
8157
2414
9964
1355
9875
1452
8982
3075
4714
9360
9562
5327
6212
334
3546
8140
9652
4760
4698
2166
10589
9475
6350
5804
5745
8716
45
9586
6759
3301
3896
3358
8869
374
3720
3426
6585
8824
1081
9030
735
829
9524
10679
3741
7777
4489
5792
8580
7915
3340
4926
2156
7137
6328
4920
8021
4181
4753
1566
4982
912
5462
6507
6881
5446
2369
821
2481
65
1959
8613
6302
7392
5629
274
5118
7570
8165
6957
4444
7320
7359
5938
9745
2395
6058
9883
8561
1392
668
10107
8781
8517
9521
4423
2980
3187
2436
7948
10212
8576
8590
1814
3670
10014
4112
10587
8195
2818
10335
154
10456
6772
7033
4337
8544
2839
4729
5365
1836
1971
48
8582
9064
5385
7644
1123
3628
8964
5817
8728
206
2932
7838
7663
4293
10198
506
9592
9979
2883
481
6592
1205
3486
8968
4069
4954
8293
8790
8976
4808
4721
9877
4622
6301
298
9940
251
6457
4214
4003
10256
9373
3363
6982
3613
5556
6376
5591
9127
3156
2846
3265
3867
6974
2266
1584
4301
6369
8520
4819
3975
1625
4546
8159
9853
8764
4692
8738
1076
4296
1172
1519
7422
4720
9220
1087
7767
10071
3380
10137
737
3548
8989
3149
6053
4031
6840
8174
5429
3980
715
7434
5184
9273
7796
7021
1297
4471
1800
1673
3407
7700
6135
6552
1095
5469
8111
8787
7404
2560
6970
7078
8138
1638
4038
10281
1607
2537
8603
7020
3855
8406
690
2225
4514
1691
6401
10262
1778
4515
7993
8853
9560
5618
6341
9716
3638
4245
10251
4594
8042
9753
3790
5113
6091
4334
4615
4059
5587
9050
3585
6694
2943
1758
7511
9323
7557
6922
8932
4541
285
10447
10680
710
8706
8000
9293
4219
4625
8003
3136
8831
3201
10241
6494
3889
384
6475
10183
8537
754
6390
9093
10522
2756
6339
9965
2997
9718
10230
9335
8334
2940
10672
10658
3751
207
4115
2283
2967
2111
2071
1204
7699
5608
5821
6624
3048
10279
954
1502
9531
4566
5134
9084
8351
3805
4782
3229
6928
2868
4134
2072
2902
4633
6696
445
933
7046
10549
10153
6032
10267
7778
849
6760
1321
8295
7742
858
2522
3442
2275
8583
3182
3046
2094
10649
8660
10418
1681
10074
8735
2767
10559
8456
3108
3294
425
3472
468
8447
316
6002
3520
1009
7157
6415
4237
5338
5797
552
2596
3835
4948
1514
9728
5010
6343
1914
4648
2585
10362
5116
10497
10529
4266
2525
10646
1939
1787
3880
3245
2985
1861
4502
10667
9823
5584
5863
3729
1458
2474
2174
6735
9805
10228
3100
1226
8542
696
2213
5615
8739
736
9015
1192
10145
4830
601
1351
9974
1900
4699
6841
259
4860
1155
6547
457
5307
2284
4240
8158
2779
1766
4469
3454
6190
9416
9331
5927
9295
7402
3025
6987
2089
3132
1666
2279
3252
664
5486
9510
9393
4685
4328
9900
906
7352
2825
8044
8574
6194
6787
173
602
2053
7433
3095
6001
10316
9126
6485
5985
6180
10332
465
1690
323
4275
6252
3962
9914
3611
923
6799
2364
2820
6155
4741
2295
9575
2274
4532
6510
8443
10157
7441
8955
7727
3459
3667
707
4771
2534
7520
6388
2571
6284
7967
2269
8813
5263
7755
7289
2179
5238
10558
7629
3911
2741
798
7842
2947
1824
7898
2765
8597
7213
2068
9328
2160
647
4154
2710
2087
5353
3627
4500
8255
3327
8325
9296
1704
2811
926
9370
5131
9860
10033
703
4264
1708
6208
39
6971
6874
7023
6433
1926
3838
8016
3680
8033
1587
5334
4536
3614
1378
513
3481
5175
6125
5231
10645
2651
1562
9311
6920
2675
2129
10191
4886
5737
9045
2588
3572
2557
2664
3408
1624
10250
2218
3827
4828
547
6108
9631
278
10490
4767
1153
7325
2666
9539
600
7632
1127
171
2803
867
6056
8690
2406
341
6824
2986
5280
2314
7052
3083
9290
3568
1178
5253
10477
496
8816
9962
3319
2398
6631
9856
483
5527
275
8847
6357
973
5228
7224
8361
2238
4963
7600
10357
3435
7589
9671
4679
8373
3135
1185
7651
7970
5030
1210
4221
391
2409
4457
5848
10379
5304
3713
6019
5513
6
7319
6195
6394
6101
9653
6865
3735
7985
2041
1644
9542
4158
3463
433
7531
987
4432
8274
8182
3449
10086
5686
8996
675
560
1736
1244
194
1406
7286
1118
2532
5108
10504
2801
4949
8783
7528
6332
8631
4180
7515
1786
9780
8381
9717
6519
766
7800
6364
4726
367
5336
5840
9192
2941
8233
9305
5256
10596
667
7613
68
6026
6736
4344
3282
7540
1450
9420
5831
8680
4327
650
9729
1218
8833
9832
8726
7265
2413
4543
6461
2634
3562
7254
4503
5911
9801
9411
3998
6908
214
9970
6372
2245
205
6173
8987
347
10303
7801
3942
5162
1193
10675
8878
10564
6933
4386
6848
2780
4775
5487
7607
1589
1952
8130
4392
4284
1569
4357
5579
5961
3225
1246
9644
937
5575
1390
10372
1475
656
2692
6662
2966
2574
236
4809
3264
5255
503
4792
6570
5578
2847
9967
10556
8133
1381
5749
9425
2757
6559
4194
3967
2180
6513
9298
4177
6750
4672
7987
6185
2759
2658
10283
2300
9053
6114
5224
8034
7042
7562
1547
4323
4846
16
3270
1061
2814
1230
6890
4203
6004
3384
7568
7961
2706
2370
1570
3718
6700
6123
6462
8166
2895
2942
7415
3446
2903
4239
6084
3087
872
4545
9151
4278
438
10175
1809
1141
4962
7465
7942
6834
7689
2924
9533
6835
1948
947
9978
6281
6765
7984
3808
2488
5007
2467
5081
4751
10284
3815
3396
4906
7656
1661
6821
3534
756
5332
2965
225
7235
7826
2959
10543
3383
1640
588
1133
6743
458
991
3437
5207
2503
6784
1859
9132
6903
6037
3196
4817
8512
4505
9448
9899
10420
1419
1867
9520
5170
2183
3028
1582
8171
3097
621
2876
3125
7879
8177
6167
1346
6687
3939
3991
5249
8408
1354
637
5504
4035
1564
9361
6738
7437
2901
10411
6895
10491
2506
3719
8194
4985
1652
4517
9906
4226
1938
6445
1730
4233
1580
6240
7827
10681
9089
9564
7127
1052
5837
4049
8891
4778
2740
9319
8040
4656
2128
3223
9495
796
6054
2662
9158
9844
10257
8980
10585
8950
5542
9636
4421
1208
4267
1623
6132
7222
7188
3304
9421
9262
5645
5764
619
6189
6994
4929
6498
3029
8262
307
935
5394
411
8264
528
8273
3091
8300
10088
6640
5410
717
5095
3567
719
8779
7448
6379
7799
1777
7881
6952
7024
2489
2259
5355
9169
4542
2749
3474
7424
676
8041
6327
746
6383
7088
2168
1031
9515
86
7647
10448
1682
2956
4707
7956
3760
6270
6625
6122
1110
7834
3343
2421
1255
3
8960
4435
10409
4876
4329
6307
9070
4204
962
2935
4493
5056
3364
2307
6535
5086
10530
3960
6336
2457
1468
2700
8751
2579
830
10243
3220
3281
9698
9599
4524
1304
1980
6121
8433
8727
7712
10488
1869
260
2412
6040
1234
8069
5727
9928
3155
562
6385
1315
9236
5663
8864
1286
5620
2507
1122
8227
6856
10515
9771
612
3885
2886
2852
10120
8205
2401
7519
3086
763
3495
2647
9590
8695
10184
5747
2308
7913
8298
9313
10096
7038
2822
4247
9518
4394
8834
1299
3564
9767
1382
6979
832
249
1120
8528
9461
3852
8705
4322
9031
7068
4972
7223
4953
1549
5000
6286
1700
4206
1762
8002
10331
5043
3143
3739
5285
1750
7593
6534
9850
10354
2681
5103
8823
5491
5736
6991
2831
4694
8281
2220
8994
6873
1274
6022
6412
5360
7380
10609
6913
6546
7183
2019
5329
6178
3649
9680
9794
7432
705
5074
3833
2680
2423
3782
7493
1510
9454
4316
4525
8105
7794
9348
10600
10053
7234
3687
10592
8122
2990
2840
4211
7560
305
7769
7635
8330
7854
4768
5495
2562
603
9677
3346
808
8585
126
5040
7991
3610
8306
741
8967
3337
9408
5650
6860
2387
6293
2495
8519
7251
5741
9233
7850
10683
7475
1686
9111
8725
2046
8108
5751
8249
7160
5136
3393
5688
3912
9570
9999
3120
2115
7534
470
4715
7116
3757
8203
5970
5325
7041
9008
4030
1657
7230
1656
237
1135
672
3353
1896
7488
10292
7313
6775
1513
10676
10118
6527
1236
7115
9714
2796
10190
3379
3366
5125
8951
6370
6030
4216
7219
10012
4867
5027
2217
6594
4912
9063
653
1556
9174
7932
692
8850
9739
2079
1111
3662
5507
10148
4347
4967
8292
7326
1542
6458
7341
4447
3232
2541
689
2723
6330
9858
9482
3372
201
9271
628
4603
4918
1177
4437
2015
1847
7668
722
3860
9651
5211
2573
5625
10636
4655
7072
10442
310
1409
10171
7598
4229
4571
10094
370
2237
3851
7454
1258
4297
1089
2199
2654
6708
6776
1993
10009
5743
431
5270
6679
6838
2429
6875
1207
3908
7741
3892
3798
7303
4970
5101
2531
9762
3990
3875
4611
7278
6888
210
8297
5748
7576
83
10375
8871
1222
6163
9391
7904
744
9061
6578
643
4627
9407
3053
6832
1494
2544
1679
8941
120
7387
9110
3138
5352
812
3837
4993
9073
3907
6897
2718
6655
8333
4440
6384
9216
7586
666
1397
10128
7467
8119
3539
1010
7166
10425
8874
3651
7705
1036
3956
7878
10106
7852
3794
10576
9382
7638
3830
3681
9340
5045
7211
9369
6322
2869
10042
10614
5202
2006
7916
117
6213
2615
10483
2148
8178
4977
8180
7291
22
1781
5028
9466
5500
1796
4325
5240
1573
2099
6728
355
6937
9812
177
9674
3674
8436
8291
574
4195
4043
3920
2511
2247
10162
4178
3934
6801
3451
9134
4175
5159
10660
6904
8506
834
6667
3497
2807
5808
6568
315
376
5319
6119
3792
9546
7181
10512
7563
8747
10593
8814
7822
1179
3639
7673
3450
9152
3122
9791
936
8673
2994
10000
8839
2271
5654
1223
2363
8678
6381
6323
2008
9779
8267
5570
1591
7172
9909
4013
4073
10431
5788
5981
8626
8913
1446
7692
1776
4818
5789
5979
5146
9187
9701
5341
1933
6926
1683
8919
19
449
3915
7781
4684
5033
9938
1091
10135
5247
9058
5169
9444
6734
5147
5196
10166
7857
894
314
3261
9300
4081
115
1077
2240
2955
8562
2276
8966
10347
2258
6290
10554
6705
4373
1793
213
4486
6148
4839
3924
10078
5032
9410
2203
1536
8734
6292
8854
1007
5592
1144
1209
1449
1631
6170
8943
8686
3000
6586
1723
322
4291
3894
3943
8079
10436
7032
5931
4618
1761
10034
282
2294
5600
8201
10005
3047
1842
4941
8340
9686
1490
10358
8372
8350
8313
263
7070
6569
2262
5630
4147
3950
299
9803
968
1946
1966
2067
1463
1873
291
2149
4523
646
2812
4183
1319
6692
9090
10633
4213
10043
3864
4199
6541
10140
6976
10020
7679
3903
2716
5730
6017
769
2753
4862
5628
8826
94
2377
1410
8837
6635
6100
1846
687
8713
10210
5129
6367
5538
109
9936
9212
9032
7746
5406
3608
9982
5709
10520
1296
2023
3247
9437
6889
9741
8385
5997
9666
4425
5942
5809
3403
4815
9098
773
5242
7594
1617
204
2848
3287
9069
2116
105
10410
3069
5174
4360
7592
327
5310
6493
9173
4128
1858
1387
1860
2898
9317
2198
1429
10085
10032
9071
4559
5791
604
10366
8224
1500
4320
2649
10711
6296
4563
10117
8983
2923
5939
3753
5201
2172
1588
5978
3707
7344
3288
3745
7628
1016
2054
3050
10030
7870
6096
3457
5381
8672
10685
4464
3101
1257
7804
9917
8479
8488
2189
2875
2782
6408
2228
10540
4677
2763
5192
8842
1908
6658
2527
4595
7329
5447
1323
1200
7353
9263
2951
3940
9986
10484
9149
1338
12
7518
2505
6392
363
871
8774
5476
1245
6133
5124
4268
4385
5413
3068
35
2769
5053
3736
5714
9633
10518
2236
7807
230
10059
4740
5209
4733
6200
1084
2604
2449
377
2896
6144
5459
5946
10460
446
8240
8216
9635
9760
525
6346
10514
136
4487
4126
765
6722
1054
10044
2356
3352
3473
2062
5295
1447
9227
10152
6967
2529
5691
7323
5342
4399
9613
9695
6975
4339
5460
2453
4441
1394
6289
7186
4869
6478
7581
6938
504
4234
8396
1525
2766
5828
10026
10173
2192
1488
6294
4693
4863
4942
8881
4051
10067
1853
580
6224
2045
4813
3279
2750
6066
3946
2526
3909
1701
6917
2383
10350
4305
6074
6419
444
4742
2789
1151
6007
295
4723
663
9226
725
9615
3971
819
9066
4026
6740
9517
5418
9896
8598
1772
3545
9960
4141
606
10505
7645
3325
7687
3622
4981
2165
191
9647
9811
751
5148
8244
6702
7693
6115
6852
7159
61
181
7034
7829
6863
3208
2470
6724
10217
8596
8547
460
1017
4574
1138
255
10684
6440
4201
3700
9859
9605
2290
914
9156
6768
7239
6647
9458
3698
5729
1963
1822
3780
2614
4350
9743
3961
1150
9837
8914
1898
4107
2689
288
1027
1195
8795
8818
3959
4125
1012
2039
1174
1545
1563
9711
8947
10364
6287
9094
7655
3824
4402
7664
9205
9375
8222
9504
2447
3041
3402
6533
5350
9987
3770
7175
3119
4925
3831
10293
2212
2576
348
5947
7
10452
9145
6413
4084
10611
7750
8314
6752
2357
8940
10536
6870
7150
4614
3276
9164
1773
2918
8050
4149
3804
10453
2873
8326
6744
4989
10037
7863
4806
10007
2642
1412
7382
1367
4249
2234
6572
5215
7462
9721
6396
7108
2378
10516
4118
4299
1621
10654
4940
3479
2031
1753
9808
8349
6757
720
1216
4282
9992
1984
3570
7214
1535
6626
671
2142
1925
8299
6948
7397
8080
7236
3601
1441
10095
3648
4352
220
4097
7549
3819
8375
7701
313
10080
8843
175
8884
2091
8474
6659
7709
2641
10472
1248
7306
7271
3529
6432
461
3861
2577
4472
1438
6522
169
4666
2446
517
1664
113
3598
5499
5623
5801
10419
4939
10626
495
6940
10635
10544
2928
3394
8383
9366
7452
9241
9843
9024
8464
1817
10340
6164
7907
5137
6837
7936
8480
8797
5867
8906
4641
2482
9440
6393
452
6362
9535
6098
6277
1685
4508
1590
2293
1270
1057
2137
878
10363
1856
2098
6109
822
6588
1098
3415
8307
660
1619
5348
1456
6850
3527
2798
8862
3528
10079
7328
3502
9303
8518
5617
970
3626
1327
8257
942
7418
5954
463
8424
7722
10021
5902
555
3802
4596
4896
8622
10615
9534
7259
6272
3744
9141
5552
2280
7580
7885
9028
10253
7014
4467
4645
1395
898
7955
3947
1215
4887
8342
8486
432
4417
4482
10457
3778
2639
189
9930
8369
5397
6830
7149
6622
3161
2661
2897
7682
4095
7065
6153
2215
8322
5261
5773
3189
3917
10176
9772
5480
3663
10399
7162
8957
3308
5830
5666
2874
3825
3065
805
9776
5924
4261
471
2118
9574
4490
9387
4495
6172
7394
254
7076
739
3370
1288
890
6105
4558
1729
4048
4504
10328
7103
4009
7196
6391
5651
6266
8005
5104
9846
23
6793
7871
6267
10112
8156
7011
7327
10687
6344
10015
8858
456
9384
7510
3420
6110
5314
2346
1088
6117
2119
2535
5664
5823
695
6616
10706
6251
5106
9210
3690
4659
4780
5760
960
10048
5026
4319
8856
2598
733
8446
2982
9433
2933
2345
6780
4497
10055
9594
5519
6062
879
7533
3607
3480
5300
4380
680
340
7474
4628
10555
7469
9958
9642
4294
4071
3661
5818
5648
1829
579
6225
2510
2499
7538
1265
7940
9572
1972
4879
9400
6103
4646
1117
1398
3313
5414
10197
9
7062
9587
2497
8416
4032
4155
8254
6477
2336
8898
2207
2974
2385
6143
5770
5246
2315
77
833
10092
8819
5992
383
6446
8564
8912
8757
95
8423
7384
6706
5656
2043
4712
7797
2154
8510
1886
3633
7138
9339
6823
8553
2777
2175
3820
10489
1976
8071
3082
10466
8444
6858
9284
7383
3832
1996
8827
2060
8347
3749
467
211
1646
8969
2451
4664
3803
1827
2871
9456
2170
7202
6491
6234
123
10338
2178
494
4872
8364
3576
3482
5399
8556
1020
56
7681
7579
9472
10204
6003
2771
9304
3413
2989
8053
8305
6550
10352
1440
5738
10376
6797
7409
3430
1726
3386
3937
6398
7584
5373
293
3888
5288
8625
2483
6684
10308
1240
1805
3465
3764
6911
5657
399
5529
10553
1616
2996
9103
6501
5577
1715
9185
2100
8429
2224
4623
8113
7798
4162
10384
3840
7950
4895
1578
10100
3329
8380
6486
904
8895
2418
9021
3063
6896
4971
7731
8370
482
5744
3904
7975
10471
9048
9007
1632
2578
9345
145
4816
5475
3344
7631
7206
9392
9292
2676
7054
8327
1883
3467
6599
8394
5638
4766
5433
6565
5681
371
9778
8718
5034
726
2786
6766
4657
2326
1930
2125
582
2145
10149
3573
1072
9682
5560
5292
5757
7131
1528
7641
10473
7426
10077
728
10305
8338
3085
9813
9600
2135
6709
10380
2335
4686
5660
10573
8930
9954
8534
5917
9450
9057
4058
589
3669
8697
6685
1376
9944
8062
3738
7909
5303
2394
6548
6269
2554
8378
2169
5662
2735
8006
9506
9177
9168
2011
5461
2543
10211
2040
6833
3070
5510
9229
219
1416
4225
7928
7951
4159
9513
10346
9996
755
3854
3177
701
5922
1183
2755
9427
7690
7037
3987
6215
10273
961
5957
10461
2791
634
2744
7463
6718
6864
7872
261
10330
7019
1765
379
1283
3146
1140
3591
8524
4824
7290
3259
7659
2441
8141
9554
5046
5820
893
532
900
3602
4094
3930
6428
542
1264
2138
4773
4553
669
2870
8107
2371
9501
5545
10481
9441
7502
1838
212
523
2632
8796
9620
10699
3615
8731
1408
1103
5474
4746
8698
6217
3645
8729
4562
5451
3772
9968
9551
9920
129
9995
264
7079
1684
3376
9468
2420
3183
7619
3117
4807
7356
1699
4927
9589
1340
5658
172
7884
4190
10045
235
8500
4388
8548
3711
8047
9835
6406
10534
10382
4004
5333
6632
5996
4868
3040
1943
8210
9897
8132
1147
2433
6951
2619
7114
1633
7583
10628
5668
9068
9285
6046
7662
1197
7358
6082
7343
4597
1369
587
5639
7233
4256
9027
7217
4959
2739
9550
7178
886
2872
5403
3921
5078
2827
10669
9582
6257
402
3332
2492
9155
7241
6145
9142
10058
5218
8492
1194
4116
8769
7481
7124
9429
5769
4364
2714
7482
9683
6404
7379
6140
2443
522
9197
2214
8789
6500
7654
8999
8669
10528
4877
8064
4074
6984
10163
2583
4080
5532
8427
9099
3910
5366
4436
5901
9201
4302
10130
538
10089
7512
5909
10304
636
3267
8762
2310
1949
3088
6437
2704
7092
2958
615
101
2086
10451
8600
10582
7347
6682
185
5548
2494
7146
2595
3747
3471
9166
3989
9661
4426
4667
5910
6666
776
7546
6577
8417
1615
3565
1698
7012
6020
3767
80
10313
2239
6902
9231
4143
2182
7927
3257
9820
6639
6223
9867
372
9827
1747
5455
4187
90
559
5087
2674
5540
9131
176
9681
6235
174
8806
7445
4189
3300
6035
4171
6733
10278
1811
5391
1779
9541
8657
3717
5412
526
1026
2435
5710
7846
5258
7752
8473
7368
5268
7276
8892
2012
4449
1839
3456
3725
984
6514
3684
5972
1655
1672
8873
3148
6505
9356
3084
2979
1958
3965
3597
2679
4335
2022
5672
10265
8887
9910
7016
3145
4086
9522
888
7151
8794
6716
2033
3490
10207
10154
10437
144
7831
5936
10172
4810
9797
1961
10323
5305
6424
70
5482
5099
2758
6989
7096
8230
6566
10695
9082
6746
6174
3004
5517
1062
199
9037
5904
6720
337
4731
2444
10697
8550
7118
966
5846
8168
8804
9777
5071
2645
6719
8593
2961
7036
5968
2785
10597
955
7391
2637
6842
9060
8200
4938
5637
9035
7499
242
9254
3503
10129
6958
3377
7695
6606
1294
6651
25
7090
7661
112
3398
9849
5427
1724
9507
7008
7625
4898
7129
4082
7156
1391
1436
4976
6171
7013
9804
4016
8455
6059
2396
3007
7136
6028
2027
8081
10625
1808
8391
10226
1521
633
8193
8896
2190
3098
10622
8704
2035
5566
9866
2775
9351
2970
1876
6495
6643
10719
3949
9464
9738
4844
7590
8662
4705
2992
5195
5883
5497
8065
3970
8462
2416
3114
4363
2783
375
7141
8899
9463
1857
9490
9766
10386
7905
10318
2355
6854
6242
8586
10125
8285
4065
2422
1618
9632
3957
9467
3166
5150
3171
1665
2644
7232
5220
10123
5123
6562
2473
4831
2461
8860
8883
2204
7526
354
6818
2197
10263
6998
8776
60
8841
9412
5605
5551
4738
1295
7405
2787
3876
5958
7965
6168
7908
3118
5347
4669
54
4242
4994
3305
9847
4774
1105
654
8527
9581
1104
3644
6373
2428
241
9148
6355
5915
8266
6241
9749
6817
8127
1003
3314
1427
1675
4749
9161
8733
2464
5210
5450
1279
3139
734
8253
6124
3914
7785
5494
3388
8958
10003
5506
122
3643
7059
6723
4836
1645
1079
4909
10531
9617
7754
6558
10218
4758
5953
203
4017
611
9333
1995
8312
8569
8025
859
474
10580
8143
6025
2372
4420
8354
3821
5697
7968
876
8181
9998
4129
6365
6947
3618
9324
1107
6423
421
8557
4170
2949
10720
9727
5754
7165
10469
472
8820
6111
1267
7896
10286
9203
2127
5094
4573
1649
956
8743
2351
3569
8538
409
7025
3923
3509
4068
5956
9878
5562
6855
7413
4569
5444
2987
8331
3147
330
10160
3172
1457
10054
2021
1951
1595
1085
8078
7995
7708
4253
5181
9583
10506
8418
1622
1448
10412
2226
151
9637
8916
925
5862
9525
9163
9479
1937
7830
10242
9876
7779
6055
6542
10565
4513
10309
5248
7964
5199
4835
3926
4709
6044
9630
7959
1709
7419
6714
5472
7978
10383
9826
5884
6443
5987
5271
7930
2623
4272
9320
3303
732
4156
8320
2410
3704
6136
3491
9892
8793
10194
8637
9270
7476
7814
8026
9736
7721
10607
6876
9102
4465
8390
8888
4604
10583
7061
9715
8426
412
385
964
10119
3954
7154
8984
1985
516
8125
5496
9828
7322
10196
895
4046
5405
8017
8618
3775
9318
7305
4586
7733
3054
8258
5635
6771
4572
423
4172
990
9616
5665
301
7759
5189
5223
787
8628
7715
9759
6969
8767
67
8546
6325
3452
3768
4601
9243
3015
7067
7471
3310
7140
1991
6574
7939
3339
9302
3105
7435
7081
6956
5634
678
2738
3203
9162
2981
3593
3635
1173
5383
9018
5832
7089
3533
2298
2316
655
6745
9696
1272
6120
3641
7686
7869
5384
8752
3441
3786
1520
4210
877
2141
7190
6280
8638
4969
4453
9215
4843
8058
7004
8513
10662
10385
4624
1866
9784
8699
9418
3919
9578
688
4132
1929
5454
3058
1727
7035
9314
10132
6246
742
7095
6184
7123
6583
5941
8134
3526
8450
10455
3531
7860
2748
4463
3210
5021
7941
5707
2528
8623
8889
5308
6313
8318
7470
7003
6713
9508
4438
7566
5219
9963
2788
3236
3992
2517
7459
8515
2030
8948
10650
6871
693
450
3124
7735
7726
5798
4761
8928
2725
4383
6831
5291
6615
9334
591
3952
1415
908
2230
418
3781
1171
1892
2455
4200
7558
3423
9505
1692
4488
10546
7657
5794
10415
1308
5029
7835
2540
7438
8522
5559
8591
160
8471
7193
5222
8303
1166
2358
7919
4015
1444
1529
6489
8352
3640
2857
8449
9580
626
10063
2321
2954
3051
4548
4124
1318
9036
5531
9120
8046
6767
9091
6695
10215
2570
4814
47
2303
1928
247
7494
7901
993
3712
5126
3993
1411
7182
614
6311
7332
8908
6295
10621
10405
5250
9706
2496
9782
2097
3151
5306
7853
4374
1719
4697
492
8754
4651
1217
8343
2669
5490
7393
10111
6378
8642
3115
9735
3103
5039
491
3106
3405
4560
1393
841
3222
8722
2450
7031
9703
6499
3716
8788
8379
9946
2626
1005
441
5393
10581
845
4788
10700
8702
5182
10624
7318
9612
2312
7706
8572
4070
2195
6045
2252
5025
6283
1696
594
536
4935
8430
558
5281
7992
4842
1298
2745
6530
3660
3049
864
10064
4137
4777
2999
3634
4358
7148
3002
1253
8032
10108
8496
9678
4727
1552
4735
5853
2978
924
9343
6348
8601
8261
5065
7360
3743
3653
4638
6689
7112
3948
1953
8251
10517
5408
10306
4246
8024
2631
2944
8382
7627
382
3013
1630
8861
7209
2088
7098
262
1712
9865
5206
5824
4092
9240
4387
8144
10165
865
5509
6732
8124
1249
5774
8425
10189
10634
3374
3110
7302
10664
2251
6878
8437
10525
595
5111
6673
1241
3554
9809
6794
569
6193
8852
5400
5534
1113
5563
2566
10395
9871
1745
369
8910
6653
8226
4
1189
811
6962
7844
3209
6756
5810
5533
9526
1380
5163
8415
5544
10396
4262
10541
10070
2899
7530
9905
5254
6228
909
9685
10325
4303
3243
6127
351
5066
5574
7855
41
2344
10398
3250
335
2659
5940
1517
7812
7163
3213
7372
142
9924
7340
8357
9288
3589
3814
5881
10317
9888
3646
7152
8684
3174
3005
7989
6657
6698
10208
8260
4198
4759
8485
3150
4286
10290
8497
7791
8290
2832
7652
2013
8104
405
306
9307
2501
3995
7261
4674
4800
153
4922
2109
3335
3470
9654
8929
5072
7805
5145
7242
1722
718
1263
2205
7599
10351
694
4769
5838
4045
338
2004
5641
8183
3800
277
9544
5919
7338
9476
223
2146
7169
3391
3309
17
2612
2919
7561
7301
2539
5590
2126
8640
1717
5060
2452
5690
9193
9417
5836
5693
150
8771
6435
5120
6853
273
7101
5708
5356
9059
4491
2707
4533
598
6014
7069
7723
2731
7810
3242
3331
3253
2047
5991
6553
10606
9085
3184
3215
10678
7192
8939
1224
9566
967
7414
3159
2026
4745
1909
6808
681
5465
7747
5971
4292
8558
10277
7787
2075
1912
8246
6340
5594
6497
5437
4008
9788
4874
228
8936
7678
9052
3706
8991
5213
7282
618
8759
2216
4557
7676
8844
103
5070
527
6236
9500
4067
3976
1018
1420
4891
3506
5943
10315
8094
2257
5267
4979
10439
2044
918
9135
9643
2419
7745
1212
6471
9904
10642
9445
85
3221
10016
6512
2863
1229
7671
9991
1721
1221
152
670
5678
7005
10276
2048
4757
8849
8742
455
1132
9325
6762
1163
8271
5687
2606
8332
3870
6248
10391
286
10091
5067
4052
5518
7843
9153
3404
4522
6264
4010
10652
4999
9870
9493
10499
6923
3455
4205
6782
3579
10630
899
8656
6678
9552
5841
5117
4865
4681
1250
4345
8384
7080
9700
3199
8114
10061
2386
1720
4762
8830
824
3158
9218
2630
7240
4163
1888
4470
1330
5541
9855
9278
2660
469
7966
7002
8675
4608
6543
303
2521
8169
1360
8608
9667
6935
6308
7284
5926
1433
10101
8154
3464
46
1328
9720
5626
6675
5417
8353
8247
5286
953
8688
3887
1550
3079
9368
8792
2816
8223
5892
6560
1377
7748
10638
300
3191
8491
8909
3001
4311
3941
7658
9984
1159
10707
1647
3650
428
9911
3195
7201
1350
7246
7097
6528
111
9655
6603
1269
7085
7316
8610
3666
10463
5183
9097
2437
2353
1534
5516
6434
4093
1462
5059
8466
7596
4916
1324
357
7142
5109
333
8501
5279
7610
6411
6092
10073
1935
2829
6334
7047
6403
6470
6429
510
7263
8363
1854
6480
9989
8540
73
427
3411
7390
9034
2736
7262
8521
4580
10240
3530
6038
5132
3693
941
8581
8413
5740
5800
442
5676
5966
9481
2813
7483
544
7295
4589
8250
5503
8454
7949
9838
8975
8404
8317
4617
3897
8838
6146
8387
167
7952
2720
8139
8202
362
10206
8483
4333
6628
4002
5580
4474
2969
9818
2249
6483
4903
8309
5933
1334
6699
8243
8664
7453
7296
2107
8835
9353
8694
782
1231
6506
6845
2324
10590
883
2729
9385
8145
5735
6138
3073
7753
3356
5419
5339
8207
2590
9409
10603
2244
7256
1407
7729
3682
8478
2042
7944
9379
1841
5315
3944
10619
9848
1065
6934
753
7066
9000
815
1693
6312
227
5340
8530
3278
6371
8136
8014
8507
6064
3434
8575
1261
1594
4279
4382
857
5093
9852
3500
6993
852
8411
4036
4306
9414
8905
8990
3550
5019
9049
1703
329
2458
10718
9225
287
2508
7771
7710
3202
5001
5896
7509
5402
6247
7212
6939
5982
7225
1881
5906
507
1973
7688
7578
9332
2975
7451
6579
727
9915
5652
3575
5829
585
1496
4439
9890
6826
8935
6452
9547
1894
4568
9598
6142
5198
7029
345
5613
368
84
2915
4102
6637
10167
3055
2694
9639
10266
9824
1944
6036
7107
1474
3424
837
8621
198
9364
9796
1901
7788
7006
2032
3632
2070
8746
5721
8220
5960
9912
4254
7184
4269
5426
2332
2362
10604
443
1322
8815
5197
6479
4336
5345
10444
10239
3067
4238
4893
4512
8599
5337
910
4174
8655
1060
8904
5595
4722
6047
7221
809
7841
949
800
9159
8998
218
4919
1129
2921
7195
9046
8185
224
5807
4076
3078
665
21
2077
4151
434
10205
2957
3784
9933
6439
10503
3090
6455
9315
8389
3873
6128
127
7839
3791
10312
8335
4270
1443
6204
6106
3834
2687
5252
4371
645
818
6564
3130
7351
1610
8933
5324
8791
3425
5157
7249
3985
10496
8409
8039
546
1537
1225
137
6941
7120
10296
6964
7073
2841
381
9983
5485
2061
7009
2950
5984
1058
9770
5524
1251
6024
2643
5784
3289
4590
8685
5536
10334
2493
4428
417
4675
1124
5999
2171
9114
7447
4196
2657
10390
9585
8398
10097
7845
7535
2123
7102
6265
4062
6581
7250
42
7624
2101
5993
6113
7270
197
9434
9918
856
3060
3014
571
8412
10023
3522
5937
2922
1743
3493
5346
1755
7513
10567
8015
9588
2800
8617
10075
380
10521
4725
5318
8551
9188
2
5386
7621
190
8611
5012
8962
885
5453
4986
2232
816
3429
9428
799
3630
2050
9751
5186
8709
7460
1628
7792
530
7292
7354
2024
3692
6089
10570
148
6593
7357
6563
9287
10511
2834
4223
1572
8052
8882
7075
6544
1068
8007
7836
8893
10421
9765
6511
6165
9549
520
7565
9171
10397
3218
2084
1214
3190
5445
853
9868
2317
1100
2931
813
8808
9732
4381
9282
7813
119
9783
2589
6161
5528
1402
2760
8782
3168
7312
1830
762
7273
4179
9257
7367
3244
6347
9362
5471
4588
10402
9558
4298
2586
3347
1916
8749
5257
3733
6048
6456
8832
2359
1749
6474
3109
3536
10138
10623
9129
8189
583
8758
2627
2821
5602
531
2784
2695
5702
8565
9798
4519
10249
2702
1769
9067
5868
7425
3726
6147
7399
8879
1032
8851
320
6949
10116
6065
5768
5908
373
253
4798
2548
1515
3206
8100
4851
2719
5322
593
6077
7366
5409
7001
7683
8911
10343
4783
1884
3918
6774
5085
8554
5799
7058
5930
1780
10562
1915
9737
2475
3637
9699
5632
2260
1037
396
4020
10417
1627
7938
5861
5866
8555
5042
5511
1143
6988
537
4415
9555
8097
7730
4764
8490
5553
4222
1093
4232
3469
3900
4100
10486
6503
8208
1862
554
4931
6057
3295
8509
1383
3311
7464
10578
9248
2078
7737
9538
3389
6196
6758
7277
4078
9459
1932
480
2144
353
297
4530
3020
4951
240
484
1309
2405
3668
7375
8001
1716
10105
7902
3152
7197
1968
7237
4416
9281
9806
8648
8917
6985
10327
9988
1371
8265
3968
2122
7307
10640
2916
328
913
1170
6936
714
10202
10479
10643
6538
352
7874
5782
6899
7440
6521
10319
8469
1048
1742
9256
505
9758
2556
2638
1235
2648
4908
6237
7203
1064
4576
5151
10510
9664
4506
903
5478
9009
7500
10052
6554
4930
8252
178
6725
2200
7406
4090
9553
2856
8691
6545
10532
3580
1428
7674
977
1373
489
10430
3269
7106
7868
3982
8810
4263
3659
134
1275
3997
3826
2255
5293
1426
7478
3535
6829
10617
9673
5390
3540
1821
2382
4719
7653
4613
1526
5547
5023
963
1434
124
9602
3898
9338
761
10121
9972
4917
1404
5682
8566
10359
9756
9731
6243
2074
5349
1815
4208
2096
8419
229
10381
4892
724
1149
982
10569
6995
5523
6067
7436
6905
7912
180
5549
4750
8238
10508
5739
5646
5550
4077
403
436
5456
711
6417
8541
4565
1356
1544
4607
3882
3238
9209
8275
9157
5675
640
3211
9985
8441
4310
2893
785
7996
7937
2391
4160
6211
2270
3935
1498
2568
2285
10046
1198
93
5766
3038
6023
10233
30
6352
8508
9821
4911
3336
1832
4945
5860
5856
3583
4647
8719
7026
1982
1669
5368
10668
5731
6260
6815
5882
6006
5452
8714
850
8979
5048
9839
5317
10122
5722
1609
4789
32
7861
8954
7696
8760
4695
1501
2305
743
6448
840
6634
9710
1403
978
5369
26
9191
6349
5269
1863
6825
3416
6809
7633
2565
9708
1213
7694
2337
2973
395
6326
4146
168
3746
2404
7479
8096
9509
6300
1242
5614
1422
8103
6094
7713
448
9047
6783
4098
4053
3884
771
7244
1713
4429
1266
15
3705
138
8045
9692
410
279
1277
10538
7725
9705
2296
8356
1196
9880
10220
9691
9056
9121
5058
359
5508
9224
4658
5557
6672
3586
2073
10213
1599
2242
2730
1659
8945
6886
239
607
4236
10356
7346
4799
1871
6676
7207
2108
5083
748
3538
1895
244
3369
7297
4318
7258
10310
5844
4483
6613
9842
9013
2900
4353
9186
10393
7703
5265
6409
9790
5483
1731
7982
1641
7105
4384
9763
9882
9884
6467
1492
1819
7889
182
3031
6781
8211
7442
5331
9449
3766
4105
3577
8805
1689
934
8571
873
10146
9687
3740
1575
424
4987
4167
5020
7428
3551
9367
4861
8577
5378
8778
3694
208
4184
8388
6051
7487
10586
5998
6214
7310
4878
7030
6436
3033
8536
143
10443
1423
2454
1336
7122
8310
10694
6226
9269
7145
10588
9395
3436
2849
2479
9591
3600
8084
6867
3951
1364
3475
3672
7883
8894
9781
6959
5054
10705
1008
2250
2552
1278
7516
3246
4900
2678
10342
8004
10666
5105
2988
4755
2665
5851
5004
6407
9976
98
4342
2367
9802
6778
8588
7972
1969
3488
10311
4883
222
6617
7867
2209
8532
839
5994
290
8087
1601
4408
6523
3519
9404
3518
10324
6139
3354
10234
5849
2229
415
6980
4713
4231
2513
3385
10708
10433
4461
2365
7882
980
2584
10193
10365
2354
5388
7191
920
6866
7637
165
9908
8164
7176
9076
10702
4109
3175
7893
6363
5733
9690
272
4393
7143
7751
397
1359
7960
6198
515
3928
2572
6727
2325
6576
4921
5564
1276
9349
2415
2728
3422
747
5041
10103
7524
7980
3468
1804
4230
6329
7376
89
10322
2850
5786
4022
6623
9232
1154
5698
9214
7738
7420
7324
1399
6661
1557
5712
7922
3039
9947
1059
9959
8659
4313
9488
6186
92
6731
5401
1790
502
10355
2263
8057
10268
8723
5756
3102
53
4968
5301
814
3164
7770
700
11
1504
1337
8477
3418
2881
4243
493
6605
4820
7057
2828
6416
5092
2809
1759
3237
9793
5502
10527
4248
231
5335
3381
8099
10201
5568
1126
1735
1592
9608
8036
5965
9725
1648
1303
3809
10686
8511
7537
6764
4516
10487
8362
673
2342
7650
3330
7553
6992
5603
7027
317
4061
9638
9577
8272
8196
8070
7900
6790
6892
2613
10028
5260
157
3074
1947
6203
4535
7542
3877
10087
9376
2761
6288
8721
9561
3212
4598
4459
4281
8434
5448
1025
10595
9398
4123
1604
159
10502
1112
3127
3071
4476
9895
6612
9374
10696
9845
4430
2231
6107
9713
4965
4946
6788
8073
4531
1954
9167
1271
10090
3123
6324
9675
478
789
294
891
2703
2498
4787
6620
10416
43
6345
10677
9536
5283
8753
8386
1310
7051
4354
9044
6083
9773
6529
9623
3848
10465
1480
1771
9656
778
10404
8870
5734
102
7060
4910
9291
3277
6567
3512
1262
8589
1643
8401
196
887
5621
5713
7177
2064
662
6665
2278
3439
2114
5928
9606
1855
3077
2773
802
3022
3361
7615
8825
8681
3507
4593
605
4400
2640
551
1180
7802
7556
6526
9618
1372
1030
3696
1923
5190
10392
3906
3193
5716
8866
3823
2241
7717
3447
440
8901
2581
8090
1252
4368
2569
6839
6137
4006
8829
3771
7210
10144
9003
8013
932
7133
5367
9980
9486
8663
8323
6209
5204
5726
5659
1999
6076
1553
851
2319
1366
8289
1362
3030
6918
256
7407
9354
9548
6303
2724
5374
3205
9595
1596
2376
6688
7974
10422
2533
842
8204
4407
500
3619
7017
3217
7551
2403
543
9107
6916
356
195
10225
6721
8063
4785
3983
1979
3874
9746
4409
2478
9081
3556
1047
9389
9971
2713
4853
6820
1389
1598
3931
7218
10691
3676
4145
10368
7071
5781
8241
1486
2601
8768
9086
2545
9934
1802
3812
2347
804
10717
7255
6846
4120
9365
3557
5008
7582
8763
5203
6321
2686
945
10151
9179
5114
3466
10126
8117
911
1125
3378
9435
6669
3056
1063
659
5274
4066
3169
10133
8696
3121
9245
4375
5526
7055
3657
9054
1282
2352
10203
5180
3037
10139
3428
8319
6410
3323
4550
613
1788
8066
9514
4841
10260
3395
792
8294
6031
3297
8750
1293
9659
5889
9567
7109
9119
6338
9887
2140
2774
10545
1332
8287
9744
1677
4880
7153
5755
7231
6182
3758
420
5607
9993
6654
8644
4944
8137
5278
5886
10084
1541
3699
4377
625
2000
8142
2889
3561
930
3978
5205
8765
7744
1543
475
6953
7489
1148
10440
4687
9154
7161
9628
9927
2609
6399
1678
3293
5387
7355
1919
3973
2563
9694
3525
6516
1636
10403
1280
4182
8845
2892
3734
6660
2459
10432
1239
2878
6641
8374
2460
4653
5484
2485
6422
8807
9017
6465
6095
5899
4197
10671
7330
5742
7200
1206
4701
2835
3762
5515
2306
10169
8277
1287
4341
7374
7837
4706
4481
266
3009
1906
999
118
268
6134
2439
5872
234
835
6013
8106
5212
2442
1108
7411
2582
7636
3043
4870
3559
10098
3026
3334
3258
10377
9344
1022
6473
1477
8647
6805
1551
10057
8993
8054
9625
7544
100
3996
5282
4424
9206
3227
8645
4445
2854
7077
4704
2343
3406
9371
74
905
616
2607
8118
1
7215
10029
304
6531
3160
4304
4224
708
3072
7139
6310
8730
2708
8060
1439
7573
5811
1011
7074
4259
10661
1306
4873
10011
5701
9390
2016
2653
5473
9380
6463
1897
9569
757
3859
8802
6175
7498
2549
9523
1560
1464
1785
7714
2223
3844
9851
9140
7100
5520
6063
10599
3566
6219
9576
3955
3916
6275
1741
8214
4889
7480
9074
4847
7272
10601
7253
5493
3477
5422
5850
4734
9545
9447
7783
3129
9283
4366
6587
5121
7000
4801
8736
7450
2908
8055
3321
608
9446
5290
4552
3162
6199
5589
1942
309
1045
3552
257
9336
7946
6604
8658
8059
5277
9065
7173
745
281
10575
486
9176
7490
3316
1478
10710
5013
10039
9614
4185
9891
7591
7957
2327
1978
760
1602
8438
7875
5935
1764
10548
2754
4136
9087
10424
3986
2243
7704
3902
5411
4139
1454
10049
6254
5885
6701
5423
5435
1891
4413
5194
7299
3673
875
8985
1548
3093
7309
3763
539
3549
7204
4367
788
1484
9800
3249
10200
1329
4610
1738
622
7608
3163
1050
6207
10199
3963
2331
435
3080
4668
9010
8019
2794
4379
2616
7821
7545
7094
3116
5122
166
10214
10629
2877
2080
4529
8421
5102
3345
10270
4793
1833
8155
7334
7430
7999
5763
4578
2826
5816
1774
2945
4564
3623
9247
8470
6061
9529
406
2191
