4838
837
5505
3977
831
8678
3616
4791
6185
6098
10367
5482
692
1216
931
2315
6433
1371
7465
497
2212
4740
4396
8069
4587
81
10614
368
16
7940
2167
606
9860
6277
7306
6216
9011
1328
9504
5085
5379
2283
6591
126
2462
9281
1716
1121
917
2922
1981
4737
92
8437
10022
5235
6979
2887
104
10685
6142
2677
8107
3731
3969
7147
66
3600
7758
3482
3940
9077
4290
4473
4744
4067
7468
6559
1208
4304
6155
6532
5980
3620
655
4361
8014
9064
9777
4142
6947
3271
3435
5657
7425
3951
793
757
9643
2429
1585
8563
1752
3678
1805
1510
7768
3776
1246
8661
10095
1870
6816
7128
3884
1170
5777
10569
5875
2214
4335
6476
2260
5154
9608
1563
3411
4401
10675
8963
3338
5783
4464
3745
10262
8823
10129
6071
9912
5540
7526
9194
8551
1985
1282
9217
4938
6151
10482
9393
2293
10534
10362
5732
9307
5270
1184
1813
940
131
4831
233
1132
2663
7570
2481
6509
10006
9052
7038
2114
201
1143
10347
370
5992
8319
4927
10455
10193
1359
2021
3157
1318
4816
640
5791
805
5127
9505
5824
3112
8094
4597
3328
5254
2328
6973
2049
4930
6470
888
8221
6579
2539
7862
4109
1404
8500
7678
7583
9835
2534
556
4059
5049
520
9554
4862
143
357
4418
5785
6454
9241
129
5358
2717
1879
136
8312
8211
8450
7903
2378
7281
2719
2966
1994
6278
5627
1726
1001
1600
5028
6224
3354
6138
10232
2859
2996
1243
1315
1679
10040
3232
1875
517
1857
10300
7584
8256
1440
1341
9345
7385
5140
6275
9192
10080
461
8566
5011
3438
934
4305
3512
9074
9865
1398
3301
9774
9220
1149
9899
841
2970
5779
6994
9048
5867
10279
166
4338
4899
7745
6954
2261
8534
5192
115
1745
10586
2753
4282
213
4986
3431
6390
10547
8236
5911
9734
4075
10154
2912
8871
4243
4271
2119
3774
4866
6497
8629
9328
674
1369
3946
3769
2960
3534
696
4288
4224
2389
7039
2576
7441
822
5259
3821
7957
3076
8550
4976
7815
10196
5975
6011
6647
6791
390
4786
1203
8081
5612
172
1354
8756
6456
6330
9134
961
6267
10695
2618
1320
4437
8111
8300
259
193
3868
7331
4716
1899
9579
7205
2853
2779
2303
2977
6655
5398
3006
9389
437
3323
4533
9799
9542
1319
4172
10334
2041
916
7445
2036
3363
9664
7415
5076
9993
7941
4623
10133
60
1528
4299
9808
1178
9614
8617
6811
5026
7130
9805
4069
112
4684
1990
573
5425
4950
1041
1708
2667
149
78
7509
6561
7650
6687
1602
3762
5008
7169
6607
4035
8098
7968
1091
9969
1760
1831
10426
3629
1101
1667
7494
6347
560
2467
4236
6652
6113
5683
1962
7507
237
972
5325
8127
732
9501
3015
3795
3090
1356
1843
5615
4100
8947
1067
7891
7255
3727
4407
838
6236
6661
3603
3040
1053
2936
8994
4734
9213
3900
6002
4349
10393
7324
2902
8955
2094
2632
2497
5652
6807
6782
4903
1887
9807
9366
2776
10571
3155
10481
9226
4844
9346
2607
8466
2793
168
3098
475
3235
288
3457
2392
8
5720
3689
2470
2187
234
3954
8487
1032
7923
6819
347
2998
3651
5526
7091
8330
8496
9984
3135
2178
760
8711
3891
2165
10375
1302
7767
8696
1556
3571
2241
3540
9688
507
5323
988
7631
8777
7577
3851
1442
8193
3074
6319
6691
6539
8289
9374
1521
3631
7578
7802
7015
5971
4245
1996
4479
492
867
2916
8848
5983
6487
3406
10060
7075
1638
1838
953
7000
6975
8310
8071
5839
10422
10013
6082
10261
6612
3339
1954
10283
8185
291
1460
7842
5469
8044
3242
7113
5770
7626
2716
6349
5324
878
6995
8160
4646
40
7274
3223
7533
7970
5489
2979
1316
1353
2614
10061
9635
4609
4465
3879
5579
8373
8341
246
7282
4368
5934
9702
7696
4002
5250
5335
6766
7954
6202
529
9084
5450
1360
8798
4269
6835
774
1051
10341
1724
8565
3902
5495
1466
1579
2994
5315
5516
3332
1501
6602
5515
0
3147
10357
7160
2496
3684
1836
4309
5905
7343
9653
2026
1576
7914
6263
801
7523
1361
5533
6630
8432
7974
1942
1933
2111
776
4955
9915
2903
7129
7058
8840
8415
4220
6051
3231
8505
6797
4016
5664
6763
99
6810
9908
10338
9922
4132
4681
1597
4115
235
9078
9000
857
8967
5636
2967
4710
6190
96
752
4221
3982
3513
2479
3533
1229
2641
8136
7567
9587
1999
5712
2183
7059
2264
10611
9179
348
2244
1558
8479
703
6044
5527
2381
8416
8958
7668
6147
9773
3834
1162
4516
1273
2990
4748
8651
2569
8318
8597
2664
2744
992
8884
8190
762
3509
9185
5305
9408
2890
8333
8470
4509
252
6249
3530
9365
8182
5677
9924
1028
63
5500
3896
10650
6692
9079
1637
10500
5329
7788
9178
6187
7455
4923
5441
9004
3060
2286
3124
7442
2163
9850
4476
5295
5459
8059
10531
7005
8877
325
4696
1665
3803
4161
2674
8912
816
22
10679
9063
1096
6413
9530
5173
9671
7327
6389
8944
4806
872
9225
675
4784
3588
840
2257
5059
2531
2122
258
9248
9477
7975
1592
3262
6733
900
8825
9200
7346
1377
7151
2611
1986
245
4907
535
1950
7909
1378
2152
8935
67
3611
4544
7651
1463
6619
9324
8424
1324
6057
8598
4607
3911
480
1144
8383
10211
7460
7312
7246
3794
10485
5312
10165
7951
10116
1090
1750
5960
2855
3315
9215
3268
5464
8698
3266
4895
4855
6564
3548
10127
8017
5190
9413
5429
9376
8939
5765
8034
3393
6310
1729
9438
10121
2885
8065
2637
8363
5150
5940
4386
5463
2256
866
10606
4070
4195
322
6958
3519
4847
2581
7426
401
3692
7531
5184
8702
3447
6022
477
4456
6876
4149
3859
4801
1372
6052
125
578
7699
5938
10074
6729
7716
2594
6340
524
1492
1632
8395
9332
4714
7586
4589
6083
4858
391
6608
3806
8658
2386
4140
442
6076
1523
3201
4155
7704
10506
9811
7336
6558
2129
2668
4788
5576
8176
3556
5786
1047
9938
6513
7933
2858
5958
9775
10180
6234
9507
1352
9511
4468
6611
7701
6533
6445
5920
6581
1308
5202
9337
3465
5453
3636
6479
7289
8385
10425
2694
2238
3107
274
397
7624
10660
7664
7284
5882
5581
2419
9415
9595
579
10397
4485
224
10163
5111
1167
10697
3357
8443
8488
6580
7501
7706
10274
6716
9447
7982
3343
8266
7538
9895
6772
2820
835
8057
8347
4129
667
8804
1231
8299
418
4176
9730
7066
5476
2736
3791
4887
860
9875
8168
7948
637
9629
5881
2768
7996
7899
4371
1115
4376
3855
10526
4707
8010
8643
2957
1133
3526
10028
9569
7901
10052
5328
7599
1891
6635
5700
9120
6522
8315
8403
6351
4099
2925
799
2169
8336
10598
7093
4384
6984
6795
3560
1811
6743
5038
222
6851
6788
366
8515
8074
10161
1431
9423
5468
7108
7034
4766
604
8483
1160
830
4239
7320
1438
1475
8465
997
6585
8301
1906
10469
3239
10105
543
6186
681
1886
7139
2216
10483
4267
873
10280
7043
1928
4654
5522
798
7105
5249
1437
9298
5237
6822
8411
230
7300
4020
591
2625
5180
1756
3647
3087
1483
3379
1061
8992
1848
1628
7353
8154
7286
10595
6747
5314
4802
1461
10267
5151
4825
729
1695
3506
2583
7639
10698
7051
6515
9036
8295
3162
8463
310
4778
9405
5701
1057
7107
4171
6752
9896
9745
7462
1338
3861
8621
2648
7027
2226
5478
4494
7751
9014
5382
5288
10072
10705
7830
2515
10213
7194
639
174
6008
7084
422
4289
6431
8855
5761
1929
6024
56
7498
3486
4095
127
8595
9789
5228
4963
6424
133
1175
3899
3827
9051
202
7943
3840
7622
9819
4148
3459
7772
5819
9487
2198
1865
2181
2435
5528
9830
353
9493
3063
4985
8744
10414
3854
6574
6328
5884
3483
1635
7660
10609
5257
6134
4343
3686
10453
9228
3576
9833
6760
3913
378
5381
8627
2195
1860
7482
2068
3887
724
7292
9989
10027
4969
869
5332
6632
5362
7795
9619
933
2953
4040
139
4594
4090
106
3800
5764
10229
4901
5376
2952
7018
10495
4932
6038
5959
2016
5524
3909
3850
4643
691
10449
3130
9573
3175
5368
6229
4886
10491
3467
1803
1497
9882
4114
2413
6746
3828
717
3987
7183
966
2999
5702
6757
3537
10558
4062
8414
3668
4012
8892
7162
1045
7041
1766
10670
939
4294
7695
2383
1974
3248
3296
5178
10612
5433
7811
5169
8532
1479
7188
7158
4266
9980
7243
1687
8413
3722
4073
4981
6214
6710
3734
3276
7679
4936
3418
9105
5954
4537
10496
723
6966
9354
3219
6659
10419
2928
2484
7190
989
10337
10438
3210
7847
1263
8666
8587
7614
7134
8755
6128
8032
4216
3681
3893
2924
1627
6388
1673
9836
5109
9173
2450
2872
8429
8887
9416
9218
1569
10172
5122
8046
5421
2420
3272
4989
969
2522
8736
10170
9560
394
1459
4156
7642
9770
4133
10428
1858
9414
474
5829
10167
2784
7189
6422
9364
1486
3561
3057
8404
5029
203
1500
6998
2626
5300
10125
2208
2143
7796
8455
2893
9982
4337
8689
2548
3046
5155
7638
2649
817
2766
5123
6847
3992
5406
1775
2570
10227
7082
1651
21
1863
4647
10242
8135
8896
7798
3593
10073
8226
2164
9401
10624
7806
7388
4036
4940
577
7492
3100
1883
296
5834
2685
4666
9033
4693
7405
4874
8536
1026
10082
3031
5252
4033
4598
4567
4332
4262
4382
7369
3625
4183
4738
5138
7408
10194
9518
7150
4569
6172
7771
952
8407
6129
4712
1931
150
10333
9543
6971
6508
987
3831
7198
314
6240
9917
8096
6832
9412
3856
10639
8792
1733
6730
10577
7508
1705
3756
10663
6639
2472
5796
9784
7223
565
10619
8188
2468
3777
5918
3567
3906
1541
3030
2833
197
3220
4453
4041
5752
4034
1827
9864
2681
2237
2331
5803
2057
9963
5634
1840
5025
7070
3677
10205
5674
5643
693
659
6565
3247
8374
5565
5473
3028
10551
2714
8434
1958
7610
6136
5852
7273
4039
623
7712
1671
10382
5048
7754
10372
9571
3945
1295
5871
2092
2728
3816
4435
10215
3606
3045
9628
5802
3702
1794
6936
8615
3477
10645
8728
7993
6934
5914
9699
1307
1393
5837
3825
5344
5466
5993
4459
3440
10266
6950
9338
9868
4575
5501
6705
4355
48
10254
4834
6014
7380
8020
8570
4047
9960
9439
4743
8457
5225
1699
9203
5098
7237
7071
1689
1311
7588
1213
6548
8705
6578
1715
3559
7828
7777
10168
5646
4566
10648
9519
4756
1097
6756
711
3649
9698
2857
5952
6529
4287
2600
3669
8788
5352
8778
4470
1683
6789
854
898
8708
493
3693
2629
2523
6280
6144
4261
3116
9363
1179
300
4941
4640
3697
9025
6523
1420
6961
6801
7896
9578
8064
1010
7236
2661
5247
8688
2209
7421
4112
10672
6631
4027
9669
4505
5641
7868
8426
10091
10589
7330
3732
3543
1774
9615
10573
6783
4143
5062
10309
8257
1058
6241
9871
2086
9068
7557
2992
3811
2733
6690
2313
10412
10316
8114
2063
9600
3213
3824
5718
2572
2584
6738
686
262
7436
4240
2118
4625
2747
5800
7880
4413
6502
920
8376
595
4994
5590
9466
5644
6215
5624
6152
2158
3716
1314
9741
8104
706
6908
5937
8342
2461
3564
5186
146
8433
10549
8748
8739
5811
5396
119
5967
7528
7927
5414
5285
3644
9073
3340
5291
7881
1304
2075
1193
2743
2931
621
3799
3594
9235
1751
6225
6726
2809
3302
1549
3285
2939
3846
8452
8105
9533
8569
189
318
85
1163
5571
8408
8815
2739
5163
7998
6108
6209
8102
1550
2969
8766
2193
9262
330
3875
1546
5686
5310
8258
7110
6932
8237
5326
9455
4205
4939
1278
9678
5058
9948
10608
7191
563
708
7326
1472
5068
367
4434
511
1789
2022
4124
5854
3740
3975
3023
2949
7337
8956
10107
10303
761
6646
4747
10632
489
9347
9861
5108
4852
7732
1902
2370
747
10304
3627
7166
5303
1654
1388
9973
5145
8965
4792
8331
3547
8564
9565
2153
5933
6105
42
2617
6246
9954
7406
2352
3706
6158
2501
7628
5241
4911
452
2492
9020
9425
6550
6645
495
6815
3176
9846
8047
2811
7579
8056
4504
341
1084
2099
6500
2933
2756
64
742
218
855
8750
3601
4991
8092
94
9056
10452
3655
8149
4154
4381
1876
5990
1861
2243
10024
10045
7214
2018
5004
3361
5704
1333
4087
6689
5551
4477
7897
5491
3759
179
4658
3350
3920
7275
8841
7
6683
2812
3275
4173
1620
8282
5689
433
392
2785
9617
6354
1934
1633
6937
2480
10144
2844
2862
8914
4543
6997
9534
9852
4077
10361
9026
3551
6799
8558
7618
3766
624
3078
5240
8885
1125
8915
1991
9903
4945
3476
3002
3726
5007
7277
9731
38
10008
10673
7876
6312
1457
5725
10403
1276
320
8362
537
10186
1978
6257
2751
795
8382
336
1151
2542
8709
2722
3947
7178
4081
3637
6939
1012
6359
1349
3480
1166
6063
3007
1347
7617
2856
2519
6623
1424
467
6417
5773
6667
157
10189
10696
4510
2055
9709
3515
909
491
7670
1533
8790
1798
9749
6316
5694
4430
5859
2500
6492
9351
2098
8361
2745
7260
8228
7259
1080
6516
8765
1892
9794
5470
927
5553
9862
4929
10364
9529
2697
7452
1810
9854
5392
1571
10000
4056
3730
1467
6877
6679
4992
10588
960
5671
4051
694
263
3923
6028
8130
3882
3008
6315
3676
8204
7973
3444
7026
1489
4861
10033
7480
5670
364
3115
9888
7446
8060
8292
5462
6371
4944
3359
210
2911
9172
8263
1965
8826
2708
3251
4121
7848
7602
7674
10701
7702
9478
4526
1856
4180
9340
9788
4169
8518
4131
2078
4626
9910
8745
137
162
8101
7530
10548
8375
5653
9670
7644
3598
6418
7924
9873
6967
2950
7949
6688
1674
5112
5158
10036
4818
4259
9658
6660
10493
8789
636
3080
7439
3817
2312
9765
5051
4375
3037
9591
7362
2100
4409
8931
8655
3214
9451
8021
8930
83
10247
9152
204
4278
55
5711
1614
2706
8410
10113
4490
6968
9432
8692
7484
1772
10590
1130
7474
1806
3837
10064
5888
4412
46
2246
5822
7633
7295
5499
4827
2604
1725
2311
2192
4388
103
2660
3563
331
3737
1780
8215
9199
5010
9049
10065
1494
5547
5195
1300
792
3186
9176
2120
7850
6274
10622
1368
8562
3392
2357
8178
9470
9204
6596
10604
3675
8474
9485
6491
8648
2194
9743
7908
3849
2030
4702
9141
3709
3199
7256
1020
6593
6844
9832
231
6894
175
8499
6250
8591
6245
536
8806
4898
7319
554
8441
10499
1219
8392
345
8231
6483
5573
10497
10591
382
8220
6833
8785
7485
1690
2773
5595
406
4168
2926
10207
3814
7560
2156
7418
9602
1846
2368
1800
4488
4272
6530
1649
783
9528
9222
9906
6808
965
4789
930
2091
8922
7717
4889
1696
5114
5969
9538
3320
4191
7030
7011
7912
5306
3535
8073
5103
784
7641
10343
8638
6536
5877
7226
2843
1957
9350
6930
5977
3632
2822
2511
313
8077
2489
7665
1909
10462
3484
1227
4881
1148
2557
7797
3735
9303
6488
6870
7683
6219
4655
10200
2230
1039
10380
7852
6869
4857
4860
4515
5496
9962
7829
5841
7186
8612
6541
3108
3701
3294
6360
6514
1776
9707
3586
2453
10434
3102
5023
10075
6020
3187
8889
5351
7776
5308
1777
8360
1723
3712
5721
6762
2839
2781
2093
5238
3666
10386
8389
5970
5083
990
5733
308
5899
5807
10039
1409
6194
826
5818
3009
2076
2325
4426
5649
3492
9843
9045
9766
6439
3501
707
3557
8451
851
8356
7855
2142
10038
9044
7440
3329
6567
1582
5602
4044
1390
5939
8504
10025
9440
8936
2432
7060
5995
9837
2147
2058
4805
2393
8243
1443
3959
2987
311
3038
10358
6481
8791
7967
7714
10594
8380
4336
6110
4934
957
9407
2684
824
6852
57
4577
1146
9920
2218
10714
1265
3688
8293
6287
8828
456
8035
1972
6010
7133
8343
5034
1030
9809
6181
4029
4342
177
4429
4007
6279
8339
90
5925
5739
7368
4554
3317
10605
9377
5955
8847
8344
6636
1287
8854
2603
1011
10384
3748
28
10592
7858
9381
6067
3061
9124
7106
6318
7757
4822
138
8251
7656
4699
3405
5164
2849
3378
10084
1669
7358
6434
1272
6125
5307
5072
2715
647
2898
502
8028
7690
2387
1980
1938
4764
7157
304
8680
1915
5331
9362
8541
1936
8977
5948
4202
6828
8482
2398
10476
4113
5276
4022
9654
978
8189
6625
4181
4840
7334
5115
9406
4082
8367
5588
9974
9278
973
4617
10512
80
2601
5293
9460
10159
1595
4535
2508
5340
10533
7822
1894
4565
709
2353
410
3807
9482
8641
8458
3752
10241
9168
2478
3813
9668
9021
4084
8309
1173
9468
5556
6045
8200
8163
9719
10629
9268
2595
6903
6764
8209
9876
5736
590
6744
7841
6382
6706
10246
4726
10454
2225
3433
363
9016
5384
8585
8957
5035
2233
4952
8809
5544
393
8423
9396
3857
281
5419
6072
2288
9480
8469
3399
848
3182
9214
4864
9863
8279
9817
6066
1358
3245
5847
4347
890
6713
2330
1042
4512
1670
10009
3366
5853
2128
2141
7471
7045
89
510
164
10514
1123
1477
5747
7733
6728
9737
8137
2174
8891
633
5218
863
7794
10593
7551
5269
10717
1380
3094
3151
582
1552
3143
2692
9054
6097
1948
2427
839
4983
4550
10164
9318
8511
6056
1182
3572
423
1997
3822
10617
1389
2656
3165
403
3746
8830
9126
1258
344
6656
6348
8677
6420
7040
7655
8590
4988
5116
1642
9891
9155
4697
3687
7398
10208
5775
6095
9633
8459
6093
10354
7098
2840
9233
5239
17
1598
9955
9237
4692
10507
3121
7648
9750
6528
1969
9145
3864
5563
6980
9189
6106
3042
10122
449
8628
4688
10240
4405
5668
10407
1280
4440
4438
2335
5518
9975
999
7634
8139
5517
5342
1370
8539
8118
4763
7184
3472
5864
9754
3442
1543
3237
7009
3615
5749
7734
8764
842
1259
6314
4467
402
1686
6711
2920
6061
1730
2864
4185
2659
180
1590
1560
6857
1464
10556
6264
5213
9657
6451
414
9611
1920
6724
9760
10532
1177
9549
2182
7180
3683
1299
3478
3582
6195
238
2088
8783
3878
8244
10424
5715
7382
7864
6232
9947
7095
5131
8714
735
679
7821
908
4578
7981
4359
6432
8560
7229
3542
2696
4466
6220
4298
5
6442
260
2290
4612
6538
2255
3043
3464
3980
3761
3005
5487
9106
3170
7202
4206
8548
3335
3212
1131
454
664
3894
4946
6723
8232
4520
2211
852
2805
6183
7210
8575
672
10291
1105
7874
10410
4422
3659
68
1975
6553
1852
4265
4775
7285
5101
10043
170
2112
1444
4548
1605
7572
1078
4918
1967
8480
4892
1024
6104
8924
1185
8271
4374
1112
9665
3549
9177
9859
5479
2150
10319
6650
7137
3953
10322
6544
6013
5136
3021
3608
3407
8038
3755
4782
9531
7213
317
8516
4153
9390
6469
7124
324
5861
5336
1176
9046
6333
1446
6988
2374
448
6077
587
6616
7033
5897
8513
47
9296
7250
4560
8054
2562
3065
5560
3261
7491
6891
778
10435
2289
8019
7566
1036
302
5942
2372
7135
10344
9484
1757
758
1055
7265
7662
2184
8467
2228
9443
4144
3159
2640
8961
1350
5872
9701
4957
1680
8538
6758
7222
2879
7708
8075
6261
9677
483
7592
877
2136
2345
2947
1661
8691
5206
2204
4979
8090
8350
4998
6506
2334
2449
8686
8170
9520
1076
10633
10511
1841
7313
3336
9525
3150
25
2008
6793
6145
5879
2124
6804
2662
334
5045
2524
339
6583
8223
7554
5337
9911
5582
2465
6512
8545
3466
7877
9133
6668
6410
2919
7587
1174
3784
4284
1374
6642
6892
772
9267
2652
3313
10041
1599
4390
9536
97
6018
980
9272
2884
61
7604
9359
607
10492
6573
7762
3648
959
10085
9250
609
9994
8993
1066
9446
2421
3809
2186
1656
9690
3215
9131
5669
4178
1871
5964
10100
250
564
6675
5751
6043
4669
6883
4871
381
7999
5296
4366
1033
10320
7832
1136
1207
4717
9779
7245
7212
7748
7367
8304
6016
5846
10048
3657
3172
9550
4263
9823
9162
7423
10516
4103
9545
3209
1116
8123
161
7986
8249
2291
2494
4454
4392
1919
10430
1727
7029
9516
2011
8291
6411
3101
9904
8080
10527
10020
1433
10273
9708
8133
10014
4357
2671
5719
4391
5298
8542
3671
9076
9916
7666
7448
6306
10102
10251
4965
6767
5724
7101
9556
7366
3198
3468
3710
3397
3035
786
8063
130
3036
2666
2741
7278
4242
9071
9951
1713
4732
720
7947
6242
8578
74
7834
2265
9260
9872
7835
9150
2767
2414
9738
9812
7861
7497
2585
1141
5423
771
2087
3496
1171
5737
464
7089
7017
7573
8027
10086
6812
3988
6634
6465
178
4966
8507
2863
2382
7257
6946
5365
9283
6133
2976
6414
7165
5696
5900
8280
2914
5292
7703
10584
1427
2929
5750
4742
10114
4773
321
1542
5902
3071
4910
277
3929
1601
3539
7068
9285
9700
10317
2459
5523
9768
8468
3352
8625
5261
3420
1049
6884
1676
9263
924
4389
8126
3522
1677
7938
10715
24
3569
2740
2991
10559
4754
3280
7247
1252
9900
10290
8729
6289
2691
3518
1003
9723
1128
9976
8029
9116
8005
3432
2281
3205
6825
1397
4138
6143
2734
2513
8970
9648
6983
10138
10494
8449
6504
8796
4402
9661
147
9929
242
1292
2044
7321
6086
9797
3870
9091
10250
4264
5411
4846
7375
1809
4925
10665
9160
4260
4968
7709
8157
8445
10239
1134
6901
2002
885
1872
5236
4703
1248
5550
7271
7680
862
1893
5092
3088
8212
6197
7333
7596
8813
1110
5309
3238
8684
1120
6886
10188
9473
10011
5594
881
856
9369
5268
3203
4277
7163
5561
2206
8731
6298
8784
4387
1583
815
6148
8117
8700
8555
584
8169
2104
1622
6827
1535
3424
7342
2434
2882
286
9399
10370
54
6503
5806
5904
8859
6338
5607
8997
2096
4628
8396
4367
2955
9029
6910
2787
5345
7576
10451
9452
10585
6380
3546
1504
5125
5176
1589
3385
7193
10209
8835
8720
7007
3592
6951
9169
7344
6841
8881
5998
7023
10587
5301
5532
4127
6323
2759
1330
8980
4580
9311
1077
968
9796
5816
2906
476
828
8522
1693
525
3865
8836
7863
4656
3229
1646
4709
7317
1303
7001
2245
5679
3395
5320
9122
4579
7869
4590
10149
7111
8808
4286
8616
7890
1606
3869
1720
9792
2394
10700
4691
2294
207
7172
2591
1257
3479
7985
9448
4013
4645
10062
3341
660
9597
508
6486
9966
8730
608
37
929
5943
8856
3274
4947
8260
9659
4573
2425
5910
2546
293
7315
6448
6212
9988
117
6935
346
6141
1971
9348
3052
1291
8329
1296
3160
8964
356
1029
3597
7935
9590
7252
383
4068
9548
9759
4493
566
7552
1126
4139
7209
10457
5717
5699
155
9826
1839
10071
4378
3321
9596
8883
2507
8091
6597
307
8849
3322
3957
719
8953
6834
6850
5614
7132
5744
5234
7386
603
954
7417
3942
6866
10557
9128
5519
379
6787
9127
10561
1588
6494
4244
1630
6394
8829
2051
9356
1864
8095
5096
114
3792
7287
4194
7356
7517
7950
10328
8093
9997
3972
3658
10391
290
5455
6721
721
6651
3091
5697
8078
1217
5930
6206
3145
8346
1261
4627
3456
6373
8868
8033
7219
4377
1329
6207
2932
7376
4564
2710
10566
3048
9463
8701
7884
3252
2321
8996
810
7907
5480
1692
2064
211
9138
5393
8072
10044
2070
7149
4713
244
6510
9887
1183
1351
5094
10388
15
7682
4055
4993
5260
2332
3985
8162
7958
897
5684
2107
4431
7657
7785
7715
1540
7600
10276
2362
1145
1910
5619
6517
2543
428
1767
3142
5536
6472
9469
29
10366
5042
6379
2160
9612
6200
818
3113
4201
6453
7262
8853
10018
4661
6262
6300
1814
2806
9726
8726
6672
438
4685
8440
7759
2752
9821
3679
789
2108
2279
6862
6770
4928
10049
1474
4
6462
1709
8196
5229
4804
4634
1769
148
1009
404
7296
10443
10299
8427
8275
6991
1400
2865
2048
10687
2669
5650
4441
4924
8494
1327
3783
9142
3488
2135
7131
5196
6
4425
594
8521
3583
7562
3299
226
5282
9387
6641
5439
9995
6118
9282
5041
6621
8387
731
7983
9800
113
420
549
9276
9981
9606
3011
9983
9725
2635
2258
950
981
1593
8283
8269
2344
323
8807
9310
1072
4913
9331
4549
9409
479
6613
98
9072
5569
10520
7747
3222
5217
8272
7698
8444
7355
704
7697
5693
9676
3885
3641
299
190
6821
8703
1429
5506
5317
3154
7937
247
6570
4780
3141
7991
5844
8998
6284
10123
9717
5781
2502
887
7649
2299
3371
4045
8571
4116
10097
7532
8774
6170
6699
1401
7032
7433
8442
4653
4203
1117
7590
5465
2474
4293
7168
1534
4826
7340
9249
1574
8041
10446
10625
8337
9752
4571
5830
10174
773
8776
1888
9386
3426
5246
4724
4247
7449
9685
6813
6260
6157
2359
6099
2296
8601
5731
6006
2679
6796
9576
9066
7871
7810
2380
1946
4689
515
545
10543
9564
6584
3555
695
8456
2172
2065
10143
1439
4599
9342
9500
236
5895
468
7603
1778
2672
1992
8144
3944
8418
3295
8872
4687
886
5504
1114
5422
5113
6669
4749
8357
4649
2650
753
3342
5189
2323
6751
6618
4867
386
7138
7016
10223
2657
635
5772
9335
5102
3075
2446
6037
5278
3387
3355
8699
4733
10716
6562
2587
819
4296
7473
8378
5885
879
1881
10596
8086
6412
7272
41
8477
8202
3981
8749
2475
4868
2277
2687
8087
8882
8270
2786
4301
5050
6682
8122
5804
1275
7960
1634
850
9622
9358
6676
3796
6941
4135
70
7391
10106
8839
825
5054
2883
10572
5079
5160
8901
388
10152
3409
7181
6654
10318
1615
734
5078
9403
10602
2532
2083
958
7917
8022
9584
8975
7742
6742
6406
9465
3525
10015
7589
7004
883
8454
3779
88
349
396
1663
1334
7021
7451
387
5542
7269
1468
7428
9035
270
6507
3743
6531
5371
1966
5200
134
1416
2130
9115
3956
5457
4893
9417
376
2512
9291
5525
3897
228
907
2451
7774
9462
10406
6460
7122
4204
9575
10553
6773
2339
8338
812
5481
2310
2724
9841
5126
2024
9255
5966
9790
1490
2437
1764
5821
6577
7347
6858
5456
8431
498
9424
1002
2341
10066
8650
4942
5097
9949
3553
8132
5019
9804
7413
10353
6638
8794
9733
7920
4322
8624
2553
6546
9514
8976
4179
4424
4046
120
4531
6218
3208
4001
1808
9639
8089
9435
4541
4746
2350
6495
5424
3751
10158
8062
6916
10658
4919
3917
7676
10181
2071
2113
1862
2116
5366
7173
8314
2729
4783
10550
9368
3408
4996
680
3169
7945
919
2651
9081
2964
4762
10684
4595
3381
6391
2888
599
2846
3050
1094
10195
4017
1797
4611
6674
7217
7143
10079
2580
2597
3185
6012
7012
8225
4854
4331
641
5046
8252
7803
9662
4956
3200
8718
1783
4141
5099
9259
7466
7322
10682
2210
5780
5106
7750
2498
95
4076
5912
7216
9252
6681
4953
2516
8781
7946
2782
10173
4415
4832
6292
925
5981
4870
5380
7724
5472
904
6987
3908
1218
2314
9427
5274
4004
5175
482
10104
4253
3892
9961
8685
2918
2221
3589
5346
6001
7220
8241
8888
7661
3270
1885
1310
9292
9457
8439
8420
7100
9675
1859
6345
730
4295
688
7681
7456
1155
1496
562
1522
8991
9201
206
8164
5319
5826
10053
6329
4444
3654
6963
1313
4833
5121
3183
9092
3410
2025
8919
702
8514
2541
3119
5603
6271
9667
5148
101
2351
3368
1081
9113
9227
8897
4675
6572
8422
2802
264
8886
7087
1773
3254
5534
275
7469
10640
3624
2598
4182
10599
7782
5538
8674
7234
3471
9061
8526
1484
4682
10360
4314
6029
4958
1034
4529
1901
2731
4729
4718
8002
5119
2670
5982
3131
8814
5488
4736
6039
7534
3663
5161
1156
306
7314
3277
1152
7860
9764
10275
9711
3490
7118
10035
6146
3097
4819
7064
7360
8867
3312
9121
4158
4757
6443
9367
6703
5193
8990
9503
1882
1905
9588
10417
3591
6427
4163
7800
69
2628
471
8802
3931
6399
6914
1274
1225
9099
7318
658
4150
5946
1092
945
3337
8568
10689
2173
1903
6694
7819
1309
10643
4341
1373
3919
6942
5263
7764
10691
3425
6627
2439
2395
4217
5924
3729
3083
3595
284
9689
4960
7370
3089
5892
3925
5444
6074
7837
9890
2471
3325
87
10078
6820
1070
4097
8011
3937
5033
3096
951
2267
10479
5405
4003
530
2506
9874
8707
9666
5814
4351
9720
1799
73
9137
7612
8787
5896
6993
1502
4096
10379
10601
8288
555
8659
5436
10046
3939
3026
5606
5915
1532
807
1168
2266
3990
1241
2878
4489
3874
6519
8045
365
7770
2458
2473
1281
5537
6290
1048
845
5815
2913
6054
6769
1617
5223
10301
2131
8580
5233
9495
5738
3842
1399
1139
315
4502
4620
7542
6909
7316
5726
10610
7325
3699
7990
5451
9568
8227
132
3886
7420
8858
1973
1704
2466
4197
9845
8907
4008
6970
7964
4006
4917
770
6790
10294
645
1269
10037
6603
5928
1768
9694
3064
5929
6321
6917
4232
780
4984
9161
4228
7836
7976
8640
5623
6609
7735
7605
2469
5349
2224
3114
3292
6449
8428
9135
3723
6213
3246
39
7765
3331
4869
7171
1917
3503
4639
1947
7799
7840
8547
6666
1575
5672
9317
2551
1037
9855
2217
10287
1631
9936
3304
9498
9323
2868
10115
4660
10019
5220
8509
2973
337
5586
1414
3818
7898
9755
2444
1232
3291
8472
7563
9552
8377
8222
4028
9488
4977
5327
3070
10135
2705
9151
10110
4795
1339
1979
3191
6755
8582
7529
8805
9829
3901
8379
7826
759
6119
948
10433
3434
2020
2059
10228
9885
1288
6695
8366
5081
2602
3377
6714
2101
3823
9640
7288
3146
7351
2848
6184
421
8216
107
4238
4914
167
9360
4935
9230
6041
2270
10398
9257
5440
3833
8879
2006
3520
9987
5146
5734
1754
4949
8724
2322
7104
6356
1
8088
7801
8725
9998
5503
4061
4475
551
8742
8710
1701
9251
804
2698
343
3839
7379
7486
1586
9544
6243
6055
9517
3367
6551
9681
7546
1448
2329
5667
6829
3458
5086
2946
2327
7444
756
6027
2227
5389
2137
6605
329
4233
8921
3189
219
9816
2627
3029
10198
7463
3866
3314
2408
4905
8061
4326
7164
4175
589
3244
3705
4720
4815
7481
5087
6201
10292
9656
9697
7024
1804
6230
5931
6893
6823
865
1158
986
10067
9660
5162
3674
8937
5776
7629
5682
3051
548
2891
9848
4915
10142
7783
1712
1939
10191
5521
2400
225
3324
9165
2573
7740
1945
1357
500
2801
282
4400
3020
4000
5973
7299
1657
2798
5265
10017
6238
6007
1940
9392
2870
9567
10436
5311
4507
7031
484
8302
9082
6732
5768
1060
7581
8365
4318
5492
1157
2972
7619
1064
942
10377
1722
5513
7582
2220
9471
7812
3695
1835
5630
9663
9624
9691
9191
1525
76
7115
7470
5698
3819
9905
3989
7500
1321
654
6444
8186
2377
1832
1824
3494
10477
974
7046
3461
494
6949
5893
7010
7094
10581
194
6033
8165
10459
6972
3773
8763
2748
1913
2821
3720
8400
1285
435
7389
7400
8899
10224
6358
4884
3469
1731
4677
5412
10378
4308
5426
1161
1844
2555
4032
1952
1104
5458
8567
5552
10513
2007
10293
2066
4406
6115
4785
9787
9483
6784
7594
956
4469
3132
5037
2905
9027
6162
3376
5065
10153
5100
2285
8758
8435
3383
3653
10523
6587
8097
4165
982
5574
4210
3258
7873
4922
4189
8278
4668
10310
2231
3841
7003
3311
7387
5415
8384
5618
6254
949
10214
3715
10270
977
7304
1495
5427
8191
5788
3156
7536
10346
10350
6663
4079
3936
8393
375
1788
4315
3233
3120
697
1930
6900
6046
5520
7892
7298
5417
12
8495
8773
6982
3446
8893
3801
4563
10331
3747
2763
4455
705
3099
541
4835
6003
2436
8721
10137
6450
5572
7438
5549
351
9382
1266
3204
10210
10243
2407
4690
7225
7240
10171
5685
9942
6989
7721
6423
3836
8586
1547
10004
4745
5659
5857
6737
8284
6594
8611
3034
9003
4498
2121
3138
1807
188
5271
5705
6826
4330
800
1412
10626
1499
3538
3241
5805
796
8693
1873
1255
8929
1740
8024
352
9496
7249
7199
4850
3545
4427
4447
110
5448
4972
7569
4327
1854
102
6542
10373
9129
3883
6665
3950
1937
3963
6981
1935
6383
9325
3163
5754
8007
6191
2409
10420
4333
8987
8850
8233
1452
8948
8656
4608
2831
4071
7254
3475
6040
557
4037
8076
8520
374
6031
5188
4641
5827
2236
10411
10504
2177
4912
7224
7816
4120
8524
1432
2675
1456
6673
8175
6447
4094
2276
5297
2423
9927
10087
8890
8913
9186
9430
9851
4727
9526
2442
9944
8103
5330
3714
7510
4279
9607
8265
3570
10324
3664
1220
9736
7814
8995
9007
5219
2792
7025
9181
8971
4373
10415
6999
3725
3916
10576
6357
490
1277
9273
9870
1235
4395
9032
10128
9618
9762
8327
6258
544
2364
4270
1518
3240
4883
6626
6953
10460
8214
3396
8242
7527
6765
3128
8475
568
2415
9355
8207
4781
10098
6395
8797
3696
6806
2397
6378
4606
8647
1421
9258
4975
2406
7790
6976
836
4248
1455
3316
4978
5290
3353
10539
5216
3970
6938
7264
5484
9148
2624
2941
7535
5318
8605
486
7232
6188
7685
538
2196
6555
7875
4159
3413
1381
5137
4174
10235
9494
6960
8945
8066
10249
447
2298
5294
10031
5851
4616
3287
1385
5782
5865
9586
8372
7926
7730
6918
5443
9801
4739
10314
3236
10076
10302
5031
4031
2529
6919
7597
3544
5370
5030
3164
3764
10671
9290
165
9041
3123
2316
2144
2558
7467
3912
1085
6034
1249
8960
8210
1441
5075
2161
813
2828
3039
309
2027
4393
5418
1465
10255
3527
163
8857
3847
8636
4848
2665
7307
5597
3228
3481
1197
1407
6203
9458
5511
3225
6339
9620
8757
9751
4618
9464
9696
9019
9065
6135
8584
2707
1851
4250
2623
10618
4496
1837
7371
9756
2971
2590
10068
2360
3269
2336
5198
1250
8277
5843
10545
10289
10509
8219
8351
6836
7544
7675
253
1075
4879
2013
3738
10427
4585
8484
5541
3445
187
3441
6996
6831
6255
4506
4445
3058
8738
2509
10456
1200
1294
10575
2754
10621
2897
9783
7688
455
6489
9198
9732
9256
1046
9950
3579
5043
1059
9101
3607
3521
9724
5044
2263
2690
1016
3345
7755
7487
2528
1186
1262
426
2804
9558
2247
2830
7424
7475
5745
6745
9599
4317
3082
6396
3111
3935
2615
2074
2993
8131
5064
3293
8667
6237
8664
3197
9604
6332
10371
4859
7057
5211
7994
4024
10265
6317
7564
996
3949
4877
3772
8025
1594
3938
9729
4894
7242
8704
4152
3639
3243
6865
6005
6049
10005
4909
7159
2676
4760
6511
3423
6527
6058
10637
2326
4731
9037
2646
8391
8238
8675
8833
4060
9031
469
8173
8158
407
6814
8816
8722
8746
8801
3802
8213
3941
8018
9069
10130
10026
6080
8143
5566
3805
3523
9102
3820
1761
33
7667
4547
649
9878
6297
1367
10542
3757
2578
4722
6459
2527
9553
9978
6535
3749
9522
2560
5512
8276
8308
460
6180
1763
5022
2723
9153
1815
9650
9893
7693
8267
77
8048
7525
2514
2463
431
3004
10489
9329
6244
6748
1022
5461
7918
8217
596
2718
858
7911
7921
9104
9721
7437
1771
7454
5251
10363
9946
7756
3967
6653
9649
4397
9043
3622
8820
8140
10192
5377
6861
915
7838
158
7571
10330
2280
2791
7506
9562
4215
19
2682
7831
5386
8873
9481
3621
8741
9925
9147
4160
9695
526
10616
4151
1581
8273
5287
5691
1450
8419
1503
4439
8634
8510
7637
9625
6021
8669
779
9857
4967
4970
419
4101
6754
7114
6036
6615
7866
4524
5452
2517
6798
7686
2166
3838
4971
3736
6361
6070
6150
7378
458
962
7613
1941
2613
1719
7207
4765
5585
539
4809
9265
7519
8717
8397
8325
7807
10059
10413
4637
5400
6272
5016
513
2612
1573
10146
8115
7844
5608
2699
4306
5401
7022
6409
9509
710
5887
4274
1323
9095
3867
359
5642
1129
5222
2485
7258
10032
10342
5727
9515
326
5507
8900
6048
7294
8306
1538
2836
13
3109
8818
2499
2726
7014
9935
1382
1223
4603
7335
3584
2944
8723
6545
10448
1102
1447
5341
10177
6304
4723
3463
1436
3619
10400
1470
280
5302
5003
7146
2235
10271
5564
9006
371
3760
5273
741
6369
6943
2683
3613
3250
10355
8250
5535
5874
9594
9637
4622
2170
6543
8519
2807
5722
2730
6009
650
5204
944
1187
3895
8121
10329
5179
811
1286
27
1445
6868
7328
7170
8604
8294
5901
287
7746
531
7203
4830
8128
10359
7833
9761
1181
6248
1662
9683
684
936
10528
3510
2819
6015
9758
3781
3436
7684
8614
2892
3428
7361
8909
10263
1402
533
4420
200
5660
7900
5009
648
7632
8525
2881
9638
4463
1234
668
2034
10681
4824
9157
1408
1607
9486
473
2965
7432
4083
1643
2764
2834
2404
5353
561
9626
10385
4896
7244
3685
2732
6864
2396
6664
9492
6126
8898
4752
6344
4352
540
3724
4499
5410
7077
5177
8245
1082
7208
186
8296
8663
5763
10623
9757
2504
173
9940
4449
1113
5596
8218
2742
4841
124
2365
8197
5665
5434
9143
4600
4085
2482
7429
3451
8013
6575
5589
7959
4659
8727
8978
5144
8652
871
10405
7228
6872
6337
6925
8903
5088
7971
444
7895
4408
5416
3047
9673
8369
3487
6974
1747
1977
9109
7090
3217
971
9919
4574
7915
3691
6307
2689
3455
1142
9327
7692
1254
2417
2737
7995
10272
10118
8620
2554
3226
6182
10327
10315
9398
1392
2340
10307
6231
552
9831
5245
598
10336
4798
652
9776
5756
528
6353
4025
7447
6268
7804
2867
332
2215
2825
10655
7846
629
946
8492
699
8240
3298
4916
108
84
3430
9979
10054
7402
6818
10508
6595
9822
7568
2988
9467
617
3448
7112
9419
1211
4241
4652
5706
1062
8644
5601
4836
4572
9271
7888
4365
6610
4177
9308
2188
1005
335
4458
7179
7904
4280
3719
2274
1376
3085
5855
616
7048
8633
3852
8864
9245
3041
6211
9229
5849
199
2464
7464
272
1035
7305
588
6177
9159
3995
10093
10023
2175
1418
7080
7722
8145
1659
1264
1746
9306
10051
2975
7476
7136
8264
5963
6178
2067
947
8649
8417
8974
5409
6426
4092
1196
1422
6657
2149
7585
4817
9880
267
4665
2493
4015
9112
169
5262
355
3053
6944
3763
1396
385
10529
3829
748
9309
9139
1107
380
1678
7540
5741
8125
6171
4842
2367
2402
6521
3643
7630
8875
3326
9216
4523
7453
2307
10719
2803
868
2896
2222
7749
3126
2621
4678
7516
6895
9570
8386
4072
3194
4230
8004
5093
7608
1736
9508
8194
1555
268
7117
6000
3536
8599
9884
6962
7997
9793
8297
2411
3690
4982
6501
9062
1826
8803
2390
7341
1355
922
10069
1099
3308
10390
782
2054
10202
9932
4787
10635
9097
9928
9992
1214
10464
1335
9513
613
10522
10117
5620
2777
2899
3303
7431
1853
6174
7813
6735
5633
8916
7493
9959
8959
7556
5174
891
1054
3758
8653
7308
2709
8769
6926
6586
7096
1691
446
9445
2251
4128
6781
6256
10674
2168
2079
3634
993
3386
7989
4974
8394
2713
4249
7537
14
1850
5673
7050
521
7120
5974
964
5629
10055
6873
9395
9598
6922
7865
5181
1536
519
6606
728
1578
9715
6640
7218
10668
4683
7859
5445
3178
1711
3853
3682
4553
8335
5917
2772
10282
4281
10376
5625
10394
2259
4878
5207
6534
713
6092
7270
8286
6753
6355
5226
6549
6846
823
5232
4555
2487
8917
3227
4146
2219
5690
4226
7201
6670
2829
3590
9017
4303
441
1884
4753
10345
10562
10305
4698
5968
10565
9149
1896
9171
895
10231
1734
9923
5637
9555
662
11
248
8920
1557
5919
2000
9100
8861
10212
1251
10092
5348
4891
2115
7687
10649
3997
9042
1205
7372
10185
3934
10578
7962
2908
3767
8544
8780
51
9053
1802
10352
7718
4354
8146
3996
1548
10567
5435
1889
2770
4811
9523
4872
2847
3068
9802
9540
4562
678
8317
8694
4705
3398
9300
2588
8895
7414
797
6731
8968
3541
4508
6644
6649
4086
3072
9090
5906
1749
8008
10245
8662
2813
7511
7248
4536
10332
7036
405
372
8837
2945
899
4448
1306
3140
6286
7251
646
214
9827
2880
3134
5168
1150
2355
2639
3403
4583
5339
10627
3234
764
5498
3835
6436
4546
2239
8683
9030
2191
5961
1647
9680
1226
638
5322
10151
3573
195
2428
8050
4591
2680
6367
5916
7728
1260
3103
8844
8639
10678
10012
6780
8642
834
6377
5074
3645
9023
10226
6374
10058
1565
9
1050
4053
739
4398
7752
9243
1228
9897
6471
45
5002
3708
8606
5860
1801
911
9778
7707
3334
9418
10465
7977
4704
4725
10416
3349
2127
3016
8954
425
6526
6446
4664
3991
9603
569
5568
10628
9605
6308
1189
8635
1411
3193
65
1253
6149
1753
1476
1471
4111
7357
4721
2073
9002
2254
963
2385
4345
8120
6990
3117
6408
8673
8676
5965
3788
5599
1759
5936
504
1348
8119
8572
6327
4995
8031
6464
9096
1014
10693
3927
9742
935
75
9130
1283
7894
6403
5343
8368
8068
5760
10101
7635
1608
9820
9206
803
1739
4961
6777
1610
2582
1188
1462
7787
7925
7065
9753
7020
2762
1531
7401
2954
8943
6094
7853
2155
8573
5662
6700
4667
5762
1770
6294
3642
4018
1191
8040
4186
9996
9022
2103
4471
1825
690
5656
6017
6325
3765
3979
5909
4478
7195
4686
5600
7381
9388
9231
2017
8493
4255
8436
6888
2568
3263
4108
4313
10568
8353
5432
1653
4312
3283
821
1221
9397
7302
5743
10088
8106
7365
5404
820
912
7042
9642
3001
5832
5723
2817
6064
9967
9710
10707
5593
4360
1682
4065
5858
9013
6259
6198
1755
5950
2910
8108
10003
5082
1430
7671
9952
2818
5372
3798
10488
1748
10021
5740
3139
5039
342
8695
8618
10463
626
7965
2832
3133
4821
9242
9136
3305
7435
6718
273
7196
5932
7518
2452
10099
7472
10709
3698
767
738
6775
9156
2056
5490
4214
6702
5153
8230
9713
6282
6091
10083
2271
612
4119
10470
1018
8910
6547
2297
3905
10387
6771
6986
6023
1907
3711
5359
7002
5385
5157
10634
9838
5280
8053
2085
5084
1284
6948
8751
3224
8402
5778
1199
1119
9834
3652
255
10704
7152
628
6419
6050
7823
6592
7778
5485
6252
8109
4933
4063
8508
8771
8134
10661
5172
8740
8523
8313
2826
7654
3497
10677
2958
2704
1195
2082
6352
2333
1073
2213
4902
10720
8529
3694
4320
8799
8239
220
10706
8535
2711
4356
8248
7028
9644
5428
3166
5908
8026
1428
4042
10667
10600
3079
1982
6154
7457
7887
3300
8453
1845
794
9140
882
1394
1004
736
943
4348
2491
10206
3330
2894
3019
1238
8425
8055
8340
2702
9798
7872
8846
3780
5695
9322
7711
4102
5986
241
2095
9577
8203
7174
9253
3174
10607
2886
6168
9055
9341
1867
3327
3018
2457
9286
298
4350
6392
8574
10466
1787
9613
7266
9057
10081
9945
8180
9434
2084
3812
806
2904
205
5692
546
5583
2930
8602
3907
10570
7575
10461
4951
7889
9304
2780
2278
10199
4624
3024
2997
8156
9883
614
8305
4254
4799
5987
9034
687
9202
1785
2935
2418
2363
10638
2921
10264
1995
1198
1297
1567
10505
9343
10401
8148
9557
576
7857
3218
1698
9111
10473
6800
3264
3889
2599
4497
1855
6293
361
661
10487
716
6525
5823
9902
932
3770
2917
5611
10525
6498
9294
10244
615
417
9058
5403
10653
4593
8172
2575
5391
5545
3032
6842
8287
303
2369
2483
2004
7827
465
10296
4188
6964
9991
3877
9585
5949
7615
7416
4432
7725
8866
5316
9655
2861
8880
2248
2889
1013
4769
7817
3110
6707
4292
5840
9740
9361
9352
4937
9842
8927
6165
2105
7502
632
7268
1943
183
8952
2900
2476
3665
6677
2725
3778
256
10312
5755
4404
7849
10423
4198
1147
1741
4484
4581
7339
9647
9107
10108
9299
2433
8141
3118
4419
9535
10349
5156
8082
5835
991
5935
4657
9349
853
6628
7323
5758
2201
2012
983
2039
5060
4513
1652
10478
8983
5742
746
8576
7555
1951
4525
9098
10468
4796
3062
2302
8902
9301
7348
4828
7085
1242
7019
5562
6740
3926
7886
6120
5979
2319
5360
10536
9686
501
4559
3524
10392
8009
249
8332
151
10134
8476
9246
3003
3993
1960
1247
2151
8167
4052
9894
8298
4023
5224
10432
1700
5889
1343
3372
10323
105
2981
5394
2774
8460
3401
7407
2540
6719
6441
6879
9383
7182
4088
3713
10421
593
7483
3290
8770
3881
4875
1953
373
4353
5713
6867
10298
9810
8430
1666
6885
2686
6614
6955
6720
4457
6233
5147
5868
8498
5766
2876
3460
3640
1244
9378
7109
926
10190
10440
1040
3081
9280
3211
3943
7309
10187
481
3789
3962
7393
4106
5077
9174
1890
3670
8609
4613
9539
4630
4650
7611
2510
8876
1823
763
4519
8274
6370
4700
6068
4211
20
1332
2907
128
7659
7580
743
7825
5539
9479
8926
6343
4122
8966
9015
6727
2783
6301
10659
8938
2272
10221
1781
182
5375
9497
975
4344
592
7478
10580
7144
5789
4750
8821
6837
4959
754
1493
861
5836
6123
2431
7942
5255
6296
10458
9154
9914
1118
1290
5024
305
4948
10579
2538
10156
10147
8531
3375
9933
8012
6176
3370
7200
439
1038
18
6387
1508
6809
1650
2983
6461
3871
10555
4771
8129
5354
10447
10285
7729
5374
9336
10368
1956
4200
9632
7419
9926
6175
152
1481
3994
3966
3474
3703
3771
4890
1071
3797
2749
5197
8352
4695
6283
518
4839
1658
9939
2800
4897
5894
6101
5347
10583
2877
2232
5962
5104
6364
4054
10248
505
8447
7705
6496
6915
5923
141
3661
1000
5166
6192
2985
5678
10510
3609
6863
3267
6107
4900
8716
8979
297
586
6839
7125
7744
4522
6853
8497
9188
2292
8253
8390
918
9302
4800
5999
4057
4145
4651
8155
1609
4014
71
1063
8083
1944
3279
10256
3389
2126
663
5053
4107
436
5584
184
1577
5707
1098
10544
2505
9849
9180
3033
1312
8878
8874
7934
10503
3581
23
4251
1201
2348
4358
8491
6505
2536
4433
3346
10381
1738
9728
7792
261
4557
2001
3502
10712
5243
3898
9506
2579
5654
5378
1405
5554
72
5767
8199
4768
581
1025
10475
5610
3281
6739
5091
9010
714
8795
10094
3360
2117
10620
3369
6393
6786
6130
10204
10124
8037
2347
1924
7616
3575
8016
223
1849
5710
5728
9236
913
8543
8051
7086
9559
3473
2915
9428
8607
3022
4820
1342
2842
8603
2968
3256
1417
2503
2454
4460
8842
2638
6648
9195
7078
3635
8817
4166
4050
10162
4021
3273
5548
8637
2171
3656
7049
1639
1625
2559
5621
4462
3453
3742
8831
642
1621
4411
9238
7719
215
1256
10179
10692
1732
6035
8067
7123
10348
4906
3558
4851
8697
10325
1591
7978
3417
1554
2556
10339
7883
153
7185
685
4130
1194
111
9083
7006
4596
10258
1553
1955
7338
2349
7867
4323
8512
10313
602
9436
4728
50
10490
2038
2934
7231
9287
2769
8999
8316
7643
5283
6156
7354
7559
9234
2014
9164
4614
10515
1640
5628
2808
1684
434
271
1268
1880
9315
3260
7140
3986
1685
1305
384
1507
8099
9429
9384
1545
4170
1491
6404
2927
109
6898
2963
4126
10613
7885
6114
7192
3960
750
9175
9344
1434
9918
4638
2978
3565
1137
7689
2633
8682
3055
2586
4511
8554
5626
9103
2488
5613
6904
967
243
4229
5661
9211
9024
8354
5813
7984
301
9450
4078
1426
7276
5124
1959
9158
5430
7723
7593
8409
1515
994
5438
1580
1970
6717
3230
3804
3672
7126
9333
3171
9005
1056
9459
4273
8003
1395
1387
8166
8261
3964
1559
9898
6560
10197
9209
5001
4813
3391
9934
876
1869
2069
36
1703
1530
2758
10233
9297
3319
5201
2561
7458
3728
3862
7047
2942
6576
4379
9958
35
4450
4987
2746
7427
1017
6696
7253
8259
683
5666
9563
4615
3054
4908
4672
5658
1912
7490
3173
4222
2995
2050
4340
3614
6103
5787
142
9839
9490
3978
1379
6452
3500
6499
4943
10
8713
3
6217
229
5494
4770
1987
9824
9089
6701
3531
733
2371
4592
4885
6405
3489
6662
6482
5107
1866
7521
698
1346
5258
718
5134
10218
846
8672
6090
1914
1008
1821
744
9108
6226
5655
3667
5215
10603
9039
7547
3741
4362
3704
5645
2445
9610
3971
279
5420
9254
666
6478
2750
5105
1209
751
7781
903
2275
3195
3785
7663
6927
9623
6931
7074
1485
6204
6840
8592
10365
4329
827
6890
7541
3514
7412
6882
6520
2234
7503
1618
2134
3585
5994
1644
2287
3221
6205
4920
31
5748
677
2610
6924
5557
749
1927
9844
6874
2655
1817
2003
3845
6266
6079
10560
6779
2620
8561
156
3380
2019
3933
7097
4777
1230
7197
4403
1111
9182
808
9489
2109
10140
9269
312
2796
7653
10652
5397
8559
429
3707
3307
9370
2827
9261
9461
550
1765
3184
9274
2456
5922
118
618
8042
6940
8517
9692
4552
9433
5165
8946
7297
9877
7839
7761
2644
6480
7373
1822
1664
6362
159
4364
415
4252
559
4049
1224
5199
2550
4399
3265
6704
7514
472
10155
8001
5000
512
5577
6848
2154
5531
6708
2301
4066
4363
440
9353
4074
5212
62
4492
221
6965
9379
1688
1989
4503
2252
8481
10431
5774
3450
4117
7980
8079
9986
1509
6977
7780
5746
8852
7646
580
9499
4837
4011
3999
3562
91
9722
4321
726
1830
8323
354
6824
2619
2441
8198
4619
4257
4715
6281
3044
4534
8623
1568
9712
10541
1779
8610
3207
10001
2
8679
9621
787
2477
6582
4694
5848
7233
10540
727
9718
9088
6269
5850
4208
350
10183
9394
6887
514
7206
6270
3181
5475
8084
10308
2061
34
4369
10396
7769
4568
1089
328
1623
3580
8665
619
8370
8183
10409
4679
8151
941
6856
1031
4849
7929
2606
7902
3844
5856
4134
7786
5873
597
319
8786
2869
740
4648
4774
7763
9828
10166
864
1791
8608
3873
6059
9193
7053
2097
10160
1566
6913
7141
5530
910
1737
9703
1923
10636
2824
5363
1916
5063
9592
8767
9990
7145
5913
631
7987
5570
10450
3470
5253
3782
7743
3924
4527
9693
2974
4223
7409
395
670
7647
5638
3910
1511
2778
6295
2622
9373
4556
7279
2440
1786
2157
4758
4865
1819
4474
6802
7766
8058
3306
657
6331
4990
4258
6860
6084
8860
7221
9853
1904
9008
1742
6196
5334
10574
2123
5299
8371
870
10442
5152
3976
5957
3918
9651
6189
7479
634
6334
10030
3356
9781
611
4417
9782
2361
6166
7364
2438
2159
9953
1513
6992
3059
8486
10063
7241
5497
8179
8981
5159
7760
8985
8153
6324
1095
338
10651
4676
2631
4410
2521
3612
9747
10268
9609
8941
9748
8865
5356
6557
3721
1842
9196
10524
3511
844
1675
8461
2223
6715
8546
2552
8421
2937
7856
6438
1322
4586
791
10007
9937
6750
6896
7211
7396
2295
2788
7727
3974
7443
9410
1604
8110
7488
8195
5267
2535
3952
2162
4334
7939
8349
5279
523
8969
8147
4582
7753
2984
6398
3333
9266
7390
424
843
2653
411
8401
5890
4570
3362
9375
2081
4807
5281
1454
3129
7878
7349
4517
10281
9009
4319
6167
7741
2388
2980
2738
5095
2563
5047
478
768
7044
3623
9901
4814
700
266
7079
4711
8972
9319
1697
9627
7394
9803
6153
6265
3144
600
5117
7640
5413
1921
3718
5640
10016
6599
5580
7677
9771
6124
10437
7720
9028
10718
3148
8206
1240
6463
7345
995
2373
8989
4235
7083
1820
8772
2205
7103
4962
2495
2032
4730
3067
7963
4268
9086
2240
6589
4483
1795
1488
9521
2545
7625
7499
905
5567
1516
5040
572
10132
5891
2029
6416
2031
9320
4632
1517
10175
4118
10057
516
5605
2139
532
8753
7227
5681
7910
3858
2712
9956
3086
2199
8706
5972
10042
3437
10641
8364
2951
5988
8113
4325
6722
8734
6912
1202
7818
1706
8630
8671
1210
3599
802
7167
3282
5056
10644
722
3249
2596
10203
3610
4064
10297
676
3587
5997
6485
3700
6468
4808
2771
257
8589
3013
5036
8690
6087
6843
4790
30
276
1074
52
2009
7808
2721
5587
1435
5798
6288
9866
5927
5272
9093
10642
3848
4137
5135
3179
1519
5304
377
8631
1784
10518
4521
7055
3948
7936
5442
6368
294
4048
3394
4212
7524
10471
2695
4019
2720
10711
122
2544
4621
8328
1237
1165
3528
10582
10109
4642
9858
9909
2424
3278
6484
3177
2422
2047
9442
859
6956
6933
6065
9050
1544
2337
9818
2490
8552
9132
1816
82
2010
7737
7399
7672
5407
9551
1007
416
9921
6313
9208
5369
2799
9886
10148
8303
5015
2338
5631
7956
2841
240
3578
7156
5408
8138
6734
6303
9881
6401
2284
399
3167
5017
9892
7820
4005
2203
1083
2525
198
10439
2455
4311
8940
10564
3027
6139
3255
8951
6554
10631
6397
1714
10389
2042
10404
6537
10484
4184
7410
7176
6880
5006
1537
2015
4346
585
488
4755
1410
5907
9270
7779
1086
5130
3348
8485
2358
8822
4530
7550
443
1069
10441
6889
3309
7495
8398
9631
3998
3414
6276
7545
2405
5956
682
7384
9524
4043
7363
3550
10260
7791
3056
10399
4237
4604
9207
7187
3888
2678
9454
1498
2956
7824
6429
884
4234
3095
2860
4089
3259
9125
3646
2140
8904
135
4853
3786
5651
8348
3364
1384
6601
9170
3288
1326
9330
6365
5604
10178
4482
10517
6193
292
8438
1993
7461
8039
2060
10552
6855
8905
4812
3618
3452
3504
1100
7403
3105
2090
1336
7636
5825
5141
5991
1718
3955
10089
9060
2401
1340
4540
10656
2023
487
5680
8761
2547
1245
49
622
8311
5289
5616
1847
7056
8622
9527
2593
6830
8894
2300
1482
10269
10047
10369
5067
5759
6466
5878
9763
2399
9123
9279
6227
3577
1317
457
6210
8549
8446
6305
3188
3286
1655
6117
6163
2533
6407
8359
2343
5543
5357
4680
6693
9537
3017
4196
8187
6736
6228
2567
1744
6600
7922
5812
9913
4674
547
7739
6978
9070
6437
5735
6060
6430
8918
7267
9806
9815
2852
5953
3965
9453
4631
8962
9795
7606
3400
3930
790
2982
5286
5870
9716
10238
10010
10219
9735
5089
3507
9985
2565
5622
7127
6712
2176
4010
7713
4735
1596
5898
1403
1293
8501
6342
1694
7430
2658
10356
466
7700
1868
8581
2146
2207
5167
9825
1648
8982
7601
8358
8775
2761
5529
4706
4719
1027
1375
3093
8819
6096
1480
6680
2642
5185
10537
5708
6604
432
3860
10111
8464
5510
6455
9244
4810
9380
6725
1023
7731
1898
9313
5575
7081
527
7805
8594
4605
9583
9312
5609
7992
9879
4256
5395
2962
9326
9943
1584
9288
1415
1473
9431
7148
340
1721
522
10056
1672
3638
4187
5730
8932
10699
1267
2901
8070
5437
3973
7955
9018
8192
7539
86
7395
6540
2305
10546
849
5402
6375
7404
7789
4558
1908
4518
8320
2106
3310
6440
5502
9616
3552
9682
3384
3402
8100
8670
3049
6137
503
6251
765
8262
6053
5231
1895
4486
6568
6477
9869
5555
3388
1922
3419
6785
2202
6556
3190
7504
154
10486
10519
8150
9704
8152
7008
6132
6897
6803
5714
656
6385
5209
8290
3739
3750
451
5264
583
5203
3454
4501
5052
6778
4157
400
3733
9977
59
2354
9219
316
4772
9546
8843
5794
509
8715
1271
8762
8732
8321
10321
9652
9080
4110
6322
3890
8812
5945
5797
1603
4207
8869
1135
8660
10480
2262
2391
4423
160
6620
10710
5578
26
9769
6624
6326
6169
6685
6088
4997
6881
8006
4058
5559
10278
9040
9167
7928
6199
2430
8657
1233
671
10306
9421
3566
10220
5985
1505
289
5598
1325
6062
227
2197
5071
1180
9502
6749
8779
3404
4584
2608
8851
9239
1386
4209
1968
2873
6490
2356
5809
4416
9581
8752
1897
7303
3257
3961
3915
8255
889
144
7072
3532
58
4098
208
7930
6969
938
7645
251
8583
7673
9491
5831
8733
10538
5055
1222
10257
6686
5947
7154
575
6425
7520
9472
1660
3161
3604
8399
6309
10150
3808
9119
2940
269
10236
7784
9706
9813
4926
5632
6845
7121
8489
5139
8502
6697
5387
7280
6435
6776
7459
6741
2835
5014
644
3984
6376
4285
5996
5367
2053
1587
5810
453
9117
1169
9687
9420
7565
2874
9532
4528
8645
3605
2895
9422
8161
2609
8506
3495
6475
6025
2854
6116
7931
3628
5321
9094
5508
4213
6637
5390
10662
7177
1926
8247
1127
2520
4551
7067
2765
875
5676
3568
1458
6957
7621
9402
3158
4446
1527
1834
7088
4436
6127
2269
4741
4532
8845
7142
10225
2306
2185
7966
6474
8052
4472
1006
6302
5828
7116
1204
3843
2080
4246
5383
4873
4199
4443
8743
6684
9566
6871
2564
3753
5133
4030
5333
6350
985
7710
4973
1279
412
2376
7893
6792
5703
4442
3429
4776
9957
5013
3493
2033
459
5869
6109
9589
9264
506
1613
3830
2110
1106
4451
7263
7235
3680
534
2814
6566
9972
10176
4297
5477
4767
3216
9212
8593
7377
8478
9714
7913
7505
6929
8112
5486
921
3125
7411
1103
1362
7952
2845
1539
914
7845
2605
2866
4843
6457
2797
3626
232
2412
8177
1526
8254
4576
4876
6768
9739
2645
1270
10374
3069
2703
360
10530
7350
9580
10034
5976
7512
10311
2052
2693
44
2810
6945
8988
6859
1159
9646
1681
10702
5191
630
3602
6159
7561
4491
2654
7063
10646
8285
283
1828
7489
2700
8281
1366
3932
653
1406
409
6899
9166
8036
574
7290
3416
2102
2443
239
4452
5648
6400
9289
9224
10234
10141
1520
4829
10201
9372
7291
1344
7293
1289
