1314
8965
1811
6107
3635
8333
2511
2554
8738
948
9640
2864
2512
10204
2802
4753
9410
4457
4733
3237
1369
10097
4217
9275
1437
6573
9651
5069
7888
3438
6294
7143
8132
3399
2573
5067
10019
9351
1022
4655
3994
9866
4317
169
9876
5716
2432
210
517
6777
1844
5038
4845
8430
4486
3091
8235
6254
7197
10067
5465
5205
4541
6386
4432
315
6533
8328
4537
2408
6983
10481
1379
1343
2759
9390
5510
9446
3730
10225
5476
2640
2683
6260
8400
2419
8366
57
10271
5682
1052
7458
7731
10121
8265
3679
3364
10084
3036
4544
2801
5086
8571
9174
8193
8875
7194
2703
4927
8942
3165
5015
4851
4768
4141
1614
2467
1208
9734
1686
2452
1340
6691
6463
9049
1807
8130
1017
1998
5221
7783
5905
10328
7377
9875
8781
7853
2729
2578
5122
4677
6123
5413
4715
8986
4771
5200
9034
6984
3628
4505
7943
678
3103
9362
5367
8742
666
1933
3694
3825
3048
9738
3352
380
5332
7780
7882
8630
4863
6330
5707
9397
2713
7765
10471
2077
3250
1045
9645
329
2049
8530
9191
2137
8009
5951
10589
3463
1971
8598
2123
7750
160
18
9577
3697
9229
566
6715
2816
7045
7424
223
229
414
9102
5672
8074
8147
6689
6902
2834
6243
1383
2322
2191
4496
1531
8325
6436
309
265
6029
4941
8041
836
1918
5520
1784
30
7632
379
9762
8388
7940
6326
1725
6918
1677
4872
6508
7258
6339
3926
10486
5616
6933
9626
8003
8886
9747
10445
3864
611
1832
6296
9960
146
5888
10370
6390
7402
7717
6513
8625
4595
2873
2066
6792
6325
1565
9104
974
3992
7681
4994
4731
4051
5971
2508
4114
7386
8340
4959
8233
6731
9717
1413
10419
550
10320
6774
10478
3337
2119
1786
6365
565
10281
2456
1081
9671
1010
6174
8569
10273
3146
10217
3376
2631
9103
3363
1591
10648
10577
9758
2622
9364
857
4387
7531
7242
10214
8309
1668
9811
2480
2827
8966
4822
2746
10092
5844
10074
6738
2627
8653
5650
3519
8631
8908
8397
9128
3520
3175
2670
8617
324
1598
5443
5219
3779
1204
4247
3932
536
8085
4946
7354
2615
1167
10487
6702
5258
9722
2471
8735
4931
5944
4422
1456
8996
3906
2708
3020
9186
241
5297
8045
7476
2144
3249
9288
1581
2470
4644
10521
3615
6110
1975
1225
2259
5213
9486
7208
8286
351
4450
3972
9994
1927
2669
3263
848
9010
1943
587
2356
4401
1572
2389
6959
1629
298
220
10314
4726
6070
5564
9946
6343
10378
7021
10152
524
222
3268
526
10534
5395
9039
505
6357
6232
519
1899
340
729
3945
8932
5223
3038
5456
3422
2248
6007
5468
8610
6216
83
6670
6901
7933
6541
1738
4263
6494
1054
3820
4458
852
10235
3102
1139
5976
4482
9159
10416
2885
3674
6104
322
4220
6151
8358
4191
4722
5568
7698
7835
6658
5968
5349
9391
4659
8170
3678
10415
7648
7568
10453
6011
9683
4290
1162
1794
1066
9172
3500
6519
9565
6488
187
5233
1877
8301
1808
8065
783
8196
2088
10365
1213
1932
1486
9018
10079
8037
102
4336
9947
6288
6497
5056
6292
5930
7974
5
1249
238
1306
5181
1029
8882
5387
10431
5921
4447
6482
9641
65
4349
4313
1380
4748
2136
6340
3293
6594
7850
1357
1015
2779
933
8321
5781
1706
9162
3859
4
6082
25
8640
9299
6342
3563
2402
10168
1718
6347
4730
2208
725
9950
9465
543
4717
2856
7422
2783
8590
2266
8171
3315
9686
2464
7006
7875
9041
3181
7643
1624
8554
6734
8185
980
3685
2401
3025
6828
3900
5894
317
8154
3769
8204
908
5720
7979
10568
4958
2570
9903
7204
6898
474
7415
4021
9026
5337
9526
3736
9678
4745
10658
5737
2623
5228
7644
1647
7537
4310
106
3158
148
5570
7591
8836
3536
10381
2548
8519
6993
9468
3729
5965
8206
6450
266
7629
7400
485
533
6506
10109
4271
3801
6900
6161
2830
5980
6589
8717
4397
1729
6964
1297
6461
947
9409
10493
6053
923
6551
2727
10344
8224
8539
6711
10358
7992
9696
10035
6564
1651
9803
6936
2547
2
1834
9836
7473
984
4749
2326
6464
931
7628
7151
8881
3876
2216
260
3577
7121
10117
10412
4390
9904
2984
3993
217
901
4152
613
5667
9170
9821
8924
2037
6469
10398
3356
5435
8046
6714
2375
7412
8023
9951
4910
3572
5555
3200
9970
10508
1350
9380
2502
7480
4947
8812
8253
4602
1621
3461
7896
5874
3325
8632
5974
8104
3925
2723
3487
7760
5604
10559
9510
451
8909
6286
4869
3457
7876
10697
8222
7059
2416
2793
7100
7806
9124
2313
5405
9342
6404
5147
9033
2539
5831
5428
6887
3445
6799
3831
7566
2246
1445
6716
4000
4702
2026
8978
6598
4668
3470
7465
8948
3968
3321
5399
2546
9240
4145
4909
1058
4328
10232
10649
2755
3654
9604
8938
9293
5641
4427
4381
7721
10603
2227
10429
3037
5949
8805
1427
6520
1778
7134
8251
8214
8878
2203
1215
7179
10060
9249
4720
9425
10088
2346
7131
3959
8342
8087
1464
5485
7462
9699
3183
1848
2643
8213
5836
7645
7247
2243
1626
473
10277
9166
9778
7934
5769
1946
4158
10546
87
2482
7244
5992
1892
6782
895
1939
4014
2911
6430
6735
8770
3490
1409
9745
9609
8542
7234
8800
10513
9133
588
2737
8964
6309
5876
7854
2569
5850
5194
3743
6097
491
1207
4308
3261
2990
2348
1328
2124
9048
3823
98
1865
8086
7775
7446
2225
5851
400
3135
7846
7166
6337
10111
5417
1540
2791
6682
9743
7897
9338
7393
8691
9896
6980
5342
3012
10099
1252
1005
6177
1897
5353
8226
6504
3602
3794
9648
417
10036
3023
1263
224
1112
2071
9147
4331
9443
7408
3019
2947
9221
1316
7362
5577
7150
3650
1240
9663
9948
10564
10497
230
9257
695
8840
3000
8553
2165
6791
6851
1638
3004
2073
2067
2179
8254
4189
8076
8740
1244
10502
3289
7296
3309
2714
7839
9348
6914
9079
10554
7135
3893
7482
5145
4275
2186
5267
6298
71
124
7392
5517
2420
1643
828
4515
3527
1440
1270
4898
5012
6868
6431
4514
9396
832
7893
2115
1675
753
8357
226
9370
6117
9783
9913
8133
1025
4117
4153
4952
4773
2955
4716
8727
6185
4362
247
7418
2960
3298
2332
3539
8605
1498
246
6893
8061
9453
9687
404
3791
9675
6144
1476
5423
4132
6742
4670
10078
6013
906
8707
4249
4725
9899
9094
1155
2196
2293
1521
2025
1423
4862
7193
9701
6842
7662
4203
1016
2328
5995
9304
1511
183
8696
3290
206
1344
1680
5341
1592
7292
8614
3768
8290
4080
8862
10065
8706
9901
9561
1245
9125
4243
8437
7170
3333
4063
7423
1953
1567
7148
1549
3947
2398
9319
421
8681
10363
3662
4559
3079
2023
4371
7069
7219
2024
4629
6100
4214
9856
3532
4200
3442
9184
3197
7060
436
1352
7052
2473
5582
7041
6021
8217
68
5152
4425
407
3594
9068
6447
4329
10532
9146
4929
4472
4291
2339
864
6595
9340
990
8643
3330
10366
8367
873
3571
9445
8212
141
5738
2085
7366
10657
1757
6408
8597
7445
4498
3218
9953
7358
5363
4920
5803
8480
2008
4365
3120
7267
5502
4703
272
6841
3695
5177
3956
1276
1790
4224
829
3873
4040
907
1282
1547
2497
5872
9283
1887
5881
10270
2921
8870
6378
10711
10712
4176
7367
2278
511
2255
5685
5658
7469
8275
6974
8779
9074
8765
7286
9968
104
1310
8078
8699
4255
6108
3922
7687
5462
394
3475
2645
10476
1766
3755
6380
190
4445
2149
8885
1454
6099
5778
579
719
8043
3115
9042
5009
6468
7314
10144
10198
5202
2485
9471
3649
4164
8946
6155
1196
9063
2177
4034
395
10216
6617
9776
2235
412
2871
837
782
2679
6047
3334
458
2789
8362
4625
10489
6240
6486
10094
7947
6963
4227
8655
3088
2859
1750
5541
10661
2854
250
4201
2927
7090
8764
6410
3409
3280
9023
5939
3562
9637
8801
3484
1840
4687
299
5277
561
373
4569
5726
5129
10630
383
7318
6626
3141
2653
6635
3916
8459
7239
2812
4867
4315
10496
8636
6856
4640
3936
1169
6409
3857
7007
4473
3560
9316
10655
1545
5601
10609
5004
10651
3928
10616
143
3606
7138
6190
7602
4187
6810
4738
1586
9560
2435
10027
1880
6067
3113
10525
841
8501
8602
10077
8202
4568
7452
5243
4980
3077
4111
4988
1441
2898
3646
8408
1489
9634
5509
2068
10205
7032
5010
8647
9688
5808
673
4526
9414
693
9120
762
10276
4529
4586
975
9627
8665
6362
5848
355
5531
6657
6017
362
5225
8658
884
8775
10377
1674
8977
4634
3460
2391
8249
8799
2040
2717
757
5614
43
3914
6662
4083
5044
10126
4916
4124
2913
7826
2685
5491
6073
10458
7816
59
5717
3884
1407
7860
6069
8890
2393
9291
3255
823
6000
5824
7102
10234
2531
5521
7114
8200
2479
9470
4113
3052
5794
1336
3324
8512
8026
8019
3317
10288
688
10389
1195
7898
2769
5612
3819
4864
9363
9248
6282
8335
6979
5545
10683
6912
1958
10433
6925
2033
2681
6175
9464
2368
4179
3854
1902
6085
2113
2752
6116
2665
2404
3523
10048
4161
538
5288
1601
9097
7851
2659
8468
10676
1138
3367
8959
9138
8127
7868
1504
3498
7359
435
5171
2164
8526
983
5904
9478
4440
7639
9422
3453
4489
7909
7192
4448
516
4998
7679
6314
5954
6913
1288
4405
5581
10071
10553
240
9167
8976
1780
10182
6741
9756
2436
655
6977
5419
10190
2715
9222
10323
924
7527
5505
1528
9781
10096
6565
6422
7874
659
2518
7056
7387
6997
9874
4582
5820
8268
7504
3378
10601
6428
2568
463
10506
9808
10386
8005
5431
7391
1289
831
6632
445
1920
138
9401
4345
1469
7619
3656
809
4842
2185
5256
7075
5790
8106
10031
8399
4966
4984
6932
6904
8110
815
7450
3055
967
7245
2811
7966
7019
5828
1546
6773
6382
9306
960
2692
4657
3301
9215
3199
4688
3792
4368
2589
942
334
1968
9139
145
2602
9116
5566
2000
1230
5542
758
3059
9119
9308
3872
7305
1577
3597
2353
6929
1620
7813
7111
5764
448
6088
9223
1345
3050
660
5759
5637
6407
4706
7574
8394
9654
925
1911
569
9217
4499
2857
2265
601
7278
6883
2394
4020
7840
2954
3724
2316
9090
6971
5433
7837
6553
9755
567
9075
5045
2901
8732
8730
1818
5837
3109
6567
803
7739
10301
9652
8242
7001
424
7141
426
6948
1986
3912
5242
8656
5400
495
7066
592
2424
6865
5190
9883
819
5161
2878
7805
3085
7246
441
2291
540
6271
7802
2639
3707
6125
3588
1712
3624
6455
9555
9976
9744
7333
7185
8949
1479
3638
7538
1419
6188
4854
3205
7074
4795
5121
9926
2454
1183
1395
8474
2574
1753
10022
7147
10054
3961
8661
6349
2668
3087
177
956
6610
5061
10028
4558
6501
2324
1121
8731
3339
4105
6490
2438
9594
8025
9117
5167
2373
6894
2808
4110
8669
8425
7706
1721
8804
2004
10018
3204
7733
1123
4134
883
486
1223
5724
6024
3018
8071
5317
3817
494
5170
5998
1518
10139
1526
1187
1329
9571
5158
1430
2829
10694
7808
675
8703
3909
9107
6353
3917
7002
287
1324
586
5299
343
625
9152
7172
2509
6837
97
8697
3737
1532
10220
8039
10051
96
8897
10254
356
10237
7799
1451
10257
9238
5687
8688
1776
2105
8641
6127
4355
3714
2097
10527
4342
1555
6869
9289
653
7419
4309
1852
3676
9301
6491
5629
9150
590
4222
6301
3931
2908
667
2341
430
5675
10292
10622
8923
3217
682
8429
5448
7965
2648
10242
6603
7095
853
6571
7907
3963
5463
3477
1564
285
8402
3920
7266
8416
9514
7671
629
1788
1791
3414
8081
10042
3405
1830
10194
8189
9392
4383
9226
3553
1636
3668
10011
8821
3358
2127
4168
965
3835
4696
2565
1257
2933
9706
10163
1639
7719
7505
2803
998
9553
2862
5358
3705
3479
4789
6613
64
1449
2915
4311
4638
5889
6061
2334
9506
3154
2459
8373
7113
2330
5295
7077
3437
4527
6219
813
4198
3596
8013
874
3634
5347
7536
8720
4299
4325
9083
360
6046
7203
4918
9260
3160
576
3592
3277
597
9630
10455
3136
3980
647
940
3895
5141
10523
1819
92
2798
9134
6652
8648
1487
7099
7956
4107
2953
8135
939
9285
8637
5723
4451
5862
2591
330
3614
4556
7216
7302
7016
4103
1859
9890
2959
10131
508
5430
7315
9771
4739
9823
1307
305
482
6873
1635
36
8105
5489
7809
1856
8107
9234
2003
5206
2517
8544
9313
6214
7269
8541
6678
4855
1142
7770
10460
3375
555
4596
4270
993
3431
752
6834
9900
9870
8172
5075
7777
8040
1087
10023
1292
1107
5271
2924
3031
1372
3982
3377
4861
1754
2059
10617
1459
4960
2910
7182
1829
7547
115
6293
5313
4962
7459
1133
1693
9451
3537
7117
1553
8609
570
777
8068
10390
921
1463
1272
10162
559
9892
6094
6849
7878
2118
9171
2507
3946
6059
2308
10248
681
3818
6739
5169
1585
1171
2689
4666
2018
776
8785
1501
1232
728
1664
8435
3569
8229
4800
4919
4965
9911
8428
950
8120
2843
5518
1160
6639
6389
6075
917
8444
6885
9827
8057
6981
3878
2664
800
8278
9457
5455
2027
3782
9504
7309
9484
4614
9598
1684
1210
6985
500
1027
4978
3828
1950
4156
3056
1012
1952
3542
10278
5071
7575
5878
3849
5993
8080
5688
2172
7791
9350
9344
4483
5744
6656
2135
6225
9829
5843
5496
4893
3478
2072
5111
8806
7834
8622
1921
4143
4681
6323
5715
1713
6300
9735
3159
2601
5359
4648
4762
2359
8098
8834
5941
3645
1599
9324
5785
4085
9919
3578
1256
9527
5703
7680
2981
3671
8955
54
7486
10061
5532
8423
2294
2961
7899
2006
4520
1077
4190
1963
8296
370
7546
3355
1544
8405
1399
8895
8866
5172
6278
2421
2588
763
9580
10004
7023
1049
9365
7155
8995
4880
4676
9547
1715
2805
7856
8440
1418
10673
2233
3821
8475
6611
1658
10085
9988
4578
9525
3014
5244
1216
639
7171
8654
4601
10009
10047
3703
5076
7010
8689
8413
8129
498
4068
858
8365
4612
5292
6775
6647
6698
5149
5001
2163
9694
5774
4476
5823
6018
1838
7586
3923
467
2064
7869
4130
602
1405
1140
4305
1311
5286
221
4604
698
10207
38
10425
9536
1141
8715
2352
7137
9969
631
2677
244
2966
7708
5817
4374
3979
8916
6747
5579
10375
10671
10560
8672
7154
5593
7711
4269
9659
6417
1719
3413
9869
7106
4553
10101
9081
9087
6006
5255
10180
9280
2634
3985
8450
10186
4106
3468
8939
8844
9804
1191
6473
293
3425
1091
9157
7479
7310
5524
1799
5490
7972
1186
434
10597
1851
1129
8928
6877
6956
3846
10282
6833
7792
6990
2976
4932
4643
7923
3512
10189
6695
8666
10113
3208
147
5784
6558
5454
231
9737
1630
1416
7493
3007
8810
4944
3357
6420
504
7022
5910
3156
10200
1484
9115
794
8406
3045
9121
6667
7122
209
9790
6759
4886
9582
3039
6008
9108
9941
6995
2950
3360
9779
10541
1067
10571
7960
9281
6089
1248
8723
10283
5306
4566
9224
10359
10442
8497
2327
109
4977
7439
3170
4942
3284
10382
5857
8896
8566
2561
7254
10604
9481
4621
1069
4128
5792
7579
5212
945
4306
687
5999
149
1681
4443
3711
5029
186
10280
7497
1117
10107
9265
3224
1254
2776
3598
2946
5937
9877
1028
7946
8285
6248
643
5265
9372
10567
3809
9872
7652
196
8670
8208
2184
6615
1220
6764
8250
6770
9750
5125
9961
7212
3702
1606
6372
9017
6766
6051
6713
10642
1013
6940
743
3076
4744
5538
969
8951
1596
7803
2142
4888
3503
8534
9062
4137
9462
4066
9461
2045
2980
9239
7043
3323
8150
5522
5979
1143
7900
4225
8276
6582
3267
7744
5421
347
31
9897
1158
304
9271
2682
10261
9614
5890
9731
7746
7128
707
1467
3294
6327
10547
2655
6722
5756
6263
3028
2711
405
709
9345
6507
8981
7250
6238
6031
5282
953
814
10251
8073
4463
7889
6220
10484
10151
4436
8958
5451
7751
6499
5611
4163
327
45
4049
2848
7130
3389
7542
10362
732
6624
8980
2286
3119
10376
7030
66
6205
9534
7470
2532
7487
10128
645
8267
1339
10103
7503
10714
9928
8445
3282
4096
913
4761
9650
5613
4318
403
9575
10495
6442
10400
7049
9945
595
2657
2462
2764
3320
10208
4444
5133
7509
1870
5705
5739
150
3086
9454
9618
3910
4341
10507
9817
9088
3401
9455
5866
6287
2274
6664
9346
2753
5245
9871
562
4719
8927
4801
9207
9218
8521
1571
5578
8066
4991
1428
5278
662
9501
4199
4999
1200
8751
10184
9850
5967
10631
4752
4495
3215
10538
8053
1669
10618
4046
6755
9810
4539
3009
6751
2845
10310
8401
7103
9707
5340
4615
4272
420
3124
2418
9315
2676
3459
8506
5686
8743
7620
9806
6165
6458
8102
7508
778
4755
2468
6452
4798
4469
3518
7864
1274
10462
10654
192
8438
416
7993
275
985
1295
213
7514
575
689
10116
9937
3890
7838
2516
4873
10665
6762
4611
8329
1941
2321
7368
140
1124
128
4428
6077
4038
2724
3094
135
724
6583
5183
4267
862
7080
1813
9093
10503
5262
9540
3998
1879
8248
1261
8277
2390
4934
4029
1622
438
1617
4283
4879
4327
6429
1765
3511
2999
114
9373
2104
4663
9232
2053
5798
5307
1961
4814
4449
9013
2756
444
7567
6998
9219
342
5104
8075
8090
5453
6145
3005
8798
9724
6712
843
3327
2365
4555
3435
5511
1224
9798
6614
10696
8931
8621
9367
6515
2807
9383
2831
4876
3172
113
6888
4173
5193
6374
6141
5119
5224
9330
3545
7845
7584
6945
7431
389
1125
4467
8123
7116
7661
9005
2449
10464
163
10300
8395
1041
5576
9492
2121
3693
7342
2212
5681
367
10403
5030
1665
2410
7949
4276
3739
8174
9889
5513
9984
3476
4437
2331
6988
4899
549
4140
2935
9554
5860
5735
3206
8987
3591
4377
8001
1320
9211
2400
2917
9352
375
6818
3837
8175
243
8998
9567
10136
4865
9557
6693
8380
7683
7210
3433
4868
3371
191
10518
4951
2193
1667
3696
3104
826
2907
10012
7912
10373
2280
1493
7738
4154
6749
8293
4627
6686
10305
7381
3766
8829
6481
9661
3319
5849
5316
10291
3886
1825
7063
9865
2474
5017
6769
10581
1743
1116
1221
636
656
10641
8481
8606
336
1824
3029
8649
4805
9140
4379
5683
3541
3830
9597
1053
5732
6537
5412
1605
2563
1038
10647
824
4707
2048
2143
9528
7457
7039
402
5385
6863
2580
9436
2011
7430
10352
10127
3245
5066
2168
193
4674
1424
10430
9505
8361
6261
7730
5021
2409
2277
4552
320
283
2128
3538
4759
7732
1432
749
6147
7313
1170
9347
2894
7714
6057
2272
4273
1360
1410
1964
411
6283
865
1954
8547
5238
9763
1021
9043
6012
10154
5691
8827
10355
3765
6992
10115
2109
5294
7280
3506
3248
7797
6394
6005
8817
8379
2441
8754
6406
5474
5674
7605
3493
358
10562
6608
6307
6233
711
7564
8108
970
3970
8944
1810
1983
3802
3093
4232
5098
1341
1260
4092
7798
9628
7417
9805
10451
9862
7704
1033
5134
1798
8572
6134
10530
2431
2983
5249
7174
10143
5668
5025
10005
4172
10466
7772
3918
9016
2989
1878
5562
6512
1760
4754
2360
5841
296
1431
9891
6903
557
3773
7603
3462
8434
4346
3991
2273
2667
6923
5088
9751
9328
3061
409
6363
3010
1756
3770
4409
133
6870
10185
3359
89
5911
7175
3270
5064
770
1422
3276
8320
541
9303
3748
7288
3381
4981
181
4956
6136
7871
525
2197
1551
10138
8186
4699
4887
7702
6518
1510
9680
3203
888
8381
898
6453
200
7530
2590
3531
756
1444
7231
663
3524
2007
4125
2533
4698
4580
1402
9381
6620
9294
8613
9201
5523
2522
2557
7886
2637
1443
2858
9592
214
5991
9129
1246
2087
821
10700
6694
981
2101
8725
6587
7328
8813
9932
10596
7429
4711
581
7211
6166
4358
2207
6316
5351
964
2869
429
5936
2148
9327
6438
2930
6638
7895
10591
9753
144
2686
8868
1006
5381
10473
4050
276
2920
7295
2719
335
5326
9646
5599
5116
1166
2214
9
6701
8854
2865
4004
10367
5087
7879
10498
5093
4018
5168
9983
3983
10039
4373
7078
3908
5602
1026
2788
8119
10426
7684
5425
6223
10093
3211
9605
3241
3574
7831
4324
8151
547
1086
7492
3582
7297
5970
70
1330
2612
3306
8467
4641
2065
3042
1226
605
3888
2964
7464
314
5747
5858
236
3191
5653
2597
3064
4245
8876
9702
8302
8496
8101
9085
8662
10485
7294
3072
3236
6440
8780
3099
7771
3639
3008
2301
5847
7724
5938
1392
9253
5842
7481
10454
654
1646
9939
4825
454
9556
5585
8988
4816
9109
5631
2691
6040
7373
1873
1128
8546
9835
7621
4388
7320
8223
10394
3651
3013
5252
1043
8502
9322
2654
3313
3351
2611
4075
887
6623
3618
10129
5903
1218
4830
130
9158
9692
5791
7498
8937
7339
1560
4518
2874
2309
3975
7209
5253
10668
6383
9483
1300
5248
4923
10695
7990
5729
4777
4883
7543
2477
7991
1936
7747
6973
4912
4628
7674
1034
2145
9336
3416
5486
4007
8926
5797
100
3223
9845
1325
7910
2161
9777
9339
10303
8849
2515
1595
4662
10203
1522
9137
9516
1672
10108
2604
5915
6341
3006
10040
11
3067
6783
1761
6976
10679
3139
2774
117
7257
9847
2222
7375
3783
8307
3901
1278
8192
6091
5718
10230
9092
700
6119
5727
3404
466
4072
7804
6761
2499
5985
7220
4903
7281
7989
10010
4804
2661
251
552
4441
10586
8841
6171
1096
10450
10059
2558
3862
6280
5622
311
6371
7226
2370
10080
3179
8412
8517
10608
5182
6548
840
4592
5610
1648
1062
6181
9673
2170
3510
10439
5336
6109
4605
10241
8404
7461
9635
5997
4319
4361
6345
6538
4288
3446
2133
6921
6156
8006
7633
3742
8900
8776
6328
10666
9001
10528
6622
7425
8095
8495
8568
3070
10132
6277
4286
1327
137
8795
9965
3149
7906
3083
7361
8142
2069
3648
6269
542
9520
632
6881
8690
5745
9882
6690
1326
155
349
422
3700
1366
2016
8933
7222
5031
2056
1558
6153
9754
9657
159
6180
10219
2899
280
10187
8676
9394
4287
529
10062
2773
6604
8979
2674
487
8968
7656
10312
9268
5040
7755
1178
5527
3784
7306
10678
4097
5440
7624
6696
7525
5263
3017
7262
6597
415
4770
9797
5673
3718
4480
2236
3041
8118
5801
5626
9050
5833
5896
7206
7676
1997
6131
8969
7807
10073
7326
6726
5816
479
5140
5809
5220
9539
10688
8952
3629
3096
6086
10147
6600
7180
4509
4454
4841
110
2760
9321
7939
9190
3785
6401
1962
1442
7690
10719
2765
8337
5392
1542
471
5560
4721
7336
8298
5755
4678
10605
6522
8338
4740
1406
4538
5406
5743
4757
9387
5869
3338
5039
1309
1903
3258
3644
7
9860
8573
425
4266
4878
5942
211
1823
7098
5018
5154
4714
1802
7978
5635
2952
353
10690
6063
4727
2189
9216
7622
2042
1858
1758
9855
1131
9459
7911
6157
4619
4150
3187
5749
5077
1109
9839
2836
10331
3385
8374
6803
7163
6003
8850
8892
8064
509
5020
5240
2687
7829
6224
3423
7145
10664
8807
3559
374
10691
7260
5537
3666
2656
6443
2232
3451
1466
7036
172
5373
4701
4323
2586
2461
3544
79
5000
1906
8855
2937
849
9733
1937
6066
6699
484
5906
5068
548
3863
9164
9601
2658
9312
9544
8310
10490
4265
8334
9450
3725
107
10653
7169
4834
9956
5728
4170
9772
437
8773
9209
6186
7660
2795
6392
7062
7093
3949
312
2541
5115
3411
2267
7259
3853
7105
6114
6358
4780
1863
4182
8815
10422
1271
6483
2852
1959
6523
4938
8155
6999
6305
3047
5112
1019
4785
4846
7079
3855
5922
6083
4940
9377
2138
856
6416
3640
5305
5595
4059
8633
7654
6806
6668
1980
9785
3580
9832
702
9826
4972
4608
3761
7830
9757
1190
3116
10590
1857
7612
7916
7357
8704
4363
1568
5763
6772
1317
4679
2074
7722
9550
6200
3434
1996
10223
489
5006
7199
1733
9802
381
9295
7918
7983
10583
6906
650
8960
1632
3420
4024
5512
1929
5173
7084
1111
9148
4091
8346
2167
5382
6665
7184
3189
6575
3535
3392
4307
1991
9021
7655
2739
8758
239
6704
7157
3034
4810
3022
3467
7248
4183
7930
10592
2312
7061
253
7319
4594
1584
10410
8188
3069
3860
2117
2587
9382
8761
8024
499
8627
9360
5210
5598
5711
10284
6121
5757
5802
3386
512
795
4041
2204
1573
8063
3192
1236
2173
10064
5376
8355
2336
7140
9649
1905
4847
6619
10612
3534
915
10140
5457
5880
5461
7842
3958
9300
6460
7857
7000
6951
10351
5908
10175
262
357
3798
7506
2542
1691
5446
1762
7241
3207
10159
9912
5825
8011
8668
8472
2182
1720
9028
3738
8164
19
3789
7570
6601
2171
5563
8674
7855
8457
3706
9114
9927
1238
10212
502
3967
9895
10578
8918
2782
1363
827
1563
7092
6816
1156
4399
6471
6605
8316
4333
2941
8427
197
6854
10388
168
2257
10677
8646
3996
5586
1338
232
2252
9848
7330
9084
9113
6425
1199
8843
8165
1515
6585
6211
2183
365
6350
1057
8685
7678
8447
8863
10330
2694
6671
2939
10539
6308
9749
8382
4386
1874
6120
7317
9149
9269
10650
10632
419
9403
2406
3394
3528
10058
6569
5034
6170
5886
7610
531
2230
7997
3471
4239
5528
7349
9058
6943
5434
6907
3365
6941
5920
3939
201
6674
2270
9631
8419
6427
118
5807
10413
4057
6222
2918
1752
1485
2022
535
6366
2698
9077
10195
5961
10482
6905
3279
4892
3573
7191
4564
2239
3903
5407
8729
2998
9633
806
1279
860
6874
10346
4356
3611
10680
1472
2009
7420
8618
2748
6825
3481
6835
5536
2991
1917
6924
5232
6270
1817
8694
9473
3677
5494
3122
6511
6044
4774
8176
7929
8991
2329
4857
7562
2285
6592
9873
9192
1285
5929
10294
10243
4453
9490
10556
6399
6852
9684
9080
8197
4087
5268
8289
8125
9643
4671
5770
7263
6534
7298
8603
2582
7348
2817
9434
7786
3621
3388
9809
971
8015
6258
1404
1500
6609
7697
8920
8721
5678
10007
6402
6299
7848
8532
3265
7071
9161
7251
5371
4953
4099
225
5984
6669
4234
7818
6122
5135
2763
5442
7307
3246
9629
2863
8898
7160
6935
3380
909
4631
2638
3653
9508
6246
3788
10718
161
6118
6130
1695
1421
6338
5680
2107
7843
1009
5534
1161
4848
2718
9496
5107
10459
4231
5981
2641
258
2380
6580
2942
8387
3068
292
8832
6972
2702
554
3921
7300
905
8344
7050
3871
4808
4464
8934
5424
5846
999
723
2932
1003
6752
2837
9824
7064
1165
2896
10164
2345
3919
2405
510
6058
3001
9047
10137
1198
9231
2325
2564
10531
9252
8584
1869
5331
78
7285
7225
10701
3440
951
8292
1627
9964
5309
2337
3771
2297
166
2491
5621
3593
9233
1273
1661
9666
8628
8443
8893
2458
7924
10161
10396
3040
408
8500
4511
9179
3977
4743
9044
9691
7998
7337
5975
8533
7365
2076
442
9590
2977
4115
8375
410
8390
3795
10535
9689
2607
506
811
6275
156
10053
10142
3173
4120
6676
4987
10082
364
3850
6631
876
101
2103
5114
6268
2787
9849
5184
7190
4135
3870
1900
10639
2279
5389
2968
10340
9910
4866
9674
722
9558
7741
919
4233
772
1538
6400
8919
9386
7572
3129
6360
2151
9578
1458
5838
6824
7435
9655
9519
7669
3546
5047
5689
1434
6505
56
1059
5180
6942
7416
6164
1690
3583
6591
9123
8983
5700
1099
1805
530
4975
8693
3447
4964
8247
9773
4776
2672
1655
1812
5669
10345
4230
2036
7625
4221
4144
2741
2315
5657
10563
9297
1082
3202
1747
8600
1233
1475
677
3608
8131
8260
3140
94
738
8410
5241
6930
2254
7005
10427
4764
6767
2925
3044
7664
2195
5079
577
1150
9595
6633
8359
3497
9935
10057
10713
2335
9270
9374
1519
8701
9742
1438
3177
4735
2439
4242
9854
1578
2096
9726
10177
9985
5761
3626
9820
9600
10033
4122
1736
2427
4997
9176
10263
1796
6397
6259
886
4833
10492
5022
4664
5796
7597
599
10575
5676
5721
7748
6290
8914
9852
4001
1916
8112
3105
5016
7187
2978
4151
8869
4832
9105
5725
2889
4856
10681
8141
1375
5217
635
744
2886
10399
10068
4340
7153
5322
6897
7490
2412
9952
2152
2529
5928
2209
1732
8159
4420
5007
7774
4618
10264
2381
3575
7712
6717
1389
9980
6703
8906
4779
5535
9245
8187
6692
7399
6076
10227
8069
7790
8749
8629
855
4908
2099
2905
9958
6895
3343
7743
6381
10114
9588
8426
7737
2061
8520
6860
9111
3106
7144
6675
9522
4013
7955
4758
3599
4554
4292
7034
6939
4067
242
10201
5120
3767
3731
1235
3432
10720
7282
10669
4782
9193
3260
7040
691
7340
5329
6719
8929
1529
116
8245
6485
8227
4088
267
6503
10083
7478
1334
2523
4366
5028
5617
7812
9708
5708
7347
1481
9586
295
7675
4434
2680
2619
5160
4906
7133
488
5356
4009
8173
5701
637
8409
6754
9384
8493
3868
6876
3147
7937
1535
5201
2731
4871
6068
7637
4062
9653
10029
7788
4913
5432
10050
10125
4184
4963
10515
10706
3216
4121
2943
8794
2180
2982
9535
5652
2125
3843
10698
5209
1700
9878
2504
8518
1688
4877
6064
7810
2298
4102
2572
5853
7053
1154
1650
4404
7883
2543
7767
2019
2520
5655
10526
3410
10424
9475
3373
4961
7928
9019
8449
8823
3897
8837
2967
3924
8396
5378
7626
708
9999
1593
10544
13
8561
3799
8772
3558
6193
5902
2241
7921
8230
5094
3051
3793
7703
3757
10602
2110
4736
3756
8782
1978
7904
8376
3021
10302
5608
2199
3898
9990
7631
9924
8372
6493
6056
7345
7884
3708
1898
10003
6576
6805
3071
4824
1239
4661
7308
6723
2519
3938
32
10468
563
188
8550
7162
2581
4352
273
2205
5852
6252
5328
4875
6847
2244
5143
1333
42
9354
1103
5762
1670
617
1490
3024
7976
7123
6789
6784
3466
235
10517
8199
433
10549
1176
4491
4407
2202
5544
99
5215
6650
2080
33
2130
1312
4860
1090
1850
2887
1575
1020
2846
5503
40
3690
6038
1439
8659
6312
6596
6201
6143
2492
9564
9858
10199
8612
10504
6962
279
3232
1212
6649
7689
7390
10183
6872
5571
882
401
9552
6545
7670
5050
4742
3157
9585
1781
5746
2579
2743
4045
7438
1517
3829
8216
6191
5730
6736
4254
7453
8422
6809
2417
9012
4534
5947
962
7778
7440
8349
3750
982
2893
774
2295
3683
4351
7913
4118
715
9274
7289
6034
1175
600
5731
9644
2260
9163
8973
6079
2276
8100
7437
352
7235
1814
3530
7877
8847
5821
1491
3350
10013
8441
10275
10368
7753
1201
3421
8485
3257
3526
6332
3303
3419
3314
9408
8635
4647
3391
4235
2021
2289
5266
7938
1574
2444
5897
5460
10449
4274
7304
9379
2223
5285
8300
2443
6435
2883
5695
8211
7614
5100
245
215
5623
6449
9423
4326
1374
5142
5320
5344
1503
7827
6072
3772
5546
2944
10716
5854
6588
8579
5124
5834
10332
676
6952
8514
3057
7379
5569
4058
5035
626
6570
3118
3454
8499
5414
706
5572
10350
9202
1925
748
4712
8910
2296
10239
10334
10024
10030
9962
5953
8766
7284
9761
8543
6146
6039
2020
5946
5499
5393
2194
2160
5311
4398
7136
7954
6441
7588
4775
1523
7409
9713
7331
1707
1967
7363
9273
8144
2524
4684
7483
878
5091
3346
2249
574
5819
9070
2083
9031
3283
1102
1362
8846
8060
5055
2866
301
3815
6727
7691
8816
4894
1764
2317
10130
916
6955
1290
4549
3540
6878
9458
6697
6884
5437
4279
5590
801
4344
2503
9298
7029
8728
8351
5799
7129
2052
10343
7475
1298
5422
2218
7026
8953
6915
4870
2979
6653
413
8370
1839
2810
1656
8680
4993
3680
3832
34
2567
6928
9974
5301
2063
5554
10075
8529
854
8350
6160
6020
4692
2972
5335
1890
3043
4519
10505
578
7832
344
10423
4185
8651
2258
6415
10017
3253
10072
5923
3209
7178
7272
9145
7442
1348
6439
8002
773
4037
10069
3015
4070
6257
7969
8044
6241
8431
9581
8620
5931
5514
3011
8935
7189
503
5500
9415
1641
112
2306
1384
10259
6514
5051
3502
714
6348
1947
3647
3155
1634
8326
7165
8012
2013
4550
4513
1618
3704
10615
2585
1159
8894
10145
7996
8049
6423
3213
20
3066
8750
9546
4501
142
9884
5036
3826
9258
7516
5179
8089
7332
1180
2102
594
5473
943
10447
9402
5101
24
2742
9529
5557
8051
7229
3904
5398
2649
10448
944
6182
6049
7057
9431
8705
4928
5600
3256
6492
10452
9022
3605
7795
2700
9991
3781
9323
6242
2081
4078
2472
4459
67
6771
2914
3127
8082
4359
264
3941
6744
8284
55
1247
8790
5526
10357
7682
10436
4089
8492
9210
7025
5085
1035
5706
2707
699
4095
7329
7768
4039
9703
8215
627
3933
7299
8913
361
8115
4588
9914
4133
6786
6036
4376
6560
3616
4599
6465
9624
2290
9573
2626
2891
4651
8967
7407
761
6215
7766
1227
9524
2005
1197
1277
326
683
9398
4807
3326
2575
730
120
6794
7781
9195
5429
8225
1508
1633
3839
5498
6535
1855
2784
4729
2434
3507
4205
388
9548
7110
3760
7952
198
6204
7214
6811
10170
9583
6880
9819
8042
2174
717
4244
256
1944
3734
5950
6529
1773
2100
10620
75
3749
1704
10086
3751
1071
3291
10693
481
384
8084
5492
6030
1931
7051
8415
5046
9467
2974
4370
7964
2032
308
1000
4708
3259
105
3251
5275
2051
10623
6281
3272
23
4108
2945
9682
8145
4334
5779
5023
180
8592
6758
6001
1507
6055
4011
5357
6138
1530
5647
3962
8161
7665
5352
791
6832
6531
1393
9491
1337
5919
303
4204
4421
8178
4826
8515
6654
5308
9482
2382
9642
6454
2206
10274
7159
518
10045
10573
9607
5401
5575
7833
8911
1876
5281
4781
9786
2413
2442
5736
7094
1872
5750
8166
3759
10202
4213
6412
2904
5199
739
3184
1789
9227
4084
5364
9639
1537
3345
1769
7058
4100
9760
1915
7822
9672
5733
7709
9638
4295
3302
2571
8947
4226
4935
6434
8608
8239
3715
9246
4933
3973
10670
9325
7999
6944
6677
257
3418
7647
6187
9822
8056
8477
6721
2361
9477
4546
2386
834
8411
1742
751
9046
8537
4131
4194
7953
4196
4148
5054
902
5887
7920
3627
10585
7068
7787
6426
80
4571
8873
6666
8360
3521
1548
5060
2131
3429
9868
1854
8385
750
7589
8838
5280
9843
8567
8936
5900
1910
10383
8287
2592
8905
7539
182
8169
8596
1520
3548
3469
7609
946
5366
2082
10006
73
2510
10660
6540
6787
2363
3496
5081
6444
4008
9538
2494
9329
9993
9440
8458
10715
7168
7081
5310
2371
3905
9851
9326
9943
9989
6002
4212
9612
2780
9343
1368
5917
386
2187
7017
949
5097
2767
8748
4806
4223
922
2247
10188
2377
2877
1496
6113
6663
1042
5155
6949
5958
7820
269
7252
896
8143
7707
4669
3833
5436
277
4915
5260
3673
8027
5584
10607
10090
5952
7859
8048
9208
455
9435
1740
10437
5148
5477
3148
108
2342
9318
4246
5697
9460
9545
1044
4607
8021
111
5885
4081
207
1448
10293
9579
6048
2455
1203
5319
418
1209
9118
1928
6857
4171
7096
2728
3827
10049
286
623
76
2415
4572
6092
10169
10196
4948
1217
10228
3555
5287
5251
10052
4043
1299
8734
1804
9955
2302
9399
10229
6861
6256
9235
5753
6934
2500
2378
4831
4557
5192
3625
8984
8759
5751
8525
7872
10260
5402
1527
685
5272
894
8393
7725
10249
1367
6836
6126
9036
1660
7973
669
10160
1907
2349
4737
3220
7217
6931
2344
8711
5508
890
7694
868
2392
1524
153
9908
3058
4635
10587
810
3074
1355
10369
7008
8464
1181
2318
6354
4562
5375
9154
2618
3670
1926
7894
8990
4433
4316
10266
9002
7540
2906
2948
1604
8677
8490
8945
4289
697
3305
9264
8094
1914
6549
6081
6313
7606
10304
4294
1999
7902
5057
6688
6135
2215
7532
10286
8957
8578
8516
4268
672
5777
9244
6369
954
6227
6882
7604
10032
3465
7126
7811
3427
2448
10253
4250
7124
879
10081
696
1792
8682
7327
9261
10645
4042
9711
532
8678
1241
4044
2716
9728
447
7982
5146
1450
3986
2781
8122
2792
7668
7467
9723
2530
1
1157
1480
4129
2540
9775
3948
6060
9818
3659
7866
3226
1004
4180
7959
609
14
5487
7565
10543
5235
5151
6329
1602
2957
3609
9168
9371
4229
10417
4589
914
263
1064
3552
1365
5408
7942
6010
4259
4503
2210
5827
1960
8148
7494
10046
8304
6875
2198
9214
369
5191
3631
7261
9378
5547
3016
8943
3114
8398
2535
6167
9188
7243
3866
8433
4581
318
6306
8305
8744
119
995
9277
7466
5924
5289
8589
3167
432
9331
8555
10555
5594
10316
604
6684
8915
8796
670
3642
9518
4763
1678
7821
9616
3300
7932
1889
3275
6285
9541
2730
9800
10610
7491
2975
9385
7042
3297
539
4656
392
341
8279
3894
10298
6850
2303
5139
3448
8860
7455
3803
4636
621
2605
9920
8288
972
7398
8954
9078
1258
348
9621
8028
6858
5415
4723
7544
2879
261
8146
9729
6032
5229
8079
8126
8767
9334
9767
3675
9438
332
5304
10444
2041
3112
9963
5493
7726
5469
7967
4766
7593
4600
2584
6916
8466
6364
4949
4881
4455
1654
9998
2038
8695
9923
4053
10469
5165
4646
9752
520
7156
1697
9314
6194
6377
2697
338
6659
6527
507
6016
4797
127
5795
2963
7101
8369
8418
8035
179
9151
8313
5754
4488
8283
1237
3408
9795
7569
5943
9656
3951
8391
1353
1683
3152
4654
9089
459
5350
7649
7779
5771
10494
2521
6629
8258
1388
3604
5596
2938
3550
7173
10461
2350
5118
3721
2577
8010
5811
2319
9073
1881
9917
7761
3712
3491
6137
10070
10173
6846
9746
3335
2704
2188
4622
8560
7406
9101
10674
4181
616
9006
1566
9411
5818
9765
8331
2841
8786
9250
1153
1759
8345
2720
1262
3163
8917
7710
4983
8645
7484
900
4462
9416
3489
9266
9205
977
139
7723
872
5106
3584
10434
4772
1969
9230
6344
8971
8574
10522
10295
7224
9292
2726
9437
10285
564
1871
5187
136
10000
4418
6028
8483
9921
521
9930
8745
4859
7529
10558
3861
1321
3834
3443
1600
1110
3273
5014
7356
1885
9194
6528
10008
10625
546
1976
6479
5218
7413
4238
10628
9419
10197
5472
6336
1478
668
10120
8091
4591
8811
1147
9144
9489
4256
8436
996
5895
6245
5388
9902
671
4533
284
4686
2973
2608
2934
4321
2493
3716
558
10016
7255
6385
5501
6169
6448
8599
6707
3720
2159
3026
1597
793
6331
3752
5632
3851
9393
674
1351
1951
6602
7528
5323
6725
7618
443
4022
7073
1346
8783
6574
4563
8487
9469
4281
6195
7489
319
6159
281
7449
1993
6395
4301
3713
3513
6625
4360
10551
4165
4216
4497
6763
1795
6555
1267
9813
2583
9199
642
8762
790
12
6102
2663
5765
2300
10338
2425
3612
5227
8774
1842
7196
1702
6266
1561
5261
3398
2175
3805
6042
9037
1699
6966
8347
8638
3243
77
122
4827
2747
5964
5553
10652
7432
7583
9660
8852
9710
10629
7581
2367
8417
2825
4052
5882
628
131
3952
7828
194
5540
1613
8363
2490
2651
10420
5875
10149
5186
5605
2446
5482
1113
3252
6304
8263
9487
822
4728
3717
6027
5775
8540
1594
4025
6267
4652
6279
986
1579
10699
766
8336
9714
7350
1234
10705
10178
8008
3331
1465
2366
9574
2549
3362
8528
7599
8522
9189
1541
7986
6986
5052
9182
4302
9311
8577
10181
5153
7274
5782
3728
893
4177
9658
10656
5150
4339
4477
2162
3458
4155
8830
6320
1637
1287
3937
202
5189
10231
9716
29
5583
7890
6628
2396
6025
5664
5303
1543
8877
568
7700
6655
7183
2178
2630
5690
1772
2012
4065
1023
5269
8686
6590
8297
10421
6839
6015
816
10076
3296
1373
8580
8538
252
5128
10709
7975
1371
8993
3222
2860
7020
5506
3328
7125
3164
6765
9067
4802
1115
8510
7941
3852
237
2988
1396
10240
720
652
9259
5832
7686
5543
5934
5742
8903
608
2931
3485
2644
8570
7460
7088
173
1065
4630
6393
2566
7065
3595
9667
10593
4347
476
3455
8488
5945
6778
9332
5362
6112
6743
1862
4481
3444
5096
4400
10624
7692
8891
3600
368
6384
6547
4536
294
1836
1376
10537
5609
920
313
1676
4718
4828
7861
8194
1588
10134
8531
10710
6729
1828
8190
8184
9025
657
5587
9355
9864
4257
4746
5355
6356
9736
4033
2108
9831
3561
3182
88
8925
5274
8624
4357
9395
7592
7276
2851
1922
10627
1146
7014
10166
2078
8552
7958
1394
7630
6033
2181
323
8511
3915
3516
5284
5247
4138
9307
3838
1037
8700
5420
6310
664
9072
514
10432
1726
61
9593
1570
203
6660
2271
6184
7436
465
5987
796
3292
3092
9052
8157
6607
1497
2828
10245
5773
6687
3929
8644
6855
10385
1912
7421
897
6318
9861
302
6396
6994
2079
8498
3030
7641
4543
1539
3753
2629
2733
9187
1797
8195
3400
7507
5074
5113
5793
7699
1092
2919
6796
5497
9262
10483
5867
6489
5548
2139
2842
9996
9029
10167
9053
1101
475
2614
4561
5719
8591
1990
1401
658
7236
10456
6154
10037
1751
5861
1815
5327
8191
7271
8883
7181
3811
8859
7651
1136
2093
1095
10176
6176
1662
1030
346
1318
863
4617
5008
8671
9922
297
8940
2844
6642
10309
6543
7582
7523
10689
9032
6645
6728
1397
8619
8819
2403
9793
5845
799
452
8901
4218
3332
2633
1349
4414
9885
9225
9444
1266
1251
8880
5625
6937
2754
8760
6043
10206
9014
2552
5935
5480
6516
701
8848
1414
1679
6788
5099
9404
9992
7611
5409
3617
9770
5314
5573
496
8479
2311
5640
4417
7215
8067
7561
8549
7815
789
8607
60
7477
90
9768
52
2699
8134
2721
3450
9200
1868
6627
3698
7957
8747
382
6413
2387
1771
1403
1698
545
6612
2912
6967
4456
10034
5789
10672
2758
1302
8062
10520
9838
5003
4314
2853
2867
2407
5679
8756
9106
7617
9456
8257
5080
4809
10110
3274
7027
8424
6472
10387
4531
10348
9712
4251
8088
1269
1649
8421
7587
5043
6730
4968
366
9591
4207
4853
9780
2153
8523
4055
5315
1977
7817
271
10100
4969
9206
904
205
5709
10644
3686
2358
1060
8803
9987
5916
10056
1063
7961
288
5117
1763
2094
9931
7200
7749
7448
9100
8692
8564
3576
4885
6324
9517
9051
4253
1603
1616
7598
7264
8163
10238
3762
1901
5815
9533
5519
469
3107
7195
7463
3395
4989
2043
337
53
3123
5561
5300
4413
8650
5384
1072
2256
3285
4090
1849
10570
9366
2460
6035
8714
1482
8588
8453
7688
7552
7841
3196
10371
6886
5996
10133
630
2379
1148
8353
1364
8667
1506
48
6212
3780
8017
7573
6606
6445
5704
5624
4665
4348
6864
6829
8814
7510
4922
4697
1499
4012
3944
8604
4350
2062
4613
2870
7715
2469
2046
7496
37
6946
2261
6297
8
1696
9841
5019
4431
3101
3379
2219
3891
2414
7756
8576
7727
8099
9569
2466
1177
2192
9766
406
1436
978
10582
9788
2411
1982
3495
7590
7287
7024
10443
10252
2709
2926
4178
9697
1152
39
1296
10524
4524
2141
8317
9406
6720
1084
3238
10391
3881
4900
5710
2555
6823
780
4791
2761
4479
5633
174
8970
649
1723
2054
2995
842
6451
4633
4843
8128
5636
9463
839
7512
692
8582
3874
4375
4796
6218
6892
5515
7927
2075
5246
4380
4471
8209
6226
3620
4337
4709
742
8181
2251
8032
8950
4542
9610
1779
5644
3090
9356
775
6814
8136
9740
9967
154
8280
8264
4391
952
10191
9066
572
7070
8111
6526
2288
6572
4493
7228
6388
4943
9925
7334
979
3978
2035
6124
5377
3117
3688
4637
5084
764
6539
4976
1895
9718
4760
1821
493
7237
4430
1105
3307
10717
2090
4986
3150
792
2556
9695
8177
6568
4136
6249
6938
871
4030
278
4921
6991
880
7054
3960
7917
4813
4403
2240
3899
9498
5918
4597
3804
7346
7950
3349
4747
9388
6827
1966
7240
4077
6651
22
3126
2725
5348
8461
2562
5383
5234
797
6198
7405
936
5354
4694
2706
95
9305
4896
1935
2395
9448
6128
2936
5912
3652
8070
6779
10038
4517
6106
6250
4583
5325
9204
4112
6096
9485
4914
5913
6045
5318
3607
7009
5471
2095
1417
6244
9136
1202
4815
7571
6593
1122
7862
2875
2057
8022
6129
9602
9794
679
6544
4695
6321
6968
2307
2126
1687
7847
4658
248
2486
769
4574
4623
3547
5296
5592
2636
1988
3522
8652
10087
2505
4522
8673
2595
6536
747
8556
9799
1775
2428
4429
10106
4565
9997
4293
7033
6563
9787
5291
5449
4382
4970
9523
6087
9748
2086
1144
7903
4829
6132
3369
1495
7253
8000
7735
3311
5445
2310
6291
3166
10634
8014
2734
2809
446
8491
152
10418
8244
9846
10640
9566
2450
2559
3190
7849
10519
5643
4973
8121
4957
2354
1846
5441
428
10407
456
3504
1415
2476
4282
1774
8833
5467
4047
2534
3397
3100
8639
7177
6424
8856
10557
5989
1689
7524
7623
875
5504
10438
4705
6554
5699
870
10329
6804
218
1322
2872
10500
3658
690
755
4979
7161
877
1135
5960
1008
6239
3813
8139
5662
7201
3797
9449
591
784
6965
6801
4667
6807
6446
5615
705
6496
393
4691
9617
10565
8716
2804
6210
3567
1114
8274
1174
1768
8315
9183
5565
5138
9065
7944
9488
10621
2678
7389
2498
8238
9452
1400
9495
8557
468
6524
5195
6264
8203
9056
9596
1073
8228
1070
4372
2001
5290
9432
3587
7335
8124
5059
2384
3193
2217
8219
1280
6672
1755
7980
1214
8912
2840
10566
7233
6272
3228
3810
6368
787
3151
9357
8563
7376
7371
8473
3841
5330
8778
10401
6700
4389
899
4508
6961
4803
1930
4142
306
1079
1283
9949
10707
3348
7097
966
2385
2839
9563
8183
3366
10510
2015
8303
1589
8771
4624
8020
8371
9670
10595
7396
5963
2693
3733
3754
9110
339
3368
8282
478
9333
10360
126
1250
1644
8137
7794
6274
10098
4468
846
6927
5048
633
1219
8295
624
3406
7526
1822
1051
5464
5062
5394
4950
6634
9704
4507
7325
4620
1657
10222
2550
2253
7576
10702
610
2287
3763
4240
9499
6911
4174
2002
8237
9196
745
5822
3740
6644
2098
9531
8865
3997
9177
490
3927
3341
771
5237
614
4424
1737
7754
4411
6542
4149
5788
7556
1787
9160
10322
805
4528
3403
4093
8789
1731
5458
2594
4858
1587
4616
733
6162
63
6843
927
10682
10124
9568
5279
1047
2650
4277
5427
3776
3
4304
4700
5873
1457
6740
5786
2374
1205
8455
1835
9509
9082
249
4884
5556
4147
6559
1074
2333
6284
449
7987
9721
5899
3822
7594
9543
10104
7076
5109
6480
3566
10043
2624
9664
4367
10636
5450
6732
3278
3234
6054
929
9427
5659
2986
3201
7701
3002
9853
7293
2275
254
4175
1335
9816
2231
10308
612
10480
1513
2506
4416
6477
8864
7434
818
4320
6302
3778
8524
741
1783
4577
9676
7852
727
6115
7018
7519
10354
6821
2849
10044
5630
6052
8341
2039
3501
9782
4082
9551
2158
5049
1453
387
7433
7205
4689
1608
10372
3643
431
44
2951
9165
10516
17
7695
9302
4395
5144
4192
1172
4844
4354
7427
4510
2283
7004
959
8889
7601
2166
8974
9606
737
9500
2070
560
7488
930
6760
1705
3710
8465
2735
1923
460
6414
6172
7870
423
1525
2620
6706
9936
9784
3836
7067
5692
6149
9863
4296
6189
7919
3472
1908
5748
6221
5734
5302
2132
350
10405
7729
10704
7083
3727
6078
4741
9494
9296
2695
8768
3557
10638
8182
10379
4799
2044
5163
8162
4236
7230
2600
2835
1800
3219
2965
3965
7119
3387
10297
3907
3162
216
10020
6776
4210
4035
3180
8168
5126
6750
10392
9254
1663
2768
1483
5639
2495
4098
3227
7580
9439
2544
6315
2738
7557
4465
10267
3134
9060
3549
6909
7615
9241
9418
3281
7560
8252
703
7985
6579
8478
6235
934
6484
4219
8746
6970
2576
4818
527
1097
1471
290
7520
1032
1864
9559
1007
16
4835
5072
2091
10347
10146
6433
5663
7012
2850
8527
4206
7563
7887
1002
8004
2897
4466
4074
8586
5360
3661
3636
7046
4010
10233
3344
1182
7158
4579
8559
398
6891
5396
1861
5638
3887
9732
5780
2106
2690
6960
162
5058
103
736
2364
9542
5552
4911
3393
7535
812
4693
6705
2536
376
5645
7685
5864
5132
4064
4330
3161
1048
3911
5865
6352
8601
746
10509
7127
2355
9228
6562
6871
46
4475
8930
9995
5214
3699
2819
4778
7321
289
8922
2426
1286
7549
851
6037
9197
3987
2799
8389
4446
7764
9825
7800
1078
8117
9143
8737
4195
5391
9256
6830
5957
5558
10321
5760
3286
1075
233
5370
8719
3235
3340
6975
3065
7472
2610
7221
3262
1785
8722
3473
10327
2146
10440
2993
2250
1222
10021
7988
6637
958
1590
8294
439
5901
228
10055
7227
6367
10089
10311
9975
4484
6673
4026
9015
10598
9290
10342
7270
589
1151
10122
1265
9180
1989
2625
8451
9030
49
3178
2157
1919
3719
9375
4606
5768
2262
544
6103
8234
1361
9759
6867
8507
4895
1390
1387
5185
2112
5959
10313
4439
10337
4575
7451
6095
2010
957
1744
6014
2722
4839
10287
8271
8826
9153
4423
10341
2304
1184
1734
4787
9008
9741
850
9369
7380
1909
7757
8626
847
2440
8545
2437
7970
1268
3053
462
9677
9791
2820
10105
859
2228
3758
1611
5204
1847
9636
3989
7716
2284
4054
785
8941
10066
2029
513
8476
5767
1359
5250
7047
3869
5483
5276
911
10
2794
8503
4094
4672
1514
8083
8828
1173
3777
9122
1189
830
6183
5933
440
7323
6808
6785
7663
427
6253
7414
2992
3188
8114
1882
712
9095
6780
371
234
7089
861
7718
9625
2200
4523
4901
9700
9112
10501
2609
6229
82
6896
8463
8583
3125
3570
992
5254
6467
6987
716
8442
2190
6150
8853
10356
885
9169
4169
7769
8698
58
4838
6917
9493
9198
1460
2423
7495
3383
9131
3847
1955
2890
7522
3032
7322
4882
9429
6953
8269
7238
8356
5380
1385
754
185
8683
2031
1820
3492
1714
3664
10269
9255
9173
7011
8708
582
2688
3964
1308
1913
1185
8741
1408
9982
1582
5932
10588
4005
4167
9679
4971
2156
4639
4584
4157
1556
5002
1398
2030
10514
5137
5835
2376
8036
4849
7283
8354
3883
2014
5298
973
1331
2868
5588
10001
492
5216
918
10393
69
3630
4402
9830
9512
2916
7963
5438
4516
6457
7666
2092
2320
4905
7037
9428
1893
1381
8377
4996
10580
9420
2660
1315
5603
9705
1040
7511
4338
3845
2338
9335
10112
9142
164
3969
2750
4502
3195
7352
3934
4576
7935
4836
4069
10026
6578
3488
7388
3880
1883
3396
6802
9412
6525
9801
1533
3942
300
7915
1562
10662
7316
5868
2671
1886
4926
7410
8581
1293
528
4990
3266
10536
7551
4548
9986
9622
377
5988
7003
4241
825
1625
3210
8138
1924
5346
2305
6599
8352
10686
2593
5597
8879
1875
4474
2221
5156
9263
9185
8535
6142
4461
4036
6648
7824
8513
3304
8470
4598
8077
10550
5166
2264
3138
5856
8825
10611
4487
3824
7517
2120
10600
3619
6495
8414
4298
988
2800
7578
8407
4060
2647
3775
7819
537
3669
6733
9521
8218
573
5607
5459
4532
867
10576
5713
3415
4258
5368
3407
9474
6502
9480
2770
1841
9859
9972
5978
3515
5475
8452
9615
1294
6797
2696
6101
10335
1554
4504
2900
8266
10290
4297
3902
8763
9589
5065
2797
10574
7636
3128
8851
10246
3514
9011
6231
7548
10404
331
3689
464
354
2613
9040
10477
9282
6710
1433
6862
35
363
2055
2089
9430
2453
6532
7152
4392
3796
5264
10095
641
3701
7785
6251
1168
3687
1782
4992
6498
175
10406
1843
8736
2147
9611
227
7659
6510
8872
6790
1061
4850
2880
3565
9572
8160
6322
9310
5694
9286
8536
3436
8299
9647
7268
5983
5484
8055
3913
6621
5123
8663
10306
619
3312
7044
4530
7404
3691
167
9814
10041
5812
5927
274
1228
3449
1264
9361
4003
4811
8030
10209
6550
2220
9532
4260
10265
7132
26
8802
10499
7273
2501
6708
10171
6922
8857
1536
5649
3844
2940
8093
596
10488
8327
5259
10349
333
3935
1746
997
1938
820
5404
1948
3655
3230
4852
1708
3171
7914
9719
8308
1356
6813
8675
208
2736
6462
2616
2084
8642
1973
8034
6866
9004
5530
1793
9359
6745
4426
7360
7275
6996
1426
9132
3130
6920
1446
10569
928
6265
5589
1981
9764
5877
7188
9242
9000
6817
8788
3657
3665
10594
3417
10153
3663
8907
551
6845
3633
8343
282
8818
8038
9807
740
3354
6
6359
9135
8180
5197
3509
10333
8332
10374
8710
4406
2017
477
3033
1803
9587
2710
7441
9069
7865
8575
8324
4790
2525
5990
556
5654
8033
9905
7995
5338
2034
6800
7403
5740
2478
8587
8221
6295
3003
4985
781
8096
1036
3482
5105
5758
2882
5551
5702
5567
8664
8482
3456
1739
1055
2673
1492
1192
5397
4197
10533
7789
7341
1093
2603
4642
15
1891
7693
5136
3543
2245
8059
9715
644
2892
7383
7072
7713
6478
5164
6879
5011
4073
6026
4262
1640
1692
7550
4378
7454
8595
3622
6317
6411
9027
8031
10307
5416
534
5127
8755
7474
3508
6487
6840
7374
10667
6910
721
9918
1615
5257
6207
5806
9894
8509
5157
5175
10411
580
6630
7858
10684
6919
6236
9668
10179
7555
9405
10361
3747
6158
9003
3299
1452
7139
10542
4551
665
6826
9909
808
8593
1242
8874
3062
5495
8820
4610
6379
7338
3867
9091
2122
9789
10215
3049
1992
6476
7202
1809
10414
5283
10703
10472
4186
129
1447
10318
6370
768
10692
2487
9880
6926
9276
10025
10408
9421
1609
4897
1275
21
385
881
7444
8712
6581
7945
7673
1163
9576
8824
270
6375
5656
4889
7256
1089
684
8963
2599
1612
2712
91
7521
10643
178
1724
2771
8054
4936
5073
7198
5270
1468
5574
1970
2895
7223
2545
7667
4982
6333
8047
3372
1455
3095
10475
8392
4585
6853
10467
7082
8904
9476
3390
5273
2551
10397
2299
2169
6355
5982
7149
9812
2372
2314
5037
8420
7035
10063
8378
5666
7968
2823
7279
1461
399
968
2732
472
47
2528
5026
8611
5188
2475
2740
7553
2050
1867
2351
1866
6234
10675
9086
4819
3564
10635
9024
7844
10646
5369
3568
9584
2060
3316
1370
8562
3930
4820
7901
2971
480
5620
6819
4412
8246
4682
3623
2281
1068
3426
4904
9353
3709
3641
4704
4891
6168
8140
5661
3242
3885
1833
4794
3954
10268
2928
4506
585
2488
10584
3774
634
9709
10123
817
5196
2433
10244
72
9220
1229
10002
8835
10315
10102
2397
6247
2445
1580
2282
6640
2821
3957
7971
9833
10552
2923
3221
10446
3590
259
10119
4713
6303
9933
3240
3336
10224
9867
8808
8486
10255
268
786
10172
8454
7931
5226
523
7370
325
7213
4626
4285
1130
189
212
3812
1816
5178
4109
3254
7595
6418
7108
9309
7863
9959
9358
6419
10474
1607
6889
8109
9893
8899
6838
316
5418
10561
7086
6748
9727
5070
1056
9059
2343
2369
1949
1435
2806
2785
1420
5870
5533
3746
5103
10364
5948
704
7471
2598
606
4470
5386
7311
8713
9400
121
6041
5312
10633
3554
5426
10326
10325
2617
5053
10158
1642
6641
6093
9096
9973
8985
991
4208
2496
9562
5174
4750
7485
9938
7164
165
7642
10441
50
3682
3186
8822
2347
7120
7428
9320
8153
10272
4547
6192
4732
4353
7977
1956
9417
8339
8784
9537
4570
4512
9020
6517
8072
7107
963
8018
8207
2596
2340
4769
1957
3452
3877
5102
9447
10614
1716
3185
1550
84
7038
8323
4767
2537
1411
1671
8757
8092
8261
7443
735
5230
4460
4146
8616
1304
4160
640
1206
1934
7186
9515
3046
51
4332
9243
10014
9929
9472
3744
1477
8634
4924
9035
2684
6022
9888
3027
8724
3342
9511
622
1722
6459
4593
7635
8687
648
4116
2903
5879
9433
3231
7677
5677
5525
8558
4645
1942
8753
10606
6753
10663
176
1509
5969
8270
3950
8291
359
1425
3081
2268
7355
457
1631
10637
9045
3361
4945
3865
7533
1653
9278
7926
6781
2635
1253
1474
7892
5776
1801
5488
713
9502
726
6206
5211
7249
151
5013
3439
7277
4784
680
8585
1979
8508
9698
5891
9099
1711
1767
1194
5207
9599
7734
7091
9915
7545
5005
2429
8997
10463
8058
3660
7638
1231
6262
3110
4104
5372
2832
6098
7891
4261
5083
4006
4237
1305
3078
9725
1354
6140
2847
2553
501
9130
8684
1024
2201
10155
1382
3035
3329
8255
4680
9792
3722
3082
2652
6680
6978
8103
3603
6273
3879
6376
8156
5108
2838
4166
7994
6319
8201
6163
5696
3494
291
3726
7784
9739
2430
2772
93
3684
8887
4343
1094
3370
2790
8469
1313
7696
8052
7658
9608
1728
5203
2628
5892
453
9685
1557
7823
184
760
9940
5800
4385
7382
1735
8149
4159
10336
8921
2962
10193
2481
6718
5334
6213
2238
838
3589
6661
5345
618
3976
3601
8792
5813
5095
4252
4540
390
9155
9426
3168
5884
9828
2675
9603
3412
6197
661
10685
321
989
955
7773
3632
3132
9977
2775
8623
9857
7793
1583
10599
9844
1076
397
1502
651
8471
6679
4967
5826
7801
6683
9349
7176
2985
5410
9127
1018
8956
5646
9181
2527
4587
6646
5478
8548
6276
