6516
6831
8642
347
685
8506
7392
9318
9708
6725
4774
9661
169
1029
9925
1458
7181
9657
77
9107
3912
1816
2513
3730
6573
5236
8577
6026
8660
1019
9360
10208
7409
2641
468
10702
9079
5992
3341
10245
10306
2843
302
795
10649
8824
7327
5079
708
282
5788
7728
1644
10026
2745
1589
9910
4336
2115
256
3536
8386
5421
9419
8650
1540
3594
2041
8897
5888
8190
3809
3273
1131
488
261
8771
2170
7613
4957
2511
4238
5869
10706
9995
7969
2661
3139
8374
5107
8001
10475
5608
9756
1494
8137
7968
6476
5145
9452
10533
10168
225
2449
5113
5616
3462
4837
10079
5202
8377
3364
9169
3322
1608
6824
1017
3500
7019
10200
5255
4088
7036
3024
8545
5661
2378
1550
10690
1482
8036
7686
2879
3651
9617
8315
773
9733
4422
613
857
849
6323
8215
9339
772
532
1164
1286
2752
4542
4548
9683
4060
1065
5253
4485
3103
142
10313
10657
2003
7142
5357
9727
10321
1567
8276
4375
3756
9444
2681
1134
4621
570
8842
9234
5449
4888
5503
1947
3655
4538
1738
10450
7053
6776
3843
2256
2322
8649
688
10380
3717
10611
5691
28
1021
334
2319
8711
1411
4471
90
5244
8216
1222
8732
10511
1340
5894
6115
6185
3384
8968
2859
2068
1229
8988
3096
4446
435
10523
934
2023
1355
9749
2435
259
9874
3144
1501
1375
1584
4155
5257
7091
7199
3405
2948
4939
6098
4616
6496
2889
9518
410
9840
1212
4082
9769
7665
10302
1581
7871
7566
10285
7425
7876
4315
7183
8986
4089
1364
2064
5544
1930
361
10442
1238
3764
9223
110
10535
6564
4936
3761
6651
1823
2581
771
2984
4754
8107
1786
4830
1884
6231
7290
9737
3631
7808
9388
9362
2483
3235
6458
5034
3979
6379
10641
1121
9783
1545
3545
9870
3434
9097
2464
4885
2753
6041
6903
5928
6521
4462
2323
6896
7853
9404
1657
8357
9045
4396
10500
2798
5843
8414
391
9839
1085
3177
999
3309
7967
5911
5221
6243
8166
9646
779
9259
486
2755
3612
619
4763
1548
3312
5222
3088
5318
7633
8485
4179
9549
2809
8919
2845
5879
6469
1970
3151
6037
5625
5155
8990
8757
7069
6195
1028
3755
8793
4365
2950
9907
8502
1759
6240
8067
9519
2540
7783
445
8955
7040
7660
8048
264
5875
9363
4544
5995
3987
3164
10309
8042
10081
5674
4719
6260
5803
1046
10116
10221
10007
3072
10600
6785
3777
6426
5076
1133
7874
3108
1451
10184
8832
5522
3973
374
937
8369
5024
174
4904
631
9300
1767
10718
5324
7727
9647
5029
9801
8375
3466
6836
8309
6149
10207
5620
1143
8748
9614
5129
644
8957
4913
2404
563
1464
4363
6434
2074
1393
10595
2614
1843
2949
1399
6465
4017
9281
4486
5831
10046
3389
7886
2506
4264
7324
7064
2619
9266
5733
1793
5571
4780
1982
8195
351
146
692
7443
8153
3268
8966
75
9695
8115
2851
4066
444
1345
10473
10451
10091
9341
6044
6647
3823
5790
5170
6898
6384
1328
2981
5821
5532
1681
5500
116
1235
4785
6834
268
7506
2906
3901
9643
86
1468
2732
388
7402
4107
1321
7248
9719
8807
5799
74
599
4317
3153
7993
6787
4312
4224
3439
3162
5978
1602
1000
1969
3583
8747
6860
2108
2027
2707
5537
3790
9726
7093
8963
2243
7412
7487
7866
4744
8768
1475
2825
3288
4185
1367
2058
8965
4149
5199
9906
4809
7170
1734
5800
5513
5514
9497
7602
2016
907
3380
7617
6313
6749
3063
8244
3402
8469
1988
3658
3861
4960
3326
1349
7351
5938
10044
810
8242
4072
10145
10268
9400
1685
5578
1532
7572
10522
8139
4991
3677
7689
6935
7479
4236
9100
5924
9537
6116
1563
4147
5414
9021
1172
7836
6101
6931
4327
258
701
4967
1078
7339
3914
455
8123
1228
7272
8084
5078
8871
1690
5105
8514
6974
2166
4942
3734
10312
1262
9417
10049
2086
7416
1827
2833
9895
3412
9195
7695
4997
4211
9875
7977
3665
2153
855
3417
9533
7220
7891
2595
9480
4959
9459
9428
1541
6622
7881
5566
2525
9742
4181
10395
2729
1758
9194
318
967
7554
9208
7684
6324
4964
9618
3759
732
3347
10318
1178
537
10183
1002
9710
8626
880
10018
1570
3483
3884
627
5348
6910
3198
4195
1323
6884
4998
6960
6398
8875
1001
3275
7068
5698
5815
1417
10352
23
9386
814
3934
1301
8020
2930
8014
2009
9146
1010
9744
2873
149
8956
7812
2457
3290
4134
10331
472
7839
5386
2375
2677
7948
9593
44
8560
983
4464
7935
10188
5809
4113
8795
1653
2431
8269
4455
2193
2052
6761
9454
4398
4541
2804
5476
278
3218
6447
1478
5388
114
7752
6421
2516
4995
4042
118
8046
9156
3045
8880
8157
2782
4554
10421
1883
8864
10412
4465
10606
6934
6269
2154
9509
4229
2445
1394
7849
3725
7804
1975
4745
9728
6416
6348
7884
3917
6180
8356
221
4575
4625
3995
8925
7725
10662
6875
2990
2374
5132
7169
1537
637
9930
7994
9552
7311
10708
8051
7743
4047
5160
8749
5038
7144
10
4974
7568
2881
9058
7947
1258
1487
7672
3092
7980
1137
2340
9787
4570
6427
6024
757
8969
6747
2832
8169
7090
10634
6735
10679
3308
2342
2664
5272
4220
6804
1852
3724
3066
6307
3100
5606
9237
9767
6626
8017
4104
1194
2132
4293
2261
1267
856
2607
7673
8615
2411
8741
8982
4009
5970
2292
6156
6640
7171
927
1082
2329
7333
4285
3176
4889
729
3909
10196
10092
9150
657
10557
9114
5917
7502
4683
5229
9206
4879
5102
5575
8109
8479
10504
1427
3632
5332
5248
5242
7986
233
8610
10080
6136
1709
8249
7630
7057
7557
6138
1265
2448
6741
2320
3827
4623
8596
3791
7583
1107
7108
8830
3949
8833
5553
6648
8263
2366
10658
7786
1815
1280
4477
5208
1465
3875
5802
10157
4768
9014
9983
10205
7045
2590
3113
7384
2060
3940
2713
7581
10158
2176
5309
2784
5723
2710
6022
288
3653
7462
10404
3277
8593
7632
3798
8703
2055
470
1805
7928
1185
286
1948
10526
8765
9883
9331
4152
10065
8891
7018
3367
7381
2742
7910
5898
10165
7477
3922
2197
3017
5340
2978
9420
9374
5192
9713
5279
2527
2923
9410
8257
6369
6900
545
344
9583
8876
6146
6091
4909
989
2577
7614
156
9546
8907
10224
1783
2830
6153
9904
6372
8475
9757
10319
2286
10356
7683
9498
3690
2898
392
9214
6571
6607
6304
4307
8941
676
7741
1362
3150
864
2343
5367
9135
818
9398
4743
6726
1079
8342
10072
6874
9782
5393
2313
1483
9963
8652
5177
1564
4658
9677
2647
8951
9179
756
5411
3560
6187
1562
4242
960
3
7674
3119
681
8729
4519
5313
8601
7814
809
9586
8625
2940
3953
4473
9653
9431
4646
66
1565
4835
4979
9393
9603
9174
5695
3996
10174
7621
6262
3911
10418
489
7066
4597
5030
7163
4044
2455
47
3284
2152
2215
1445
753
6066
3298
3541
597
5677
9980
5652
8567
8877
10334
1437
364
4333
1217
7162
24
2169
5191
5770
1242
4866
7116
5976
1027
860
5913
6355
4493
3393
6235
3178
2842
9010
5947
84
2273
7127
10435
10496
7971
7355
5176
10027
6132
4977
5555
368
8470
9285
7699
3561
5534
2220
5301
9202
8176
2599
8935
10548
9613
4574
7744
6353
10642
10300
7625
6249
2533
4090
4310
10428
7528
8060
4389
483
3362
6671
9052
8781
8820
5680
7343
7671
2956
9122
924
8619
3657
5623
1905
2289
7989
817
8361
2033
330
7422
6283
8232
8105
7589
5627
4428
4585
5189
8132
3682
7713
7702
6197
8110
10194
1216
7135
2865
4855
4779
1774
5726
2813
9560
1522
8312
7893
5460
8198
9716
7224
196
3184
8476
3994
8978
6577
4067
1446
7541
2185
1665
5027
2676
5808
1016
5919
249
8600
7301
7661
5400
1169
7475
2412
1652
2254
2728
1331
229
5321
158
7004
6424
664
5213
7386
8550
8501
6407
9022
5747
3607
7210
2611
6097
4222
4510
3947
7698
6633
1392
8663
1433
9272
8254
4159
6779
5646
822
10524
5104
7748
2026
9209
4124
8125
2917
9680
1701
2793
7995
8954
4973
10368
3970
7044
6995
5844
244
27
192
1968
6499
7459
9063
7431
171
594
4421
10129
3904
10349
8273
3854
8902
8236
2270
10011
5565
6371
5501
7166
7003
2450
538
4355
2112
9048
3942
9221
2794
3768
6477
2360
7622
4057
2032
6600
908
2805
3241
3615
5032
829
1590
9802
9806
3948
6467
9734
10015
9600
2792
10424
620
8324
7942
1711
6659
6541
9070
3467
7965
8011
60
8659
7788
10085
6694
5585
475
6325
2826
1821
4962
8193
4097
313
9905
4198
8774
185
10218
4096
9112
5628
4722
3874
9705
7193
5342
4020
2120
3237
10112
9294
2428
1117
8531
3967
4362
5977
5430
2223
7611
925
9310
6038
9486
6193
3780
35
6356
7292
3208
3895
8697
5523
9645
200
725
4243
1404
5245
9829
5554
10140
10256
7749
2080
6374
7151
10311
9412
6879
1197
1890
8862
6979
6169
9748
10605
9934
7360
2988
9588
8816
1236
10073
8838
3815
1607
10390
8886
5439
9314
3808
10427
294
6125
6932
9890
7883
8731
8005
3057
9882
1233
4571
8323
8199
3925
1347
4359
3313
1498
8573
4239
5293
10588
306
2962
2557
5916
2604
2678
1995
6316
4919
640
9599
9849
9531
4895
874
4767
3977
8327
6412
8742
6584
2781
10643
8574
5355
1049
6908
375
6480
1499
7562
7219
5458
7312
5999
10397
2389
1858
9019
8287
5965
10527
10267
4209
3886
1764
3349
6948
2259
4356
2082
7253
3481
1784
10066
6148
4119
2482
7390
8865
2134
7310
1119
1861
1436
8792
5209
402
3124
3880
91
6488
5647
3015
5371
7670
71
432
190
5472
1104
5516
9693
5184
6777
3474
7293
2991
5827
4848
8253
10673
10574
4711
4304
5308
2304
3955
9016
9104
4458
280
209
4294
1560
5466
2213
5432
647
7983
7492
9416
242
7801
5775
4943
10236
4864
770
2717
6611
9220
6413
7241
8740
5090
919
7269
471
9954
2953
9932
7569
6933
322
5442
2363
1620
9815
3070
2617
542
8724
2860
1627
5773
8905
314
10089
9144
6464
10103
4773
5174
3935
1043
2598
9262
6309
5278
5760
6122
5761
9899
10347
9771
6982
7226
8163
7451
3750
6241
1408
10093
10056
9556
1279
7464
4908
451
5636
8089
6594
237
5099
6844
4978
2050
2815
5097
5937
6208
8691
2550
3291
7750
10422
4374
5637
6363
3012
8671
10346
7395
7564
2567
7050
188
6198
5480
3794
8081
9084
10562
9948
3039
7111
2601
2679
5512
4058
7740
8938
7524
4769
1588
3674
7408
9306
9430
3890
5153
2939
3765
5846
6620
8173
9970
3712
861
3698
8237
2512
8076
3960
6637
4425
443
7257
1284
9785
10540
4666
3225
8949
7055
10296
6986
9774
7474
801
4938
1999
5390
1300
6601
7094
355
4116
6300
2959
4561
3413
824
3007
3010
1441
2330
6259
4481
9078
4161
7534
10531
3379
1166
2203
2639
10030
6142
1649
5484
7411
10583
7439
9794
872
352
3400
2091
2444
4663
10477
5437
96
5298
7777
8512
7491
1873
8579
4438
5582
2490
10240
10370
8580
1184
3578
4707
3217
5409
6904
6242
8495
8694
1773
9432
5172
7992
57
5344
8326
1310
5384
10441
5422
4325
4989
3221
113
3305
1428
41
9373
1318
3459
8222
7030
179
1116
1954
6658
8204
8797
6160
58
1205
4859
8819
1041
3040
10482
1985
9541
4915
8850
8447
10398
10655
1206
4400
2163
4429
4807
10585
1469
8316
3406
7811
3157
3701
5981
1122
6435
972
7121
281
6501
3112
5874
3669
9664
1030
323
5289
3444
2441
4406
4498
6451
2335
8448
5515
6603
2063
9709
3138
9778
1876
10016
3385
5376
9908
3080
2296
3863
9973
3939
7793
7489
1398
9833
499
966
10317
8454
886
10111
1964
607
4204
4232
1762
4873
89
9955
2824
2470
5188
1351
2629
913
7261
8250
3391
9050
3896
780
6771
7555
9966
2102
10653
1542
385
2101
4490
303
9003
240
3683
2456
1826
308
5719
8444
6268
9750
8437
1837
7476
2480
3233
389
7132
4423
7887
6688
2627
6821
715
9808
10180
3644
2232
9763
8078
6842
9403
2740
4110
9264
2084
10284
3902
5198
3716
2010
7478
8170
3579
1551
4887
2966
6387
1377
2508
8424
6166
4669
5954
9320
6967
3311
4128
5226
10613
3968
6400
1259
115
3360
4114
5705
9508
4468
5497
9068
9394
2006
4348
2944
3337
3396
4753
2888
7052
2131
227
1863
1586
8117
2090
119
7685
8162
9671
1740
4061
7641
1213
10229
8526
10436
3044
1224
1585
5613
1244
9329
4214
212
1571
6489
5016
5469
469
7507
4316
5657
4148
7188
7823
1033
4295
7296
9666
8636
10547
6679
8171
1341
80
3656
5068
3506
5756
3256
1875
2670
9255
5963
3548
3031
487
2469
10239
1075
8451
5106
6530
7154
3343
7033
9338
1941
10468
1623
4596
910
10057
9799
1935
1703
4931
10452
197
6274
6722
2225
5216
4437
4397
6279
4018
9038
7828
3867
5830
184
186
230
7848
6861
4814
1609
4289
199
1261
7273
2700
10225
2425
8726
3001
442
3332
10393
10358
735
2165
5290
3795
2706
6680
8844
5848
10037
10609
5897
10529
3085
1618
4559
6003
6791
5540
683
189
3905
6510
7291
1032
2779
1950
8590
2544
3584
7596
2946
903
2594
2182
7366
3296
10614
203
3801
10204
7867
401
5303
1820
9842
4590
9241
9177
2780
2660
7934
9644
3845
3410
7014
7521
744
7844
5765
956
1939
6107
10440
7270
2339
3879
10592
10250
2257
802
8521
8482
7071
7134
8079
5739
5832
2624
5776
3182
6730
2811
8462
3034
7160
5673
9157
6552
1012
8129
1798
3228
7821
2308
632
6987
1071
536
616
5450
5742
7013
617
7285
4230
7061
1035
8787
6672
6498
4556
10359
5478
10517
7774
8624
10134
2427
7499
4976
8015
2569
6318
2861
108
7347
1937
3123
4410
906
7558
1237
8821
4167
10714
10443
6352
2659
6025
10455
3265
7960
3587
9380
6368
1368
6088
2684
6715
2651
4131
1388
529
8049
4854
413
2424
4970
5328
932
3368
7498
3395
2202
2733
6483
1892
6981
7520
10416
4637
4531
5941
4708
5872
5922
9270
398
551
1431
3744
6714
7723
8998
1554
1272
231
5690
2364
1901
5854
178
1203
1688
9381
4323
1226
5190
3689
5263
3899
3637
1575
3245
2892
6433
2011
2812
1507
3061
2251
10021
6380
4480
8002
4372
1770
10338
384
10692
9027
9754
7168
5322
10654
9952
775
1517
2759
4288
9000
3436
4210
10498
10568
1234
1510
126
9919
411
8167
349
7826
2758
2683
1519
7482
6732
6731
646
8120
2787
900
1320
9561
7820
9885
10050
4825
9607
5901
4678
6782
5552
3981
1722
1153
3731
4274
2703
9267
8841
6028
8331
5498
10258
7020
5689
2287
4778
6533
333
4751
8999
1804
1874
6556
4492
5615
5805
7958
5715
5662
9704
5818
1422
7933
1725
7902
3726
2934
6553
3155
4686
1692
9795
3263
6103
9142
4549
3461
591
2730
4284
6562
4759
2637
5281
7926
5050
1374
8644
7266
8627
8786
580
6950
9457
4920
7080
3443
7624
6617
5284
1255
559
9947
9731
7235
10596
10004
5121
4174
10083
9573
3604
1973
10307
4572
6252
4823
10695
3307
9303
10640
5055
10060
383
4782
7738
6050
6273
5085
7337
217
3821
1093
5283
5614
10438
3464
9703
4388
6253
9488
8611
7006
1603
8265
320
5233
2985
10514
4150
5763
1525
5833
9099
9364
207
8380
8119
8866
10138
10461
5136
4401
7207
6517
3370
9685
9886
8575
5686
4723
2019
9273
1251
7780
8382
6712
10378
9697
878
4647
5200
7021
2062
8077
4334
9572
2827
4578
9689
6175
1745
2690
10262
4246
1256
823
6270
3084
7330
1663
3143
7469
9534
2610
7282
1087
5563
3097
2996
8280
10130
5737
1201
6012
4265
1356
1373
9040
6029
6959
9030
765
7342
7501
7927
2818
1800
8758
4533
10639
5307
6333
9924
7117
4840
3537
8714
10169
7628
1587
10282
6595
5701
3115
786
222
2500
3719
1168
3702
9395
5067
6094
10104
5665
4569
3559
204
1439
10029
9674
8398
9765
1849
4502
4469
9746
2914
10409
5009
4303
9437
2630
654
1369
9520
4917
3378
2749
9343
2183
3757
7086
835
1188
210
7407
4156
356
4074
2551
3741
8032
7920
4200
6629
2488
4279
9968
8019
10505
4266
3747
492
10051
7754
2140
9309
2566
3894
10058
5150
10623
3433
8345
3938
6418
1147
3868
9168
10494
2518
7105
5852
7051
7553
5645
1900
7081
4791
2886
9878
4954
5087
8333
4987
8811
1370
6752
980
1307
7155
8973
5017
4829
863
10593
9414
2161
10276
8389
4746
8156
271
5256
9987
4684
5082
1976
3697
1787
8952
9226
9923
5252
5336
606
1413
1287
7099
10465
8303
9280
5118
4463
1979
1556
7027
100
6716
4925
5054
7705
3331
5907
362
332
7112
1281
8887
3336
8849
7678
7799
1838
2907
10283
5609
2829
2671
2556
9730
699
7394
1918
6897
785
1319
8931
1086
1666
10387
4648
3577
241
5651
1326
3964
6361
9578
9941
4986
8030
8895
10636
10243
3870
6608
6675
339
4219
7982
8201
10667
5633
9229
5746
965
3128
10213
8679
5681
4081
7
5586
952
3071
9026
5028
1865
3645
6955
4534
2438
6126
7663
2022
9706
3254
6916
4675
9180
6638
7961
4258
7460
7575
9427
22
5356
8980
943
10449
8251
328
5477
6683
7374
2501
2468
6112
6171
6984
9263
3409
6664
10563
7518
2475
1841
5424
4010
890
9077
6457
5663
5065
3889
4494
8291
1182
7260
8449
2606
2788
2582
4507
5438
9745
3048
8921
7760
3285
1061
6718
9558
1034
8975
7504
8901
7640
370
125
9438
1899
10405
10709
5011
946
8702
10625
4367
4729
10400
2655
5510
600
6548
8818
6568
8536
239
10032
8227
3006
10135
6163
8908
2692
638
7361
4900
5133
5427
877
7106
4932
1832
5260
6406
159
7326
4062
8800
9950
9297
7576
778
6643
8128
6846
4403
2816
1661
5197
963
7299
4433
3754
10670
9020
5266
8344
988
2408
4557
2328
9868
6593
5375
1330
4748
9298
8566
1336
2123
1274
3700
3530
3945
3872
9357
8450
2563
2975
5007
3269
5899
9327
6092
1524
4698
789
6652
4545
1497
1912
8494
7945
6902
105
5634
10078
840
3770
10114
1962
9741
954
6430
5918
7028
6866
6473
9530
4664
679
1303
6545
6737
3345
10271
9896
1674
2772
7912
6703
2290
3222
9834
8429
3852
752
4852
6482
490
2979
4513
1058
7336
9353
1140
1580
1903
3576
8052
700
6506
939
7654
3282
6332
4861
9828
8063
7161
7645
4111
7925
10434
1869
2786
6989
4004
2461
8783
9088
10301
3965
10223
2031
6707
7294
1667
2014
2850
2167
1987
3662
9442
9516
8803
4426
5574
5781
2436
3148
707
5921
8124
7159
10541
380
791
9525
8568
8426
6697
4869
7860
5825
6868
10445
8071
1090
5791
9881
496
9739
5991
3328
3486
5823
3693
2954
3897
1993
10177
9197
1844
8266
3865
2083
2769
424
3013
4255
9945
6606
1924
9879
4799
10691
633
2638
307
3399
8188
5075
2434
10340
163
3915
7721
7858
3778
6558
4897
6713
8964
8274
6081
1916
6623
7348
5567
6311
4714
1448
5493
1247
3074
7658
1931
510
743
5980
8791
6450
4766
5319
6952
3959
5743
9443
7344
7974
6246
2318
3009
5834
8016
3149
3906
10607
2634
4413
2761
1925
6748
4622
9700
5341
6100
3294
9325
3213
4593
3327
1814
4697
6832
3733
6436
2406
3455
736
4732
2838
6069
10074
2856
7697
1592
713
9758
3242
549
7612
9597
6370
3477
5759
8446
1697
970
5320
6978
949
2960
6673
9230
4460
1772
2969
9041
6466
5417
4655
1555
6814
4805
522
3003
10308
7631
4445
4905
2520
1193
10295
8328
3556
145
9335
3272
6670
7532
7263
6702
8688
7041
4037
5037
7319
3855
6095
6585
3893
8165
1232
7813
6224
9729
3574
8570
9365
3688
10466
6964
5960
2386
7668
10638
7298
8621
4241
6813
6542
3441
10156
5789
5638
461
9086
2636
2381
4393
10203
5930
6282
5214
128
997
10403
7122
6578
3844
1781
10373
6403
1742
5241
3831
7999
7427
7810
4201
5123
6630
9608
8922
6625
10226
1582
4975
9117
3498
1223
1447
8898
3586
1637
466
7802
7397
4966
257
6957
6763
6405
8682
8519
5618
6454
6906
2295
1862
4439
2894
9841
350
6965
1023
8202
2589
5387
1920
10173
575
8643
8074
648
8896
3226
764
1221
4565
6936
2116
9521
9775
6419
1240
9067
109
2478
4846
4153
10161
5766
10095
10485
2118
5706
9328
4053
4614
1352
8453
10052
7084
5026
2523
2976
4820
2656
4080
512
3484
8851
1308
3454
6308
3954
4299
9192
2048
8511
6143
689
7140
10630
1157
982
9978
8609
5548
1123
3654
1698
7964
1748
1500
4320
8306
55
2831
9305
3478
4386
8848
2669
2535
2596
2217
576
4099
5839
1317
1750
1419
4839
5883
10162
2546
3858
8936
3227
9072
3093
3742
8279
2901
1808
8422
3999
6526
8070
5139
5842
6753
6565
3152
7325
7345
193
406
1386
7837
7139
9012
9276
9064
9513
9323
1830
9311
2044
1288
1752
584
1481
6036
5036
1780
9592
9851
6344
3340
10071
7001
1124
9655
1177
2205
7104
8583
5914
9517
8486
8746
8551
3274
7150
9759
6820
8910
4727
10549
4331
9665
2417
5402
92
7644
9732
9153
4324
5250
8940
5156
7115
10487
5708
5134
1100
2548
1083
7523
5440
6764
10374
372
806
2613
4536
4197
3476
5865
7038
6490
6583
1142
7825
205
9421
4192
9687
7424
5576
5649
6684
4968
4402
604
7350
3504
3671
8104
5572
8000
2393
9935
8294
4701
2029
10199
8478
8182
8091
2147
1836
6587
996
6828
3907
4668
5547
2045
2890
2771
3303
7766
7442
9753
7809
6802
6238
3193
4146
8223
7046
9279
10631
1539
1622
3672
8725
10084
8751
8553
8209
2705
14
1329
2133
1616
7415
3055
3553
5506
2645
10565
8409
9387
7341
1834
3408
3686
4282
9921
6646
5041
9495
4447
9254
6128
5338
3597
9422
4178
8029
6717
7383
1204
3611
8372
6597
8664
4050
8804
5116
8909
299
1775
49
206
7535
10448
1910
9776
1161
4935
7573
6023
543
8018
5468
3728
2541
4344
9170
2266
9474
1974
1014
7916
4551
8595
2920
868
10650
8756
5351
9277
2351
10458
5672
3359
2841
5648
3248
9344
3627
8701
9692
9390
8284
9485
312
10125
10263
5945
29
1151
985
6281
3685
6301
9326
4922
1297
4817
1264
6065
2420
6021
4311
9315
2042
9035
3592
6033
8709
103
7488
1066
7588
3038
6915
3668
1743
6481
2631
5295
7959
8760
8669
9225
8790
2021
6409
6345
1214
1273
941
10350
915
1765
2673
291
6399
6322
4420
8572
1860
758
5353
8354
3991
8900
1132
1799
3832
9976
8767
4221
6068
7184
9993
9379
2397
7973
7187
6843
5630
5624
8728
3008
3333
8662
8674
4208
6818
10426
1599
7896
7778
6005
4034
157
3779
8432
378
3141
3109
3590
992
10516
3846
930
3494
8184
6471
9075
1430
9539
7585
6277
4137
8329
5095
1628
5584
4762
2603
7267
7303
5045
2150
6230
213
3047
3985
5162
3758
3593
9475
706
5973
276
1292
3924
4599
2857
6328
1572
6550
2164
4613
642
9630
10704
3589
9622
5499
81
8277
5061
3348
745
2054
5853
7510
9032
3772
9526
6000
8798
3460
734
3424
10293
4251
7838
8487
4470
3618
9566
7463
2532
7536
226
6535
728
2281
2937
8068
7441
5640
9504
2157
8657
4188
6468
1245
1115
4665
2078
8565
7138
9028
3819
10191
3079
10382
52
7172
8136
1496
1208
12
6657
933
5392
3087
10108
1648
6219
2013
5824
6411
3255
2517
2808
6511
3142
4504
6574
2822
2036
1190
1186
4924
2891
9482
292
4777
2625
5451
9960
131
1835
2075
4628
1047
6397
6358
3802
7136
3675
8788
6135
3629
7059
8730
10062
4671
2368
2216
6742
9974
5878
6206
875
936
9579
4894
3543
666
3386
5793
3743
9972
2823
10192
9548
4688
4186
5025
6051
508
5709
9723
3978
346
1339
7309
2646
8777
3993
141
9011
5496
4984
721
6892
9777
5745
10137
7880
7747
8510
6930
7404
2858
7984
10355
1553
6011
8814
1299
1881
1162
1146
5410
6924
1109
5968
2924
3479
2264
8516
7023
1569
2346
6157
4804
5845
5258
5452
2922
5986
5962
2384
245
9005
6211
8348
5631
3030
3581
981
267
3161
1915
6733
5247
10088
6064
7629
6515
7047
6428
10457
5596
9358
625
5702
1155
10260
7152
9376
144
2126
5896
986
5434
5829
5910
5851
8713
9236
427
4112
1036
8698
7822
2495
9554
8916
10689
9313
9385
5143
6767
9159
70
8351
434
8586
6263
3472
1105
8548
4016
796
9762
1777
6034
5778
9499
1502
6700
8699
6806
2214
7648
9576
4184
6215
9231
6244
2957
9033
2180
9051
1053
7393
5115
9999
3936
7306
9770
5391
10497
9669
9448
623
7635
10459
558
7114
3681
917
10328
902
7008
2369
6299
269
3191
6609
327
7056
3666
10339
459
8419
4144
9
7539
7216
172
1218
4990
5288
1400
813
8186
5599
6288
1170
7209
7616
10384
10248
7815
2156
9943
3517
6320
4803
8065
31
10367
3551
4635
3623
2398
4552
1295
2305
9342
3971
5744
248
7277
673
948
1141
7255
2982
3748
9256
2714
16
8087
1672
8310
8689
6845
5704
315
8630
7322
482
136
5273
1060
6035
3091
7191
7662
6330
11
4369
353
705
5650
2345
6539
2148
3430
9004
10054
2196
7467
1956
5635
2806
7785
10153
7546
7878
5797
5644
3694
3570
9619
5527
106
9447
9324
5312
338
3018
6086
8917
2597
4136
2543
3557
5504
6865
10186
345
68
3549
7221
9463
8415
9982
783
8100
3751
2790
10439
3429
1354
2817
5416
9378
5860
1712
5868
478
10389
4207
9478
4065
8134
618
1679
601
7281
583
990
955
8670
9975
2718
6006
9140
366
3956
2350
7254
6275
9662
5130
4901
2119
641
1866
7526
4240
1485
8893
5517
9257
6851
2160
6076
5334
2359
250
8027
7903
3810
3834
8158
9563
1617
9243
7707
4950
7915
1728
8557
2537
720
2699
6123
6958
3558
9065
1371
4117
9433
1056
7088
10067
3077
310
6470
2968
4133
1211
4449
2980
1614
7580
1062
10120
797
5485
5811
9293
2486
5070
4695
7538
7637
10620
1535
4764
2416
8987
4033
3105
4540
3051
2206
3482
9271
4518
7594
2192
3174
2807
10127
5180
4177
3293
6841
2767
2640
2005
3310
6723
3788
8258
8230
4826
5990
548
381
3471
8815
2665
1523
9936
7406
748
9816
1847
4949
2693
8692
9707
914
274
10327
6503
5285
4499
9654
887
565
6531
2622
5735
6581
1638
4164
8888
603
8761
6549
2229
8025
5311
8641
1806
9852
4892
7308
10133
8920
5890
1025
8759
5755
7846
7906
4517
7414
5526
7364
3289
10515
2608
1597
9372
4361
1619
8144
6365
3490
7403
1629
6016
8578
7711
4691
0
4512
10348
54
6870
5617
6139
9235
9825
526
4430
3247
133
4078
10414
10179
2689
7734
2945
63
1173
717
8915
4733
6276
10001
5961
1717
9172
7895
10637
9894
1512
2244
2921
6662
3641
9149
2332
1127
3000
8977
3781
8932
2105
2802
3185
1839
447
9507
5774
4269
4833
4095
6612
6109
4724
5984
9568
8461
4958
2555
1721
2994
9055
1877
5302
6205
7176
3131
1089
6922
3281
1520
5819
6423
897
7843
6190
2467
5880
4503
502
1763
6513
3829
30
10693
790
6956
1365
8247
6504
8529
5882
6321
2618
2002
3102
9173
1316
1578
5046
8149
4937
1094
2085
8533
1302
7899
5610
7796
9659
5238
9034
1700
266
8106
1325
3373
3418
1489
4831
10646
544
6484
3961
6949
10597
7970
4314
4841
10150
1293
4132
8292
4758
3932
787
3527
8102
7807
6494
6619
651
2855
9824
1254
1337
7605
628
826
6555
820
4581
2127
10656
3988
4487
6505
6579
6746
2057
4972
6812
1683
2559
5381
8150
1693
6443
4260
2600
8995
9998
3976
399
6781
5335
2785
6222
4127
5296
4337
624
1406
5051
2620
5740
9009
7996
2018
951
9435
4760
5950
9095
1248
10377
5539
9702
1534
2778
9555
5086
10577
3785
6887
1655
9196
6768
9239
7252
1965
8355
2477
5519
7005
2280
1868
4983
9023
5653
3830
2510
1809
2916
5291
2395
5481
2385
7649
8782
9867
1719
8853
6071
9793
7382
9145
4092
2642
3465
3377
568
7009
10257
6239
4520
1879
1989
3059
8855
5246
7470
4921
8220
2276
2686
6927
3554
8035
8766
8719
6280
5863
3595
513
8622
3678
6014
4537
2935
7550
2724
9132
8971
4199
9460
3147
3211
2336
1527
5475
6121
7007
1508
2835
393
2911
6062
6654
9559
596
3840
4275
9838
3295
9535
8991
9233
9913
8034
6792
3414
4818
4981
4141
1081
8407
2951
3647
2137
5796
4441
5163
9105
2211
7682
10471
4713
579
5339
1209
2460
4332
761
5619
2503
2250
5275
8540
885
5446
1160
9965
5676
2725
3673
9835
2770
4345
8923
9312
645
2136
8695
2314
2226
5064
9291
615
7058
7890
9503
4115
1731
1544
5837
6789
3052
694
3002
3811
117
2306
10166
4040
10219
5193
1382
10519
3202
7438
4157
4143
4877
3817
8185
10038
5117
7716
5369
3302
8534
8463
8500
3005
1818
7323
3120
10591
8412
5169
2763
3789
9355
6191
9076
9158
7956
2272
2107
7505
4627
7854
3555
208
8175
3320
6709
301
284
9351
198
2591
10536
2111
2125
10587
9711
9545
10460
10124
5573
99
8498
1163
7371
7646
1647
8894
6255
7472
10193
6596
8918
3606
8472
4509
6366
8597
10107
4272
3316
527
5885
94
2437
2258
5231
8881
589
6728
7529
9167
6946
6272
3944
3535
2235
5073
7280
9057
10486
9616
6534
6147
5237
7192
7667
9540
7870
3353
2828
3680
5591
3667
587
3354
3356
3699
7944
9690
794
7075
8913
7710
476
9912
8402
8528
3224
5165
1091
6111
667
283
5021
2849
1324
10013
4491
1045
6134
10579
5748
4704
2522
7421
2252
6393
2875
10034
6878
8219
3190
4636
2872
8675
3207
3643
4550
916
2955
1268
8088
7035
5194
1181
2248
9204
3041
9628
9676
1882
6973
3133
1961
1908
1493
7242
8290
7975
9087
5428
1055
4025
1389
2208
9449
9738
218
6402
5060
5120
2970
10601
639
8373
1811
4741
2583
2173
9929
4546
3145
6429
7865
4162
4106
4792
9184
7126
6326
2279
4910
10251
3972
8591
1231
4884
7024
3695
5464
1559
3440
1625
2433
6710
8869
8926
2847
609
3927
9569
2100
3189
5325
1092
481
781
746
3355
9800
3014
6096
7118
4392
7940
10265
9059
9547
759
234
5988
5542
2309
6102
8928
3214
5568
9848
1695
5654
1891
4797
3171
5137
2187
247
3621
4290
1794
8504
1
5725
1106
8878
8683
1812
8632
8155
3325
4602
7806
1710
7722
3488
10070
5168
7201
9813
9160
8981
8281
7096
9621
8947
9162
5044
7650
9605
3230
8812
10437
1051
9301
6991
5738
8801
2926
4842
7229
6278
8390
9384
6495
1270
7012
275
5084
3519
1613
6042
6367
3792
10720
8604
4963
3962
3544
3081
6015
2344
3564
498
6228
807
2691
5694
7130
3351
2035
8912
10684
6114
8160
9006
7445
5771
8623
727
1829
8933
6487
9640
8953
2129
5798
4690
2178
155
7450
4245
2316
7432
7586
8547
6863
8483
1732
2902
2919
7128
5732
6119
9458
2008
3929
2547
463
6452
2
6523
10197
2212
3806
663
3921
5835
4121
7542
3192
4172
2893
6798
9596
5423
5926
2943
9302
10315
6557
8073
7513
10003
5550
2110
6544
1020
3338
2964
3706
4845
1872
4843
10383
3470
3099
803
5204
7552
6113
804
1198
1682
608
7888
5820
7795
4765
793
9110
10571
9147
726
4606
9039
5069
883
2942
7358
287
88
2442
3864
2234
3438
10682
4233
953
223
4046
6793
5212
5300
10333
10616
859
7413
1407
3691
3209
10489
9024
7200
9953
4122
7664
8213
7457
1911
8799
8033
42
10146
5383
9506
763
2880
8154
7862
59
5426
7165
9871
5431
8944
1333
1932
6183
6020
1914
6492
7437
8058
5979
7332
7079
7158
2274
2931
5108
431
4930
2502
7979
10719
8556
602
2695
1420
1385
1626
5902
8745
8138
9371
10491
1443
3620
9847
533
4123
871
154
1379
4163
2965
7913
9244
10336
6077
4775
5088
5656
3617
4577
8471
1998
9864
7377
1018
8050
5939
690
9911
4049
2739
5138
6394
1677
9803
1466
6855
5666
10626
10259
4380
9185
7549
6341
1077
6445
3869
6327
5131
4656
10379
10187
7466
9456
10159
9609
935
5810
9483
974
2079
5262
3407
2171
8341
858
4740
10512
9080
3140
3231
9810
5081
5757
6816
8191
9352
4633
10399
8492
7719
7334
2124
5019
8196
9216
3423
417
1724
7757
8040
7690
293
10551
6439
6210
2666
4702
3023
297
4824
3076
4036
718
6923
6085
5360
2530
1757
8009
8813
7197
4368
3737
5727
879
4642
550
1425
4381
5066
2092
1744
2333
4300
10710
7372
9917
5595
5349
6286
98
7609
5887
2198
2310
905
7077
7746
1024
581
6862
10411
4615
6151
9620
2662
5049
9415
5786
3062
4906
8243
10364
425
4798
4634
2188
9424
8376
2139
7693
1101
9163
7419
4298
5505
7791
4811
7113
5590
4953
5114
8846
6444
2088
5864
5710
8972
3270
4484
1391
1080
6690
1084
6509
6661
5772
5535
4985
2650
8238
5940
947
4867
5750
8739
10550
5671
7228
3329
2087
5669
6525
2912
2509
9831
9529
10492
7133
9861
10152
7593
440
2498
1927
4346
2174
10629
8395
7173
2649
3910
4680
224
4529
6858
4448
10246
6994
1855
3786
1044
7212
7215
8194
7338
5593
4019
8420
8098
3050
722
300
5100
2093
5958
5570
2570
8457
7636
6385
3983
6478
2326
5363
6420
2284
3350
8794
8752
5659
7709
423
4329
4444
8097
10666
1543
2402
8442
4709
8776
931
4790
7591
1492
5337
8022
4951
3122
9332
8720
10530
1713
3236
4168
695
6087
3257
8408
4941
3220
10661
1749
698
1792
4478
430
9118
8705
9562
2159
6905
4109
4259
10139
5629
4730
10322
5058
4495
8481
7420
8126
7180
7473
1334
8525
7775
5667
3773
336
1557
9155
7917
2657
10178
7759
3411
8340
9322
8879
6907
2899
10272
8362
4629
4982
7101
8335
6807
4227
6854
10341
1309
9837
5127
10479
6770
8368
3526
7295
3951
1054
7453
448
866
1102
1779
7278
6859
4700
422
1486
9183
1621
10369
10652
3878
561
4795
4926
4847
4070
3239
4558
2961
5871
8666
710
2554
6729
3856
8592
964
5329
9429
9487
7049
5299
5433
1114
10365
6719
2853
9455
4013
8423
6797
2783
3567
9651
2507
7189
3168
8404
7145
6939
6913
5754
7447
3032
7939
10126
9591
2754
7500
816
10509
2882
4735
9253
1011
511
5957
6796
5096
9631
8159
6167
3923
573
6808
4638
6319
2228
5588
2836
9735
8207
1723
5018
15
10215
3330
87
7938
8484
5043
8069
7543
10141
5158
852
2908
4624
6666
7954
3687
5935
9997
10154
7755
2795
2552
8313
5993
3525
3453
5972
4694
7732
9317
6947
9049
10559
9453
1042
7751
5612
6415
592
7149
7990
10712
6803
5736
6582
2466
3986
9494
480
6901
4946
4358
3799
7026
9091
2602
484
5420
10261
3078
6174
10000
5971
4404
1595
2081
5529
8438
3992
792
1471
7109
1260
7832
4988
595
10664
6118
5020
4196
2584
9989
10099
367
8585
8538
6008
1342
10281
8508
1831
6131
7234
5597
1098
5479
2065
4726
10584
3037
8228
4071
515
2440
3375
2615
4281
3898
2612
6894
9892
2578
7153
2423
6186
8808
403
1942
881
10469
2403
2497
7963
5751
3930
2067
6229
1358
10320
8006
10484
9269
285
1945
9127
519
10470
1958
6882
5154
7525
928
6104
8750
3369
5225
776
7666
6359
4969
2708
9143
5048
4583
2401
2138
10590
10324
3851
1741
4568
5956
279
9367
5455
6567
1680
10621
9682
8023
8678
5345
3710
8549
7985
3588
8735
9557
1158
8147
1070
9074
7565
2047
9289
7972
8456
3243
140
5997
950
4169
819
3900
4739
3111
1314
3610
4190
8629
7496
4108
1409
1171
9018
2773
4996
7131
4091
1148
7388
4100
9944
2560
8064
10490
10420
6137
4661
10344
10233
1996
8543
6757
6343
1429
7362
9211
1736
4387
3170
8942
7696
7456
8370
7533
760
7065
1694
8208
6214
6992
6213
3793
10681
5083
547
5443
6880
7102
2414
5915
6604
1191
5164
390
7761
3204
9678
1761
7863
6373
6408
5801
1689
6315
1817
635
8507
10537
5059
5089
7730
1960
2766
9210
1528
4659
1196
493
3841
7642
5741
2227
7726
7764
3933
709
7599
9544
10594
1917
4543
1566
1440
9740
10589
8283
7025
2704
335
3137
9724
4737
7608
4899
10430
10645
2230
6223
6520
1149
4893
8859
10113
9584
800
5091
1283
8718
4806
7042
6801
6401
4645
6867
9791
1714
8685
784
1992
9330
10014
2072
4934
10209
1175
10680
1026
5333
97
4643
8762
4353
9688
2388
7185
3287
10705
10628
2066
4592
7610
3065
4000
612
2407
1604
8334
4252
4849
4461
10227
6179
2863
76
9382
4528
5543
7227
321
4609
7742
7195
7223
6422
8736
8053
4287
9969
1636
8024
7070
8121
9250
2774
7011
5541
8055
7931
7495
9493
1490
8605
10675
10096
2453
4165
10576
8172
8996
6711
520
9136
454
1306
10444
8708
3352
5998
1889
8214
9109
1978
1949
8904
7829
697
5462
8581
3624
1928
7107
4073
938
578
1760
2349
1291
884
9369
7988
9258
7657
675
10354
2561
6724
6236
5135
2034
4292
6941
3468
3445
10361
2128
5949
6334
5518
6743
7468
9551
3635
7179
10087
400
10291
1514
5655
6382
2904
1886
167
2652
132
9550
4126
6895
2971
1632
7167
176
1771
6588
7943
4742
8012
1174
4253
8983
4248
2983
3086
7924
9873
7369
5364
503
2626
9246
6472
8515
4860
7429
7590
8522
5053
2837
2672
4340
6765
1312
9691
3943
2579
9268
5713
9094
6739
101
8883
8187
1591
6968
4271
8614
4432
3704
6706
2814
6493
3172
2585
4414
9536
4812
2043
9029
6962
7720
152
8353
6261
8648
3887
4383
6486
1434
6340
252
10495
329
2001
1895
4738
9626
2834
5492
8350
61
5605
6636
5521
6331
8231
7198
1579
4215
5814
8288
4705
7936
6769
6460
7032
6202
3713
7174
10244
3585
5435
5536
10686
5607
9354
1706
4883
6225
10198
8062
2764
4277
2995
6800
3602
2246
2334
6105
812
10287
2936
3727
265
9073
6390
5179
3458
4205
799
429
4226
3107
9764
5678
8867
10463
9496
4083
1596
9673
4770
9779
7978
53
4261
7842
477
6159
10343
4021
7352
2514
10599
9679
19
5206
5622
6395
8092
6349
6885
1219
5712
4902
3853
6598
4459
5703
3569
8392
9672
8229
6045
5753
10503
2803
838
7016
3292
10572
1470
8039
1167
10086
5688
4857
2632
5482
9148
5891
10304
882
10143
505
3582
1684
1241
8008
6918
656
3735
6004
4194
680
6013
2986
1635
3169
10602
1313
5243
1558
8856
8684
9821
6976
10566
4862
3394
2025
9043
7378
6019
2324
9893
4250
3692
6954
9755
5380
8094
5098
9604
8539
5908
9186
8707
5419
984
10372
1576
7691
4005
605
10685
8299
4567
5912
6292
2040
2061
5398
1611
8465
8056
1239
2685
3913
5461
6440
7656
5167
8616
3260
5489
4687
6543
749
2864
4506
4878
9781
5370
10220
3813
1854
5982
6615
8217
3528
5159
1561
5436
7790
10454
4206
7687
8133
6837
6560
1416
3229
9768
6212
10476
1266
1747
2722
10715
2989
10255
6751
554
7497
8827
2487
1031
3011
2275
5906
661
3511
6681
10231
2867
9296
3357
8513
2481
1730
3392
7307
25
3580
1449
4784
112
9061
2623
10481
7211
2392
7239
1037
9725
4595
841
9856
201
3491
6257
8929
354
7017
4154
6039
4371
438
3966
891
8559
8606
4566
2743
3049
6635
10325
5643
3835
9571
4980
6660
120
2791
6799
2680
3763
940
5373
1150
2285
9406
5787
9634
9752
9996
3388
3116
530
9383
3626
9178
2265
8428
4676
3188
7078
2909
1038
2299
9699
6911
5217
246
2399
7638
7430
7597
630
7509
2539
5696
10061
4579
4667
7074
10555
1646
8802
3877
4618
5395
3707
9850
9066
8598
2070
7875
9090
5350
5551
2141
8164
7619
5286
10005
5769
6682
191
6410
9044
2430
5228
5862
1552
733
1673
7143
1438
9218
5600
4653
5632
7559
2341
6524
7817
10122
3849
5407
8960
2719
8318
1480
4600
6983
10210
1327
10357
1290
3027
8200
1769
4682
9468
7247
3575
2146
6314
10019
2207
5557
9349
2056
7545
9854
3822
8524
6089
10401
8233
4496
7034
1007
9275
2263
2098
5456
3649
8503
2751
20
10136
7485
8282
10342
2012
3415
5717
5152
4610
2130
4031
10195
8661
7900
5487
5218
2302
1276
67
1040
8958
7601
9187
3252
2293
5366
7879
9321
4451
5687
6537
7204
3771
7706
2278
737
298
5352
421
2538
4928
5873
2194
10149
2221
5836
3703
6628
6049
892
3216
10017
1013
9151
3206
6893
8141
9284
4216
6351
2777
2172
1957
4516
2030
1893
8435
1110
5149
9747
1952
10069
569
6162
9274
10415
5942
8588
1346
2974
2355
8003
6267
577
2536
7389
6871
4171
10660
8738
6554
2932
10474
9203
6704
6199
9698
9524
2820
348
4045
3314
4384
10545
4105
3952
8245
9844
4160
2987
9575
10117
9228
8530
4651
1963
1189
2443
10391
4527
8467
4135
8255
1412
8634
2542
7950
8174
968
1776
3160
10604
1372
5305
10687
4681
5996
6485
220
4865
5454
10453
9176
2367
1630
10573
6727
3136
8734
6144
4262
6686
5670
3056
5964
10102
337
6996
8439
2848
987
6540
5196
751
10097
3238
305
5270
4961
7156
6303
8226
1754
8168
2380
6245
1410
7861
6972
6266
586
7515
4652
2004
6631
7600
9872
8505
1257
6152
3503
3437
8863
1598
415
5886
9120
8852
1715
2568
6404
8602
3736
10289
1953
7455
9215
4500
7835
2723
2698
9101
7712
1113
9089
418
9042
6750
9082
7679
6438
433
9334
5812
2929
5816
851
9426
7516
738
6937
6756
10410
9113
6705
3732
9333
10249
2240
5955
9988
1934
9660
9053
8364
8406
10366
10363
828
7522
10624
8754
10462
3095
825
739
5207
10615
5315
10360
9469
2915
1966
3448
1857
2109
1921
4391
6084
8308
4151
831
593
6414
7076
7373
6512
7452
10622
10181
1192
8796
3232
10598
5125
3787
4838
5379
10100
8934
7297
7129
2190
6618
8687
9553
8676
3219
1332
6678
1810
3797
1944
9717
8441
6108
2149
9308
9450
3616
1529
6347
8723
7268
555
3885
1894
2142
7449
2586
6441
2200
2993
8672
295
3613
8473
10167
3722
2789
8464
8430
1515
7246
1348
7966
4313
1639
4342
894
10506
235
3642
8680
7603
9251
386
6953
4364
7503
9637
678
1227
3324
3752
8211
747
1472
1387
1381
9409
7824
9481
7997
8817
7929
467
4335
123
8970
6032
1118
4868
8248
9514
4796
9154
2277
8976
9201
4376
10707
7855
6232
5012
4515
1668
8302
10006
8997
2422
10376
1802
4853
10699
7789
93
4993
6216
8608
7718
10241
162
889
8021
6453
8870
6698
38
6158
6920
9319
10182
5856
4094
7196
6852
1997
10164
9858
6082
901
3267
124
7981
143
6857
8651
95
5929
1285
2726
6641
4189
202
6827
6864
8246
5822
1531
408
8301
3127
6602
3181
1727
1111
5103
7387
7745
7561
500
7571
2558
3661
7289
9510
10335
5415
4776
4693
5227
6335
1594
7905
2352
6677
9121
2709
8854
10033
6689
6788
3518
7454
1015
450
497
10546
150
1442
1069
4479
2454
10508
5287
2715
7054
9366
1994
4069
7797
1671
909
2357
9165
4456
7461
4213
2747
3552
6810
8378
4176
5232
9434
10009
3833
2209
815
215
2760
8108
3361
535
8584
1972
10648
277
1484
3514
2122
4594
460
3908
8151
9477
5304
1645
6150
9188
10532
6106
10561
921
5441
9580
8131
7731
4696
214
4630
7551
1521
8823
6234
6161
2099
3194
2104
5181
1704
4604
9994
216
560
4532
9071
10413
3426
528
7119
674
1922
8337
836
2765
8038
9472
1943
4526
10578
6073
6963
4041
3603
9515
211
9814
4761
8321
6720
848
3121
10023
8338
6876
7120
2432
7827
6849
10713
8007
8400
5111
2237
7484
4064
5966
7380
5927
1737
8537
50
324
4576
1424
7724
8142
4786
3183
844
4677
8499
8099
3485
4834
2400
7357
3344
8690
1243
2866
8831
3871
957
3563
161
3175
379
9880
8427
4882
7898
10446
2451
9212
3118
8397
1796
3060
4789
2144
397
10371
2474
479
1444
7772
4030
8493
4249
7850
2762
2472
6754
4591
8939
9649
9538
6233
10582
9585
1906
6795
9615
6819
9199
9796
3705
9375
3073
3496
7941
8628
3366
5004
2312
1210
2114
3540
6569
3941
8993
3264
8322
4130
5758
7784
5023
2479
9128
6570
4350
3280
5408
4947
4940
10419
8721
1733
7231
1726
7039
6988
10264
5141
3167
691
10618
9103
8763
3783
5729
4328
3427
9843
10105
1335
1405
572
3676
5178
10053
2992
8452
2496
10701
7831
9175
9903
4929
4330
6975
2735
8780
3804
3566
5697
10201
373
7396
7256
626
9922
9805
1039
7753
4024
7530
5203
9125
2674
10045
2874
9942
175
3596
3600
9636
7582
4450
1453
540
6386
5235
5473
912
6226
1940
3873
8631
8286
9590
1853
9501
5240
5817
1064
7834
5893
3839
4003
6360
711
9232
8181
9418
3918
4166
2297
9766
8205
6030
5151
8240
9786
3463
3883
4038
8122
662
1946
977
8874
1152
7840
8599
340
5892
7249
1401
5909
7222
4903
3501
2720
10190
9036
3404
9743
7770
8563
4142
3381
4654
1720
7175
4716
3746
2694
6850
1298
9670
1246
5389
1659
5094
4999
5716
9819
7448
8717
8613
7512
1296
4218
7951
5785
8013
3442
585
6376
3134
4026
5323
6990
177
2053
4699
7043
4749
319
7669
3447
1129
6461
1923
1729
614
4644
1154
3279
7567
5587
6999
18
1072
8847
6140
5728
7353
8059
6002
7157
9625
137
46
643
8603
6475
5783
2268
959
2885
4952
8822
922
3205
9611
9567
9714
7653
5933
4875
9624
3568
2868
4611
9096
2748
5562
3382
5718
714
3982
3129
4523
8221
4488
1577
847
2869
1782
127
1687
2565
6613
396
5668
7458
8825
168
8840
309
2446
9949
7949
3403
7937
995
6839
5119
10501
2999
2113
7919
7465
6589
7627
9129
6551
2426
853
3739
2846
8256
3420
1669
1790
9720
2796
111
7659
5486
6572
10674
4093
1095
4535
102
3432
2291
2145
1846
660
5700
3796
9937
1159
1048
1955
8045
7762
7217
8884
5490
3652
3931
3035
9189
4955
34
316
1699
7904
4257
1477
5002
8654
9627
3625
7932
8307
2376
5792
2421
1005
219
8381
2925
6437
811
4014
5494
3836
8278
524
4916
9543
3946
712
8305
51
1878
10633
9290
3622
5682
961
7300
5524
2405
9869
6291
2903
4564
2245
3767
4717
10659
10172
9224
5343
4183
9761
9809
5707
9001
296
6017
6497
8532
7029
10068
8413
4965
805
2162
9928
3321
9939
4851
973
2776
5525
2233
7845
7771
2028
5230
7426
9979
1676
2103
5923
5944
10472
5187
6491
9789
9887
4522
10408
236
8234
2473
588
1130
5877
3608
9822
5859
4923
716
9784
1200
1867
564
7869
2545
4736
7911
2997
9898
8961
9820
1504
8737
3646
9817
5406
7446
10581
2311
4043
2756
7205
8677
5967
2260
1664
5314
7914
8300
4657
8085
2900
4283
9511
553
3975
7652
4603
788
2094
10042
3888
5185
2492
7768
8772
1455
2354
2327
4366
10212
979
6734
7072
4948
4489
10274
3286
290
9083
1547
5010
9967
5374
10447
2247
507
10234
3508
10538
4395
9889
3323
6297
5122
10610
7480
6938
8889
6667
2271
6997
574
7570
8927
9491
6527
7782
1383
6247
5943
7800
3663
1913
8431
1462
7604
9946
9007
1707
4138
6204
10176
4349
7264
7436
2191
6364
7238
8805
270
3828
7991
437
9461
4793
6519
2020
1456
4012
2391
1967
10043
10059
9532
10039
3319
10144
10330
4341
4827
3125
4971
21
10238
7715
2799
6929
4087
2362
5157
4002
5855
8330
6218
1126
865
3271
9191
9823
6848
7000
8096
3376
130
8571
5693
975
138
5559
10542
8755
7803
6145
9804
2721
1088
2307
9015
3126
8835
6546
1851
8924
8130
6840
9490
6627
6388
3715
5144
10543
2668
10663
6575
6909
5545
5062
9859
7579
7819
473
9037
7002
2168
755
7208
6181
7805
4992
777
8558
6090
2549
9467
8044
6591
5109
1755
7704
180
5626
6010
4819
677
2746
9492
3838
139
5598
5806
5895
465
4720
1640
833
8775
8239
5782
7962
129
9347
4505
4360
7508
2377
552
3053
420
3650
8668
2947
1230
1220
2325
1112
10560
4689
10544
37
441
6822
4945
9047
9085
2383
2750
8523
5396
4639
7190
1766
598
8180
2524
6449
5175
1789
10214
4530
7471
4863
3489
5900
6833
1183
5148
10632
6294
4390
5330
655
6921
7517
2580
6507
6120
254
1897
774
9465
6740
4605
8541
10386
4573
9377
8396
5858
1871
7735
7700
3374
4440
1097
7225
3315
3628
6656
6784
5317
7123
8704
7087
458
3497
1959
6338
9736
6883
7655
6057
9826
2553
9656
10417
1415
7763
3539
7787
8491
7714
9962
4223
1363
3876
1926
6007
9484
7708
6312
3089
2529
2269
1432
5294
7363
10394
2505
2958
6127
9152
2526
6691
3346
7274
7922
426
1936
9119
9182
4278
6881
7304
10326
10147
7560
5057
1615
5840
7376
3524
7623
4385
5457
5752
8882
4956
10031
2077
6251
7556
2459
7885
8967
8252
4692
8554
7677
10332
1986
464
9115
7540
3937
8066
2757
3106
8706
2458
1282
6826
1887
2499
10206
5268
2952
1426
10337
798
1549
8828
4772
4626
8542
8868
9126
8460
182
2682
9991
2484
9926
9623
6502
194
2592
3510
4032
9648
5734
8639
5047
8148
9772
4175
3251
3104
9441
2702
3210
6203
3159
8836
1253
7206
7739
9102
6046
9612
6075
5259
3520
1195
326
10090
9527
3708
8562
457
9931
6302
8753
1568
8700
7511
6194
6425
2465
2303
7773
5166
5471
6067
8366
1842
3660
523
8083
4874
8385
9413
8834
6649
4907
3825
7882
1103
5372
151
8770
10627
6417
5556
6
6914
3507
5346
4321
5110
4539
682
9141
2493
2737
7178
13
5265
4555
5251
5412
7258
8594
541
3714
4631
4354
3083
834
2887
6290
6357
5502
10294
3502
5264
582
10279
7483
6256
1378
1423
4620
5903
5777
2175
5467
10502
9663
5040
8289
7901
3004
1350
8496
4474
10151
5664
994
2219
2696
5813
4612
2797
8906
2097
6056
2249
9134
1250
4101
9278
4454
6217
6001
5847
2648
7349
10171
3818
821
8518
730
5056
7346
3847
1651
1650
9245
742
4918
2941
842
4191
3253
8544
6830
652
3166
768
9466
7676
181
8101
5223
929
3425
10683
10407
9238
10510
10521
1305
3916
2731
3446
5925
10175
8031
4268
1516
10082
9639
8152
6663
2878
3573
3605
8440
2300
10353
4427
5920
7083
562
9346
6926
1662
3383
4254
10488
253
1739
6538
1828
1801
9407
4844
7857
2687
10539
5006
7930
8367
3244
2218
6391
4407
64
7733
5558
5033
3980
7287
7701
10131
4755
1904
9836
9523
7587
3135
4217
7607
5531
5418
8899
3709
1395
2895
1705
1294
3738
439
6446
4075
6755
1803
8618
10669
2038
6790
1797
3749
5074
9565
10525
621
3920
1506
6829
436
1450
82
1785
8658
147
7097
5003
495
8458
6254
7620
6346
843
10235
3684
5254
10189
3101
6566
5989
1096
6873
5182
4011
4399
9938
5292
9137
1601
8272
6173
238
5611
8285
8004
5601
7527
3449
1696
669
2531
371
5140
6078
3926
1073
4273
9017
5724
9505
1067
8197
7595
5463
10063
7675
4650
6943
9958
808
2255
8010
5994
9222
556
8710
10569
6117
33
10247
9721
10647
4357
4475
7359
5951
3598
2447
2896
6692
8589
6758
9471
9602
6383
6676
5173
782
10077
696
6083
2410
8769
6701
3639
5530
5267
10040
5889
1526
9479
5211
4370
5857
2741
7592
9985
9891
9807
6031
6945
7643
8043
7765
6053
4322
8401
1380
7833
2491
3318
4718
5035
1898
7244
2609
5397
4896
2768
5448
2241
376
10064
9681
7063
7598
9959
2653
6778
9397
4580
3998
893
1145
5685
9658
5642
769
5561
514
659
4563
6514
3630
8789
1397
8552
7085
8490
1076
5239
1503
9056
10676
7124
2024
7398
8943
1991
4553
1990
1819
10305
10362
6655
4302
4588
7082
3814
9542
8359
1678
4412
1813
8785
4822
10608
4801
6759
3306
1136
4435
7125
7279
10703
4309
6237
8349
5234
3110
724
9860
5261
272
8411
3033
8403
39
10123
6354
6164
5699
3711
9812
5195
6890
5001
6248
3156
3523
3098
7781
571
4059
7284
3550
9451
6775
6919
9240
6009
750
3784
9489
4721
6762
832
10101
1495
2452
2000
3538
6563
5377
6329
9606
7737
9897
2905
5804
4048
6847
4944
7433
494
369
10518
1654
7841
10425
8103
3154
1546
419
4015
195
896
2222
8857
5975
4467
3019
4086
10106
7798
9916
4180
8218
5905
7987
3565
6220
1938
4858
8806
5031
10109
5508
2821
3591
4301
1289
6980
4601
3114
9951
9370
1643
7639
1376
9594
516
8489
7177
4514
5394
9964
8425
85
3532
5220
8945
6018
8336
8890
6337
9193
5577
3969
8270
1120
4408
485
4821
8743
8645
10617
5731
2967
4886
10028
10483
7779
187
7428
650
876
9641
9171
4280
8733
10499
359
3636
10119
2059
867
4750
5147
693
6665
9249
8379
331
7073
3117
7331
4872
6825
10230
895
702
6431
2877
9402
7328
6377
10155
3475
9304
9933
1933
1634
4140
5721
5326
8047
1304
2396
6783
3720
10237
4235
1848
8872
6528
6093
8112
923
6298
9855
8189
4608
845
10242
10716
2347
6258
3984
4511
183
3499
5952
5641
9863
704
1593
4234
5533
9060
8192
5445
1511
9920
8527
7998
8405
703
5683
2283
4771
8480
3857
10290
4728
6317
2394
5474
7417
610
7537
5327
428
3278
1983
978
4023
2927
590
1880
8455
4876
3820
3196
9830
4617
2663
8810
10035
6350
9696
5870
8
6969
2564
7089
3334
870
62
2628
4286
1275
2654
6172
10132
3094
1125
767
4632
1756
8075
5604
6610
4880
4276
3800
10678
7305
6336
6772
8937
5675
7618
7519
10619
8985
4352
2204
3173
263
6687
2571
1633
8914
8320
8911
3762
10696
10110
6209
10022
7379
65
10534
9399
6154
2504
10252
2317
8140
8843
3036
1063
6872
1746
3130
4836
1735
2928
6074
5538
6599
8093
4815
6809
6856
5849
6614
6168
10286
9909
2844
4079
365
10697
5784
358
6392
5684
1718
4145
10396
4339
8304
5401
7864
9718
262
2382
958
8861
8655
4562
5779
534
8633
7578
9133
8179
3299
4291
2575
453
3262
3469
4649
165
2801
4318
6250
5850
9401
5365
9818
6043
5579
2069
3919
2463
1686
6130
1708
7486
8203
2862
2819
6170
2839
9984
9788
1612
2267
850
7148
9445
7203
920
10552
9217
1068
4587
1252
4457
3571
7368
539
8417
2418
731
1513
9971
9792
10429
7544
5425
9008
3042
9652
7767
1864
4308
10253
1824
8399
1476
9760
134
1716
9500
6547
6284
9797
1461
5692
3261
4394
6047
3546
5491
5444
7634
8994
5459
3234
3021
9888
3335
17
9845
9675
1919
9392
4244
10688
10128
10310
6182
5277
5621
1187
2361
1361
7816
6736
78
2616
1488
2321
1479
766
3534
3638
3859
869
4
3696
7756
1009
7758
2854
7548
3457
6644
10329
2933
9715
10432
8388
2744
7399
5215
6080
1099
7182
7060
5022
7317
6462
3958
3186
6306
5447
5359
7356
4076
10433
6293
3371
4747
7240
48
4068
2348
9751
3542
1322
5602
1403
741
9307
2644
839
5580
1768
10299
8311
6201
3776
4933
6786
4453
3450
4674
2288
8903
7907
9595
6448
6823
5711
4382
1176
4098
5404
8637
4424
4007
6674
1360
5560
9242
9642
7214
3634
2231
5008
3723
3300
3521
8569
9391
7952
7110
3599
9411
3180
9138
8673
2298
8640
8352
5171
10115
3451
7313
3775
8635
1605
5470
6532
8587
9423
7259
5271
7847
1702
6942
1003
2419
9139
8974
7202
9031
3745
7703
3512
6339
4483
6811
10402
1505
7275
8892
7233
9632
3240
5072
3515
2095
2429
6396
926
10388
3452
4898
474
566
9464
1207
10423
8612
4085
6227
4247
4508
3058
7194
4521
9476
1050
1977
9446
5306
7146
10558
6055
3266
7335
6925
3664
2337
7830
8962
3721
4472
9190
1474
2379
3358
10672
3487
4237
3179
5881
325
4725
2186
8845
6456
5015
7095
9581
10303
5987
45
2800
3837
3760
73
4415
9054
9440
3533
4710
9633
10556
1249
3842
7230
3158
3363
4405
2177
4816
3659
1870
9124
5080
10700
10010
8517
3824
2372
6917
6891
6576
9827
2039
8416
9981
546
6165
2697
446
2633
7923
8210
7367
8715
4343
3297
9522
8028
4443
2727
8095
3633
8183
8293
5509
2238
1533
69
3848
56
1199
8950
10278
9686
9336
8959
7062
4731
3860
2049
6474
10567
5639
6559
9582
4158
5205
2716
5093
8885
9811
6616
6815
6961
5969
6624
5186
2294
4584
8275
2301
2528
9502
4706
10298
10513
1885
9283
4660
1778
8054
888
10041
5382
9425
2587
6133
3387
5128
1833
8468
5347
3317
8086
8564
5413
8360
2242
5005
8363
10076
8343
5280
6061
6642
7218
4139
8116
9396
629
36
10275
3276
5546
4501
8332
3679
5932
4120
8298
9200
10586
8992
7873
6378
976
6889
10570
5495
873
6342
8387
8712
8391
7531
4419
452
3495
341
2910
2338
504
6070
107
5826
6805
4891
3456
6264
4051
3516
4871
5549
9528
1022
3082
9092
4641
4379
7418
9635
8778
6063
5953
9862
3398
289
991
9470
8576
2588
7031
10002
3401
6375
911
1907
5603
3963
7563
7375
6500
5249
10385
3473
8535
899
