6778
501
2198
10006
161
601
3351
9006
8734
7712
2697
106
6154
7377
2609
4924
9054
10637
9558
687
1704
5242
8205
8279
3681
10332
3678
6333
4839
9576
9226
4305
5807
1923
10210
3943
10095
4419
8155
1495
4191
10358
5801
8805
9813
3082
9797
6174
5484
10154
6871
2953
1562
328
8082
10472
9990
6664
3042
8125
4357
7297
4768
6023
5330
8056
1396
104
2872
8192
5157
6800
7536
8501
7533
6696
5607
299
4297
4856
2629
9232
9512
6759
6599
9146
6000
5956
9091
2225
2312
1617
6315
7139
6295
6713
441
5320
7763
8514
2390
9801
8765
8686
1499
6175
9469
16
2188
10696
6120
9027
1800
1662
8882
8691
8481
2033
5382
7246
9994
4696
7255
2422
6735
5894
711
269
1354
5535
9869
2197
2892
4521
252
9533
3028
9262
2583
5236
2021
2608
2769
4771
4556
1694
8981
5528
6813
9048
2058
3106
1997
3899
7621
763
1699
6152
5508
9362
2020
2151
6593
5965
6471
9911
9515
7723
1904
3751
1151
8046
2413
5152
5351
6411
266
10713
3122
390
8048
4903
9335
5797
8898
381
7671
2756
9339
7054
3372
1915
1654
9062
6410
5924
1659
9133
8520
3429
10680
8842
4438
7675
10342
2495
3174
5804
839
3645
2395
6339
2523
8008
2386
2452
6540
6372
5462
452
4224
5840
8472
6878
9384
7856
7019
9382
8308
9113
1336
5638
7733
548
5614
2400
9496
4146
4145
2465
5582
8622
7927
6259
2832
2155
4170
4351
10171
6901
233
1142
6902
2755
268
1266
1880
8380
4416
7476
10623
10555
424
8231
10032
8782
6441
6125
5284
4290
4045
8012
5131
6985
936
8654
10712
8111
1427
10206
8418
10075
10628
2831
5357
10108
433
8176
9966
6700
10285
2930
2335
2274
4889
1319
3672
6043
3110
4516
2962
5228
6180
1167
8710
3416
9026
1894
10399
7144
6370
10679
5506
2289
22
4307
5499
8025
3450
1075
8026
9120
8431
3478
9710
8668
9817
3209
178
2612
4875
4433
1012
8093
9079
5296
2993
3470
9200
2932
2594
6006
8506
4692
9436
917
9471
3268
2182
3075
7364
6562
6140
8181
7963
264
5913
3195
5853
5553
10392
8956
1598
8719
8294
5137
686
5672
7955
2304
6191
7262
1511
2521
408
5197
6973
10621
3485
7451
4598
6011
5962
4522
7301
7979
10705
4752
10146
7252
8263
4546
7349
80
9248
1452
7739
2416
5081
3230
6835
8824
6676
8177
868
3183
10234
1742
7985
5914
5471
3376
3556
8213
5411
10308
10515
3693
10506
9897
8797
7051
3566
3931
2149
6433
8072
2157
5702
3062
3934
5347
3548
1862
9902
1754
6042
2433
5386
1248
10662
1273
8370
9998
2825
3023
2099
276
10301
2974
6022
850
392
2264
7380
6501
9560
321
7814
10673
3674
5311
8648
2100
4729
7114
9974
4895
8214
6823
602
2740
8743
10134
1850
6922
671
1822
5118
3568
1131
5755
10057
7788
2227
3446
7196
10241
4832
897
4495
10574
4059
2275
87
885
7953
910
8052
6054
6063
6181
4251
4243
1871
6548
6108
5210
3123
3936
3968
3580
2040
1269
7949
7592
4014
6281
6687
1731
9943
90
1826
10528
9206
9256
4208
4193
8098
6167
3558
2618
4822
4784
10088
6811
297
1400
4051
993
8230
1132
3358
9240
2001
2738
5257
8796
5658
273
9464
4547
8001
2052
3486
3687
6528
1471
9023
5561
6446
2903
6068
3064
7395
8634
5831
2806
8330
9580
9658
7256
1035
3219
7970
1036
1349
9064
6389
10718
2282
1188
10318
421
10383
4601
9500
7871
6469
7341
7164
8342
3170
3396
8645
9069
3701
4988
4487
6390
5972
9829
5637
9217
27
4021
7689
4512
439
10682
2931
6531
3236
1573
2081
2751
4466
8888
6007
2028
3006
1557
81
1836
5140
3412
3298
5138
4608
3397
3083
1860
1590
6256
4550
619
2705
1593
7990
2724
6430
6017
6451
7008
5865
8276
7652
10543
5773
8293
2230
2168
8435
981
6239
1638
4966
10164
5848
1733
1920
3202
3621
8878
4558
8965
2945
6927
7718
9364
4633
2102
3865
5926
4286
3547
3057
1186
5660
7388
1877
3281
7928
437
4602
2388
8215
5943
76
9487
6097
1124
9005
9459
9613
7430
9067
8433
3150
9477
5048
9662
1644
3279
5870
5270
6649
10503
2537
4541
7280
3518
2889
413
9105
8592
10675
10416
2340
3436
3091
6243
2957
2599
4817
4372
8354
10012
3862
9233
10225
4413
6674
4901
5264
2501
5566
1620
4015
2952
9975
9228
636
417
4612
8894
9737
3709
9978
3156
1365
5187
2268
3680
8323
3311
5391
2351
3975
7610
7149
8087
412
5833
1037
4898
10132
4731
5372
9438
9184
5011
366
10205
10610
9927
6569
2593
6989
8646
4025
9747
4345
2071
7821
10614
6128
3814
4104
6151
2276
3308
10410
1382
9716
9141
1224
3394
7850
4740
1261
8569
3741
9377
8776
1931
9134
9241
3440
5708
5855
7709
4269
5560
5229
10536
4256
8859
2076
1092
2623
6907
4197
616
3767
5155
4249
7130
82
7842
2135
4112
796
3370
1317
7767
10493
2318
4155
2174
7734
10476
8063
6825
9234
10014
10687
10360
5592
1239
10380
6341
1122
7943
10652
6875
540
5574
10000
8849
2851
9259
8786
324
1412
1958
2517
2303
9417
9086
3448
1844
7782
8690
5207
7696
10019
2699
2220
3133
10262
4828
7692
9347
1529
8220
10535
10717
7455
1708
5343
10489
7514
2374
3584
5838
539
3054
9398
3297
1185
1363
628
5742
9448
4076
6200
1545
6144
10076
147
3781
1911
456
866
3134
59
4975
7417
6445
7778
5337
8207
5312
904
900
9888
1306
285
2109
558
6619
7463
8876
4953
1067
9683
489
1687
8271
2996
10518
2678
7907
8243
48
4669
2719
9207
77
9718
6332
6521
3926
10376
6033
1172
5168
4084
5286
9284
7067
6834
8922
3546
7680
7053
5442
4252
2424
1206
3300
1453
1103
9891
7176
5166
3275
4755
6525
6061
5727
7480
717
3663
2475
6703
9434
1174
3946
6202
7526
2688
6978
8825
2326
2299
2828
3164
9373
1646
3868
1670
3641
1778
8136
2776
5921
5084
2694
4254
8129
3783
9835
1968
10397
7971
1727
10483
1150
307
4798
4451
2560
6503
8462
311
2015
3439
10326
1648
2412
8100
5491
2252
3969
9110
4134
9887
6107
1609
1472
10278
7012
7343
3465
4607
2476
2090
7775
2062
9474
1345
1364
139
7843
9157
3841
10461
3554
1293
2123
2375
577
3653
66
7004
10133
10562
5701
105
1475
6916
1823
6030
8679
1431
8539
3056
5967
8766
2464
7498
3912
4482
8838
5235
6286
8752
8886
8761
8102
1145
5994
254
4952
4949
3753
8004
4986
4276
10509
681
9392
8225
937
6374
1322
1563
5404
1093
2072
317
644
2097
8591
6132
2126
1187
3039
9894
5458
3662
5476
8309
8549
8615
1242
9261
8384
6605
1524
8730
4710
7274
7817
4335
9345
4173
5224
3866
3953
5524
8861
5622
1178
1428
6565
9199
7741
2158
5731
8242
10104
226
7596
4132
855
7572
4524
9675
8722
10677
7555
2982
8557
3128
102
7419
9274
6991
4468
7879
9139
8495
9769
7784
4774
6117
8369
1951
8161
6392
8698
4116
9472
3608
9144
1853
6680
2492
4769
8367
5880
7568
7367
4039
7293
4171
8010
1604
6046
8292
10496
5896
8544
4440
2306
7913
9520
3304
7524
4369
9528
8717
1761
4109
892
916
4595
1730
10179
7925
9074
652
8071
4543
21
3228
1083
340
3503
3129
5170
5859
5196
1878
9745
3738
7029
91
971
1551
335
7418
4959
8016
3770
8482
2548
5568
10305
930
7128
7809
6652
1954
3501
8957
7575
9831
4179
3226
6148
2366
5525
10501
1544
7640
4037
5569
120
3085
7549
10630
7754
6248
8870
7886
9276
2142
10010
9757
422
4214
435
3055
9197
9269
6514
2703
61
30
62
6750
6897
9955
9013
4758
403
3369
4147
10670
3119
7563
9365
609
4046
4376
5813
7987
2037
6266
2381
3920
6578
9861
4494
9601
1720
8677
1566
2331
9768
2760
9647
3766
4568
8828
10513
4058
1230
3908
8023
610
8707
3782
6581
5014
10523
9132
275
4092
3722
1961
8868
7299
2348
2414
921
282
9242
1626
5174
8233
10619
5946
10208
5093
5103
6185
1726
10560
3342
7027
9070
7597
10427
2295
8548
8030
5974
753
10428
8921
6088
2970
5205
9107
10220
10446
9466
6499
9874
4661
4911
5511
8763
10299
6602
1769
1505
6829
3361
845
4111
1222
7583
3699
7322
1195
6124
8536
6640
9252
6497
144
8731
10632
4164
5662
7567
4792
8792
9720
10373
5659
7290
8867
6386
9176
2016
9884
2570
2368
5554
2768
3103
4990
7374
6385
3061
788
5692
10408
7804
4085
4096
6388
6362
9912
8413
3149
6837
3267
3278
7889
6542
6726
9921
3189
7169
2634
7983
9907
9181
8831
793
5876
8460
2444
326
7468
138
241
625
8074
9937
8407
10454
1318
1344
7470
10584
967
3894
8382
2024
4715
9906
9856
6336
8273
6737
3101
6293
1579
5377
2847
662
6666
8277
8542
4745
6012
6153
867
4375
10081
1447
3200
9329
6863
4491
3807
7836
1355
8626
9420
737
3425
5645
10345
3718
3498
9149
3633
6252
9756
8345
5812
4479
198
8499
10684
3315
5893
10047
9572
188
4129
3013
3563
7431
3040
4939
5691
7799
10101
6279
5850
5798
5816
8852
7650
10450
5991
6784
4
5020
7606
3482
7602
2890
7018
10025
8229
3477
6250
5394
8400
6137
6614
3095
2662
9164
4053
3733
2515
4065
9754
7235
10173
9321
4999
7433
67
7831
9201
3391
5785
7975
5482
8334
5128
6616
9214
5663
9136
6268
4739
3818
3744
3916
10494
39
8451
9628
3622
4645
7898
1346
6662
604
9970
9127
1414
1600
5117
10350
3024
10118
6796
6601
2716
3961
659
794
142
7851
8175
4891
10701
10519
2929
7263
5399
7841
591
3205
4408
2489
4066
5287
1429
3093
6111
2884
5233
3813
9409
10398
2749
10085
7807
2191
2902
3067
2881
8756
8373
1436
4118
1220
9549
2748
10338
10065
10267
8361
7865
9833
1476
7215
1163
7167
4933
4649
10349
9784
3542
8829
5009
2990
8470
9486
2578
8788
5964
2904
10524
7999
7337
10661
6827
10254
9122
49
902
7948
2436
295
5739
1114
10413
4123
2137
4340
648
10556
5989
2965
9938
7918
3514
3506
1552
4775
4456
2092
10074
4707
3410
9225
10037
5495
8535
123
7859
2937
7414
8625
2324
7917
10335
6426
5878
10381
4027
6512
4006
1755
3995
6187
4778
3318
9779
5518
6851
8468
4029
5759
5669
5548
6198
7656
7969
7435
1667
5619
7607
10245
8993
6095
10028
2842
7790
347
9403
5005
4392
10083
6436
7324
1278
5421
7102
7182
6741
9202
10609
10310
6946
2377
5610
2164
8347
7783
7654
7989
5623
8578
183
7672
4283
9153
2426
2508
4122
7930
6273
1881
10374
5514
4475
9699
6881
8190
2
9022
5141
1668
9725
8689
3640
6165
4973
4442
7287
3469
2372
291
1031
4207
2655
10620
1161
9137
8113
2262
7443
1325
1636
4422
7962
3924
766
8417
9283
6457
1658
2070
395
2143
10499
1841
10151
7406
10439
4942
3380
6555
9636
3951
7952
5571
8785
377
336
9509
8840
4488
5949
1203
8574
1813
4662
9456
448
10521
2997
6404
2429
7798
4858
4807
1639
935
2451
8038
10109
1210
1263
1977
7462
3314
2116
536
10293
6668
8818
1416
9221
2103
4121
3321
6853
4384
5464
259
4815
4489
7872
2186
5341
7089
2742
2399
4120
3590
3053
6419
1028
10161
8366
1310
331
5240
8490
4996
3329
9239
5650
4621
8132
4385
5238
5758
595
5573
5249
10417
2172
5353
7213
10453
1647
3792
1948
24
3368
6524
2470
7177
2585
7163
4415
2877
2034
2042
2012
836
3090
4325
4366
8628
3528
1984
7438
372
386
8619
9380
384
10260
7112
10147
7203
7660
7488
9369
9292
1440
10502
7370
8450
10288
5331
4694
3187
4097
3676
1351
2549
8287
4486
4712
3786
7646
9565
4194
4423
10103
7576
143
3437
851
1082
7394
4626
10511
5154
6110
7893
10394
4650
7171
2491
4897
1485
9878
9589
2094
9847
1928
1370
1332
8022
5361
10063
9850
2536
7087
3902
3523
4852
1033
4312
9
5434
7855
6839
5089
5067
9815
8955
9637
9564
6455
908
2809
5832
5186
7428
6992
9616
9404
3259
7064
6123
2496
7125
7557
5422
3809
6541
6806
5980
8670
1480
3823
8587
8779
2200
860
5763
9057
4979
3178
6594
1421
4110
9618
6038
499
3705
4231
10507
2296
2579
2108
3888
3657
2136
242
118
1737
6049
7720
3893
2250
3688
7268
8704
9895
3805
8404
2483
1372
3507
4308
4306
8947
2201
6546
1528
8375
6100
8448
89
6467
10578
10186
1925
3346
9422
4864
2741
1512
10226
2744
4906
9524
9183
51
430
4477
3242
6282
2337
7794
3316
2600
5162
5367
5397
3665
2091
6584
9821
9504
4831
9253
5998
2063
6844
8744
5483
6488
5338
7906
1374
6326
1378
3179
4532
7127
5753
10280
6470
623
3760
2286
9664
3736
5041
1739
2283
2041
4160
9642
8860
3743
4606
8629
1944
5881
9965
9114
176
10084
5769
7678
1549
4130
1281
920
10681
8032
3144
8538
6508
3570
8064
4128
712
9882
1422
8700
8115
6058
7573
977
3494
6207
6585
10379
3904
642
1389
2053
9075
9954
5942
10403
6793
10274
10608
2520
10030
10486
5717
6189
4904
10003
7579
8079
2571
4157
7316
5272
8534
2640
8666
4049
2490
6938
926
9204
814
5198
9007
6025
8357
2014
4883
6633
488
7566
3473
9842
6708
7260
728
4511
3654
3015
8509
3661
5051
8188
9956
7594
5133
5642
945
9585
8268
5547
7148
1608
2311
7509
8169
5452
1663
10656
7387
6764
3257
7122
9540
7143
3933
5992
8740
7614
3070
4234
3409
2316
8968
990
1488
10624
4955
10546
219
869
4782
8135
5179
6942
2248
2507
5945
9249
418
10698
4190
5959
1994
9395
290
7728
9245
6211
9517
7828
1392
6629
6838
5023
6302
9674
3723
6483
9179
6464
227
2410
9695
7994
2900
1294
1478
6931
4399
1516
153
8676
1692
5248
7261
8147
1474
708
9988
1963
5543
9860
8208
4887
2061
2506
2254
2943
806
2078
4936
1106
9701
9853
7491
2029
9948
10105
3716
5966
2457
7503
9066
4448
9514
2532
3740
6113
4841
5007
5817
8998
809
3871
2257
5456
5412
1165
10056
9711
5593
4303
7773
32
111
1546
201
7622
2127
10312
2848
7350
5905
5230
8240
6818
1930
2215
4098
7538
8467
6076
3238
639
970
1890
1183
281
4599
9305
3221
3937
10236
8066
4321
7626
1227
7582
2706
5001
5056
6342
6029
5243
7781
5159
5281
8728
5027
4370
9845
2563
9212
4289
1856
1757
6028
4271
5400
9019
2625
10570
5706
3041
5509
4082
119
7740
8351
7449
4040
9806
567
10168
5143
3964
8669
10386
1989
10009
3363
4643
209
887
784
10443
10316
8975
4268
459
5562
9903
8950
10599
7507
6558
5388
9689
8204
8843
9834
5783
4391
8827
492
4890
481
471
3168
8307
2801
5819
6104
9128
5549
5780
4310
10191
7190
4396
9916
8834
2986
1615
3000
1803
5899
3511
7057
8732
4563
2980
5930
6622
3525
10016
1337
7492
1743
7945
2702
4184
767
7013
4529
6816
8778
2627
5314
5325
6062
6309
6194
3729
6156
1677
7944
4676
2152
1091
4907
4616
5215
2145
6740
1290
4177
10708
5283
3673
7243
2513
10430
3759
7257
10261
6572
4144
2407
1494
4957
7095
8773
7345
170
1331
9767
8502
5664
7117
9525
7972
7627
6067
1406
1087
8402
4641
7499
988
9502
3157
8434
1334
5584
4038
180
570
3747
1561
2534
10640
5259
7250
6609
6656
824
3550
2279
7661
5409
5986
10268
6212
5975
882
563
5821
4137
4549
7629
2039
2808
8892
4373
2454
1267
10344
8187
5738
647
8398
9657
4675
9109
1992
9129
6606
2909
5015
6304
7026
10589
8902
5271
6725
7483
5122
1767
1056
1719
3810
1246
2689
3593
4044
2696
3087
2620
4638
2888
634
2043
6926
3795
1550
6417
3606
2602
8043
355
4158
6588
9045
8929
1260
3374
3801
4618
9961
7528
9859
2086
9778
8075
9437
5303
2359
156
2382
9491
800
9958
1523
4688
2786
8649
4009
7489
5963
9454
8927
4690
3849
10441
7142
10544
7145
1838
465
10271
8896
8567
4346
6236
1179
4498
258
9789
9187
9147
1990
8930
9584
2362
6993
6981
5
560
3721
2117
7083
1430
196
10651
2891
8662
5077
10597
3014
5953
9854
5648
832
2006
8553
6626
1009
1664
3362
6553
10192
8118
704
5016
10198
3512
7123
7016
2561
2971
4343
7713
3913
3155
5941
5260
8746
6846
8158
3334
9216
6509
7339
5426
1834
5716
4382
8005
7504
8871
1229
8841
10520
8238
6634
4250
1785
2226
2146
6344
2672
4454
9222
4230
8200
1189
3034
9063
9904
7450
8864
1042
4174
4879
6170
7036
9294
256
4023
684
5342
8736
8631
9230
9210
2060
3116
5418
7823
5760
8096
791
5293
20
10422
2973
5987
10482
3310
9645
7933
1300
4360
9532
4615
9473
4100
10129
8516
133
389
5665
3754
5653
8713
8833
7331
8000
5750
6527
2721
9349
903
3832
6383
10136
7493
9205
8391
3991
6216
8554
2545
10013
9986
9140
2621
6836
2907
3214
1521
10336
3317
5689
2098
8252
5096
2661
5529
2353
6545
4874
3415
7379
5652
9857
849
145
4089
6195
5572
6620
8275
3700
5892
363
7426
6205
2138
7313
5241
9989
5232
4630
4703
8720
6749
1938
2784
6440
7201
8958
7175
1006
9121
4299
3182
318
5971
3659
5165
10377
8336
8895
6533
5247
674
4762
1285
4937
2780
5756
8406
991
9029
8537
2660
4699
8953
1875
8459
4540
261
7608
9039
516
1799
9401
6059
3220
7360
736
3
385
9071
8576
9694
10648
8163
8621
6071
2665
339
10625
9604
3732
5718
6828
5954
8198
3035
5026
1198
5088
3830
1069
9820
7227
4127
358
1291
7440
6948
658
9735
6934
2502
3148
9593
721
1763
8249
4124
569
848
4604
5857
8479
6918
3414
663
1135
7396
9322
10547
7469
8695
2115
3493
9749
10041
5034
4329
4056
7174
7041
6959
6118
3250
5352
7058
4965
2212
7569
694
2614
5285
1660
10473
2150
6155
10273
10647
6157
759
3273
8545
2821
9719
2653
810
2485
5047
9526
7168
2387
8463
2427
6583
3532
7410
3089
3466
4837
2031
6277
5815
2406
3240
8077
2915
1148
7688
3930
7666
6763
203
7459
8465
6422
7881
8393
9993
8247
3918
4198
5620
7458
5145
8751
1641
983
6317
676
4071
401
6774
1935
9281
10438
7674
2615
5218
4754
287
6730
10124
10251
9571
7180
4050
357
301
6794
6019
7238
4338
1784
1171
4107
6322
3649
3186
7669
8339
10582
4561
7932
7531
9577
877
1912
6711
4007
6971
9220
978
2002
8636
490
10534
7643
9374
6324
7006
2840
406
3779
6995
906
4702
8830
9493
1837
6639
6237
4981
3990
9117
8449
3211
4713
6949
3441
2260
1949
6053
9125
9688
5119
4591
7618
7334
154
2247
3417
2234
1776
8360
8706
1201
3137
5490
1426
6557
3553
8577
3254
8846
4246
2088
10466
1286
5444
477
9346
2942
5024
785
817
3497
6087
3237
5191
2732
10061
10043
4825
534
5454
2419
3595
9513
5366
6966
4356
9794
9418
4333
7020
2205
3398
1710
2628
10170
117
3527
3958
5203
2479
10131
306
598
5909
3763
9844
1975
4698
7826
6041
9328
3884
5505
2236
4683
7715
3639
7517
10442
3509
5725
5348
1896
747
10531
6458
467
10590
2080
7383
3117
8937
5982
4054
9554
4068
6403
1205
1339
6303
9729
3094
4447
3141
9900
3131
1445
7356
7437
2795
1090
8089
3152
1901
4876
3559
7397
2955
4840
8639
7424
801
2511
1833
6265
5163
3876
2765
2008
2750
2679
10449
3135
3002
7178
5944
1632
2555
10070
1998
5110
9595
8316
10402
3283
8295
4035
1780
9483
10688
494
1387
9942
645
998
8996
1691
5885
8715
2110
4166
6706
3158
10221
2481
3462
9333
9841
2693
8327
8303
8617
6010
9038
9356
10352
3483
5369
10631
353
2637
7407
526
162
3771
8985
4079
6036
1536
8550
8469
5985
8255
3092
2823
8201
9668
2773
5148
8887
1817
2051
6209
6486
4181
7677
2498
2820
5209
6415
5969
1789
71
131
6287
6516
9042
5074
10322
4985
4674
1724
3581
1855
1341
5432
4843
633
1133
5042
7771
10054
5494
10295
10255
7811
1381
8491
2920
3307
7445
9503
4518
6505
6747
2565
8795
1811
2857
6260
6052
5534
4877
9102
8095
7897
3389
1578
7060
9304
8445
6475
10617
6704
9808
10270
6883
6709
9480
5038
9544
3928
0
3764
549
3632
2398
5333
6366
9390
2428
819
4086
2924
3336
283
4052
9603
5321
1170
7663
7753
43
60
4032
6267
931
9578
6215
9158
4394
938
3306
5460
3646
215
1864
7159
7432
5730
3938
9479
512
8221
3225
5212
10533
10664
9752
6961
10418
1734
8385
2360
6493
8600
7561
2242
3587
4553
3350
4892
4300
607
3922
4610
7224
9672
10514
5250
1417
756
3712
3019
8875
2411
6923
7068
9802
9879
2552
5028
9266
185
1905
4453
1405
8007
1030
1249
4625
2850
3201
7591
4787
4152
6900
8250
8531
2430
9940
854
5204
532
5470
4226
8062
7495
9542
4450
4327
7631
10202
4520
7390
1665
1079
10693
9790
8206
7075
5305
5018
10038
10128
7910
4916
1829
6412
10557
4589
6214
9188
9931
4726
5595
8609
93
4200
3586
2350
6031
6608
5803
3960
5189
5937
8518
4135
1502
214
5441
8223
4915
5860
8604
9465
8146
3838
6164
1085
6682
1596
627
5640
3408
10143
6675
2789
4665
1766
2085
8440
5808
835
2122
3984
2546
3285
8429
8110
2817
5599
1650
5433
8866
4061
10409
1221
6081
7232
10130
4048
5551
4668
9094
5298
8245
7612
3181
10082
8099
10649
6712
10139
1072
7147
3852
1815
1633
374
6845
7192
7758
9952
304
6538
10606
6566
9570
8174
5098
3256
5375
3948
6653
10601
9933
6805
7853
641
4882
2463
4527
1275
3018
6563
5227
1298
1714
2846
3296
8705
4490
7639
1398
10233
8919
3965
3730
6284
7326
3549
9489
4047
8343
7624
8300
9055
8991
10160
9287
2233
1058
9375
8154
7189
8097
5814
3360
5475
10099
3976
7980
8285
9947
883
10091
1050
434
5828
6329
874
9452
4296
6105
2169
1671
98
1792
6994
10395
1995
564
4064
9391
5897
3169
9660
4971
5608
2023
8912
2194
4987
6487
9670
553
4920
9360
4417
1225
4106
6240
7078
4991
6962
2731
9715
8917
5370
4464
9541
6748
2403
8791
2288
8814
8566
9033
2871
6958
1790
37
10227
8383
6929
9432
740
10434
2355
5364
7687
1159
5401
530
379
2528
1818
9143
1441
9930
2005
5254
2425
247
6365
3109
5884
3797
1722
679
6184
3983
3132
5220
2554
9354
2764
5082
6296
10594
7223
2967
2710
621
9899
727
5603
5916
7393
4005
8134
1022
4180
7141
1805
9649
8978
841
6080
5858
9410
10033
1418
2961
1316
6969
8028
3347
8408
8061
5134
5634
719
4850
6115
821
8153
314
1018
4441
10341
10149
10581
4080
8512
8682
9318
4585
9559
10110
980
3949
9600
7924
8754
8409
8595
3765
9389
3207
8228
5256
9936
911
5329
3348
1404
10167
9387
8494
9348
584
6169
10504
9450
5450
10579
4622
1982
8933
4103
3303
9003
4908
3875
7724
2121
10049
7603
1193
5983
4388
1283
7547
3229
3557
3526
7830
8464
941
4946
7600
5428
9824
391
1611
10638
2950
8735
8224
9263
7935
1017
7154
1594
1191
4654
3910
5761
6477
4418
9396
2418
8561
1053
6646
2664
9690
7849
4772
4574
3427
64
8660
8261
4270
1607
10516
7110
3517
10196
7382
1996
5214
9791
4918
6382
833
7022
5794
96
4742
3467
7838
1916
3277
1215
4317
9008
3907
3185
8589
10353
939
6755
6037
2189
1973
10309
5239
9010
9388
1688
6149
6630
4894
7902
5031
4559
706
1299
10529
5183
479
8399
9338
4102
3460
3874
41
1433
4935
8558
3112
450
8085
9433
10573
9155
730
1010
1466
7619
3914
7791
4871
4736
4867
5190
9656
6788
2558
5587
262
480
1244
5579
8711
7900
6721
2912
2540
4425
8353
7474
2263
3080
3572
1102
2592
9291
3146
4673
6245
10686
8018
4367
2358
5446
7824
7813
8173
9963
6297
419
2717
3624
10479
688
769
7310
231
6831
893
2253
5147
5835
7099
3837
6798
1988
10393
5202
4962
5675
204
3045
7515
8040
5208
9877
6564
780
4235
4611
5776
65
8217
3618
504
8987
2690
5437
4336
1908
6939
843
7950
9429
10615
2946
1308
8283
362
5108
891
10564
6667
8934
10024
3076
249
2989
416
10323
6354
8764
7905
263
2229
6190
4761
47
10490
7206
4133
3613
5373
2778
5010
8938
7298
6077
4036
6003
3706
5960
5907
10626
3223
9168
8967
3197
2704
8768
1548
4063
1974
8475
4281
5427
6579
5297
3939
10605
5767
6550
7756
8372
245
5522
10488
2209
2861
4041
5690
9621
3858
4337
1482
6570
6396
3413
1926
7710
6586
1217
10072
876
6940
8914
10539
5219
6367
9944
667
508
4861
6785
5829
5636
9350
157
3561
8920
9358
487
3731
8939
10102
9934
6984
716
9783
3531
4636
9180
4719
3456
10337
2899
3985
4435
378
2075
4093
1717
2715
3994
542
6489
7369
2573
10465
9492
3328
5440
7690
7037
510
1582
4624
8338
2992
6085
1367
1046
6357
7873
312
500
4639
10643
1725
4148
6906
2079
3534
3719
10320
10700
5580
6346
8594
4880
9359
6409
9414
2684
6443
8727
8556
6953
5319
2223
6391
3522
6210
8515
5339
7636
3575
8693
579
10223
6790
2402
10184
9925
6454
8312
8521
2829
7958
7845
4594
10396
4272
9151
5292
3026
6582
10485
5996
4718
9764
4223
1194
1456
330
2036
3755
4523
6817
692
778
2663
7792
5124
2010
10325
6089
7615
7011
1696
6143
531
3668
1110
6919
8661
7185
7544
718
779
6015
2472
6905
9881
6576
5006
1886
8904
2185
10114
2246
8493
9826
3173
2865
8017
3891
5302
9093
9166
4705
2217
4679
1630
8127
7151
4878
1011
761
6376
2999
2449
1123
1211
5473
5376
9111
7104
4697
3979
918
1661
4210
8990
8562
6695
3193
174
3021
4383
7359
3233
3713
5868
6733
9704
9376
7584
8439
6762
6420
2278
4888
7847
2849
451
255
9976
207
10207
2816
6698
3796
4348
5958
6821
552
2581
7266
3402
4862
6347
9445
7184
2698
551
8783
8716
7657
8167
3266
3324
8835
5097
2791
9677
3234
9494
669
1628
2830
10709
1362
1537
4748
1859
9301
5044
8614
7003
4465
1618
2659
9922
310
2948
1773
6364
875
543
6665
6112
5414
9733
9412
6780
6615
9609
8457
9353
6223
8714
5988
5472
444
3812
4140
9849
425
8726
4462
8442
9293
7205
9481
10163
5749
742
7769
9852
2718
9707
3294
221
10685
10432
5600
10596
10406
8854
3978
2838
8685
2128
10359
4421
6360
1939
8185
7812
211
4452
8498
5715
8150
881
6891
271
8505
9692
803
6895
5542
1985
10565
5474
10420
5111
6407
5345
3670
5917
3194
7512
9917
6145
1969
218
5512
2272
6221
8088
4517
97
596
975
3583
7595
7153
7735
2287
1348
5735
8425
1567
2787
7916
5668
2859
4685
3535
8989
296
5199
4826
6106
9257
1262
10297
872
8581
4187
7473
4940
1207
7080
4870
7330
4545
568
3840
9984
1321
4814
5258
1054
5837
3215
8157
6947
7166
5105
4213
7560
4473
10158
447
2895
159
2606
6787
2195
922
582
6592
7959
348
7305
1824
8890
8588
2805
6465
5153
1484
5500
3932
1839
1415
6965
8257
2913
10317
5349
1384
9385
6604
9633
2162
7815
158
1127
1515
8477
2130
3309
6233
5922
3794
9867
9531
958
3424
6659
2046
5156
3601
5733
1883
8359
4162
5461
8119
10122
643
8541
7207
9706
8760
7553
83
7140
5420
1681
4024
5633
3804
5656
7002
4530
3260
10646
7976
7217
1861
8607
6720
2819
4802
8438
5890
4182
1555
1121
8819
3253
10480
7726
5883
3774
10629
7240
2779
2940
4496
205
1454
1096
3349
4552
4507
10669
5588
9021
7764
556
10258
8910
7286
4763
4581
8212
8302
9607
2543
1330
798
8949
6600
9215
8573
4989
3213
140
2255
338
10340
5486
5846
3262
6568
7045
6745
10313
9780
4011
10141
9792
483
4573
3607
6168
1461
3247
7632
4506
982
1921
6345
9495
1900
4786
3322
1459
1029
3443
7937
1168
1245
5213
3081
4319
6852
10611
3383
5955
3249
2616
915
10425
8802
2544
10214
5639
3855
405
7659
1016
10391
5076
2462
3421
1787
10031
4579
5786
8798
8721
8806
9586
5871
8729
1175
4652
9659
3919
3127
6632
6482
8546
8507
3050
6921
1045
8608
4928
1446
1589
8410
5839
5657
2897
518
6099
1212
9368
10577
8848
5295
2752
3651
3455
7234
514
2068
4997
580
4860
2963
5485
685
550
8143
8326
5396
8317
10237
4514
8909
1209
8775
1570
8977
7150
4909
2238
8900
1846
8883
3815
9017
3604
2144
4287
8203
3828
5481
9839
2901
3366
2610
8606
586
8076
10272
3803
1095
2367
2916
8427
9713
1407
8454
7181
7967
3627
3957
8254
9397
1651
5793
7992
9108
7285
3258
7399
7427
2860
3854
4934
3167
8324
2244
523
1432
7834
9344
3724
10015
1164
5142
696
5294
3435
1706
3301
10568
1759
6308
5335
2574
2645
7501
329
2733
4537
6951
6843
3327
6307
3544
8219
2813
1277
7738
5558
9774
1979
2269
5175
407
1643
10324
8321
4597
2657
10367
5030
6177
9629
4443
6530
1919
4693
5556
2822
5766
244
7221
4292
5770
8807
7938
2512
10284
4070
1793
2139
4974
9337
599
9864
1751
3108
7116
9773
2132
3602
3877
7295
3658
4298
4659
5132
10187
192
4114
457
8237
3596
10678
4917
5527
6647
2050
6636
6217
5398
9796
1089
7521
229
8164
8152
4682
7874
675
5630
274
9957
2027
8461
2163
6819
7502
6663
898
7422
8597
5171
6183
5631
8377
5673
4012
1080
5095
8419
2441
1952
4501
578
7173
423
5918
1393
572
5451
9275
733
7819
4314
8970
2746
770
463
7751
42
5919
3343
9536
7017
6466
4205
7320
5045
9981
1806
7857
4472
4629
2518
1775
3326
6500
4534
9518
4273
1697
5267
8180
8108
8267
8873
5447
4764
9482
1350
9923
8337
9145
1828
5751
515
1380
10172
3227
2729
2379
3842
8015
4857
7951
6413
4354
7747
6235
1700
9663
9052
649
402
6444
838
8522
4062
5071
8979
7757
1094
8724
2988
8193
7717
4074
9424
2345
3798
10238
9478
7071
3686
3126
2589
944
3582
7400
9104
6435
5721
2908
9753
9905
7974
1882
8793
4872
5492
7820
2777
7021
2394
888
4429
216
6355
8488
6655
7895
6285
10189
3787
8908
7800
9161
40
1568
4642
626
8090
802
9529
1866
3685
3495
9159
9579
9527
3697
8368
1572
1918
6318
4405
4695
10334
5059
997
8942
8941
6732
5940
6513
4539
8635
7024
816
4941
10242
6612
1777
7072
2524
4211
6291
3245
7863
7405
8137
7957
1895
8784
966
5757
9582
7323
6850
6253
6204
10182
1458
6943
7748
3459
1947
7908
6746
387
3499
2104
3598
3159
4735
6877
10655
4948
10694
9819
7120
4926
6371
4785
1231
1616
2391
1843
2438
2141
250
3956
3864
10080
1065
7368
7062
1015
7101
5423
8476
1986
9072
9832
565
1324
3671
8696
7344
2309
8877
1957
236
6408
4921
1274
6692
8349
863
7242
3650
7237
631
10588
707
8003
8162
9741
5334
2025
9640
7034
831
2256
2807
2499
561
2876
1213
834
8547
4681
4972
8248
9569
1226
8770
4968
9568
9949
8659
2187
6670
9041
6142
9012
7537
9095
8737
1821
4013
8954
4410
3099
5861
2562
786
4751
7936
9959
2378
4687
2300
4474
3897
9442
7044
8487
7722
8747
2218
1335
4658
7358
10532
5874
9772
2417
8641
7840
5497
5363
4835
6506
4628
8329
10137
7506
10484
10707
7862
134
5327
949
5058
7901
9264
651
6337
5541
7124
5130
212
5149
3138
1375
7353
2474
8044
1468
7786
7630
5596
9738
3835
8781
7307
1469
6027
4938
2455
8559
3944
9987
206
525
699
6050
10477
3031
731
1527
5843
8971
2044
1872
8745
5791
8992
7679
10618
1234
8837
1673
4801
571
6133
10290
9863
7912
5425
1394
7460
9118
6890
2539
7604
5736
7212
871
566
3829
1831
10185
7304
10281
10020
10148
73
9598
1493
7762
7271
8320
509
3001
4535
9655
462
10165
6887
6789
10292
10553
1141
2408
7156
9848
5065
7787
9082
6707
8386
4666
739
8907
8674
6073
10175
823
6824
4437
5226
7340
9620
6394
7338
4576
2328
5290
75
9705
6101
3791
8458
1369
5101
4328
4998
194
3603
8253
9101
5387
10690
664
6387
7456
3860
1621
6008
10116
1076
511
8284
5688
7968
8260
1531
2894
1134
4420
1301
2370
10300
4519
9061
6427
1595
3538
10062
2290
9945
4238
4640
5073
7529
3565
2509
6889
6002
9135
4288
320
6079
10586
4724
4914
7200
5724
8680
7484
7074
1154
6276
5823
438
9639
8186
8851
8519
9299
3331
3086
7978
5768
858
2905
8602
4865
284
3030
2867
6350
2294
683
4749
7497
2687
3664
4258
63
3098
9563
1401
149
10011
3516
5106
5468
2214
6686
4542
9714
4324
4670
3079
6812
6928
9053
1270
637
7848
10429
1356
10100
6481
2802
9723
8959
4859
1219
6729
10213
3869
6102
1450
880
9972
6072
3954
2788
360
10375
4284
6188
5626
3739
6520
3364
5644
3521
7541
6313
10464
2714
1280
7931
9581
6884
5403
9343
5308
732
2035
5223
4253
9914
1747
125
10703
10007
799
3817
1522
4842
2956
5277
10541
9980
6882
1047
6249
270
8328
342
3698
2259
3886
6876
7571
8943
4863
4779
10387
3520
1753
7138
1402
7415
5710
9277
319
350
8117
10540
8195
2681
6523
8421
2885
3160
5935
4765
8266
5115
6074
1295
1272
4010
482
6203
9924
7211
6888
6544
9742
8060
8623
2176
3717
1390
4377
315
2559
2460
8897
9488
4886
7448
947
573
1642
6669
2774
8306
9191
6536
7366
5590
8414
5774
7376
7520
2643
8033
1520
2708
5559
9037
6734
8946
4101
8274
1966
7550
1762
6264
70
2959
7292
3980
1506
7391
7230
5889
1020
8527
4912
4824
7441
8106
9693
1649
2347
1804
8658
6810
1814
521
2206
3530
3243
4341
5854
1223
7208
10
7546
7040
9258
2873
1271
1197
5852
2747
3124
1292
8489
790
5368
10414
8149
2633
4291
7015
3073
4947
5459
9875
5346
8054
7548
5866
6434
5013
1927
289
3385
6114
749
3063
6970
9918
5184
5537
8800
3626
8432
8972
2855
661
7090
4961
1656
2582
6982
6414
9265
6229
9973
7539
10169
5723
8027
2864
720
1612
3878
7100
6353
8466
2910
6045
4424
827
1002
2933
4750
4776
2538
10671
7028
9076
6814
4797
10500
5169
2131
223
7121
3578
6957
4844
5288
10378
10572
1712
1403
8638
3434
10177
1003
5681
7774
2783
3232
4031
10548
7494
9508
603
4983
3748
7009
6701
6543
3280
4672
8142
8049
7162
10123
367
5712
2219
2880
5063
225
6349
3151
1377
10119
1147
3454
1014
3272
10487
5222
7461
2114
2939
9682
4263
8486
1847
4409
5802
8067
6290
8211
7010
1160
9065
5782
2998
4242
5273
10460
3289
6537
2095
1254
2486
1946
7327
2874
6305
114
7966
1832
7730
8172
8564
2409
446
8845
7620
10263
10045
2073
6166
9534
3113
3853
5550
2595
8363
9327
2159
3850
2493
2292
496
7039
337
108
5577
7759
10604
2343
9798
5978
169
9811
6529
5902
3996
5526
7328
370
136
6348
7658
7321
6258
4760
4407
7877
1913
10525
2280
26
9632
7467
8918
2107
8593
6048
8762
6424
195
3176
7921
4259
3480
2237
7265
6589
2170
2363
2007
454
6196
10436
3163
3508
10607
2624
2670
1987
5792
4493
4653
1353
4684
6847
10587
5032
3022
493
230
8035
1715
9444
8675
1235
828
10561
1074
1126
9781
9537
9830
3431
2239
7111
3617
4704
2824
6327
6535
8671
5299
3474
6731
8289
3011
5720
9173
7664
10634
10354
2770
10452
5075
7466
3536
10276
862
38
2228
1518
9624
957
9810
128
9809
7109
5779
1738
7160
5340
6199
5598
3338
9306
8270
7699
8575
5406
1635
5315
612
6804
3453
9331
2852
8771
8182
789
2977
4565
2911
4753
6373
5722
2432
10311
8530
4304
6257
844
6904
3017
5726
7839
7332
808
1874
475
5533
8041
6218
9762
5520
6857
7465
2550
7318
5091
5035
9002
5268
1455
7249
6098
2505
9967
9946
7635
86
4777
2336
940
6727
3008
965
3299
4330
3052
1442
8298
9112
9823
8790
9150
8352
6092
9317
755
6406
8683
164
4951
822
776
8630
5632
7105
1125
2845
3423
9799
2650
5867
1252
8269
9209
2762
7598
6298
9941
5083
1070
4580
2111
8388
5621
5127
8969
491
10001
6082
8471
3851
4358
57
1580
8911
1383
1571
9622
2642
10575
5017
1584
9535
8948
919
1898
7244
1327
1865
369
6597
8688
4548
8951
3569
6661
8197
4363
9703
243
112
4365
5746
3799
10188
1233
2572
5477
9077
10435
9131
5176
10653
1449
9661
3692
4018
9383
78
5086
804
1810
9614
7833
6833
7091
7793
8322
8739
5745
4727
172
6977
2772
1137
4215
4497
5445
4075
6227
6479
8906
9004
4756
3896
3845
2879
5040
7746
886
1497
7914
9997
4885
695
9630
4583
5487
3848
7884
2447
2171
6138
963
7637
7732
856
9068
932
9814
7311
10327
9415
1752
7312
9296
9862
3987
7186
4504
8899
6056
1473
5054
768
773
9000
10328
7511
5616
2898
5879
4105
187
5390
9765
10283
826
8712
10385
8121
7404
10314
1967
8820
7253
1408
6573
6351
2166
9631
4588
2013
7525
7644
1302
3077
5291
7578
7289
2951
7279
896
7997
167
10405
5465
5275
4072
2598
8128
7267
2249
7375
184
10437
9014
987
4896
10190
4471
10445
2365
7532
1869
3574
466
10195
10092
122
9320
10303
224
1610
4984
8305
6522
1066
5552
8966
7956
3780
8226
4245
4220
7628
10389
50
3172
4368
5856
5510
1695
2793
9246
4167
8105
7558
7264
10027
322
6724
7198
10306
529
4316
1176
2439
7276
8880
3475
7719
361
10364
9979
1149
6722
2458
1893
9611
1303
10060
815
193
5818
10098
6797
5417
3305
8905
9235
10178
8811
3337
2017
6820
8568
8084
7336
576
5318
4869
5629
4406
2812
5504
8168
545
1140
1569
7204
6275
2522
3393
4142
1435
5683
8836
8961
4544
2800
4404
6359
6770
1343
2273
9929
2761
7161
9171
2754
9746
3210
409
10363
807
901
2922
1359
693
6428
9870
1924
3543
7378
4567
7617
10005
2927
8256
7294
2994
6312
6016
10695
9939
8083
7673
9744
7023
3629
6494
36
5968
1111
9407
2954
4803
8758
8484
2701
6767
6502
9547
6944
5043
10361
3287
4738
2301
5800
9599
1347
8420
1678
4586
7704
8013
3921
7703
8585
4723
313
9557
3816
8960
9458
9449
7982
1999
5424
6460
1411
1470
3540
3244
995
3882
2875
9786
4218
1768
18
8881
1081
4732
9610
10355
5544
6320
1765
4055
10201
8078
535
7835
7642
6179
9461
2868
6292
7682
3381
10475
9623
2682
10593
8423
8145
8815
8699
10140
4060
1424
3196
1486
3235
8365
2009
2018
248
7993
1669
2925
8810
4531
9788
7750
8428
7780
8412
4816
5513
6439
3923
6886
6262
9667
3940
10550
3510
8112
7314
9669
10468
10155
5667
9106
4734
7513
6591
10530
35
3007
9782
9224
3959
3180
9748
5628
8655
9510
7259
5262
10121
5278
4411
5112
3974
8065
3033
9170
6055
8787
2380
5306
5827
3003
5158
3942
5344
10481
8725
1052
7869
9652
6854
10117
4087
3993
5886
5012
724
5431
7923
9126
7947
3356
10498
9827
3950
2216
9893
2224
166
6690
5480
1686
5146
2826
6301
1679
4265
6617
6474
7818
7066
7273
3367
1540
9341
8209
5365
4459
6232
1993
2004
8291
2695
1130
9681
7258
6651
8983
436
210
589
3592
293
9399
8183
3404
4237
656
7329
5181
8532
4721
9673
2032
3757
8826
4000
3833
10591
3929
9696
8301
842
9928
2156
7832
4572
163
7389
8387
5313
8170
9731
5888
8891
5469
9596
3433
3341
7097
8216
1533
8234
1105
597
2322
1981
8024
8789
7676
10050
8073
2297
6518
748
8656
878
7760
8374
4248
6526
7239
2535
6442
8533
3746
10362
2960
1289
2516
8139
9446
7319
1439
657
9090
7386
1534
3432
309
10471
5530
6776
538
2240
10058
10224
8091
10240
9295
10644
6139
6950
4913
6330
217
10294
9443
8103
4042
7880
2065
3084
4185
5092
5120
1718
7317
2500
9213
4714
1200
8416
9836
6539
3125
1509
655
2668
6511
7587
124
3669
4262
10113
6580
8915
2935
2510
44
630
1025
2323
5448
3970
8059
2728
4686
2843
723
3293
8853
9319
9653
7457
4720
4950
8259
4689
4780
7048
8804
9378
8058
5654
7825
109
9174
7471
4664
2700
9313
10138
6643
9386
8258
46
45
2420
6610
8288
5274
2266
3161
15
3890
5711
202
6225
3430
3190
5501
4339
7911
10526
2133
7806
3060
10183
1559
6289
5863
7248
3248
5443
7623
3863
4143
5765
5029
575
974
10257
7749
1675
3479
2949
6173
3917
7651
8151
3655
4227
1703
8812
4083
8748
7038
8681
8952
9721
6866
7876
5489
7081
5135
7300
4280
9278
6242
3533
6418
1807
9426
6035
8543
4347
10371
9635
4026
9684
272
9983
5705
9728
701
1487
2056
8513
5703
5578
735
9901
9567
126
5950
3058
1247
2781
1959
177
10026
5545
3981
1086
8389
7047
2389
4590
6116
9192
7752
6263
3029
952
3332
8583
9406
7453
1026
9812
9697
1059
10079
8002
2354
10492
292
5973
9393
654
10302
5139
132
6319
1019
9425
9562
2644
6425
332
7960
5022
8311
943
6158
10055
1858
6627
8094
2165
1479
238
2325
1980
2987
1746
1333
6244
7542
7543
5310
2958
10022
4113
9574
10127
495
2445
1483
54
8405
2870
10676
7277
4509
8133
1098
4315
8086
3339
1560
4228
1770
9097
7236
10401
2796
9666
5439
3139
4126
5655
394
9996
8611
6490
7973
4221
9678
899
265
10298
8667
3208
8282
5895
10307
5836
4578
8620
3130
7915
5060
1410
1342
10232
5090
8148
9597
6613
3519
976
3555
5463
7888
10125
4379
3831
1640
294
5385
5436
4478
3012
6679
5438
7315
8199
1039
1588
4279
1791
1845
10370
4582
8580
7685
6912
2542
5453
10633
9148
2443
10053
1279
3206
4446
2190
4810
1438
8492
260
1481
6448
6736
3591
2839
3269
9889
7281
6083
8165
8935
9700
10250
7645
3703
10069
6641
5384
5231
3504
8144
5080
5188
6311
7088
7079
1936
765
10275
775
9608
8945
1437
8286
365
9516
7868
4371
4632
1464
4439
9314
4266
9332
4163
1983
5362
4701
7903
373
3597
8344
7565
4188
7755
5700
811
2180
587
6171
327
10433
4722
7858
9049
5237
6782
7444
3111
7727
792
7032
6673
72
7551
1888
7816
1358
1625
10426
4766
10616
2834
4412
2551
972
2397
606
6766
7920
3010
2604
3027
9015
4344
10537
4088
3375
7416
9323
8673
1251
5771
2243
4430
4691
10412
470
840
7805
2601
103
2854
2069
2906
28
1526
9822
6001
8816
1008
1143
7846
754
10008
6980
8757
5123
5929
7464
729
6091
5999
6416
3727
782
3611
6956
4380
3392
2658
410
9307
2567
6090
7055
907
4022
4728
1870
722
7106
10282
137
2211
2349
5322
541
6715
10458
2743
795
10642
820
617
3476
2727
4929
4711
5583
5099
461
4884
3036
8980
7878
3808
7225
10469
2082
5323
10246
8982
5948
653
9698
1088
6723
3405
3114
10463
6560
10627
7439
10243
5842
1978
6868
4201
1040
6004
4309
1863
6684
7158
7392
1597
1309
1057
3037
3096
5049
2712
2649
4028
6909
7070
6911
10365
8586
2373
8304
1276
2178
3386
3859
2019
5678
9553
5061
10668
5116
9805
4564
6933
3419
3967
588
9935
2125
251
8847
5778
3529
8742
8596
388
8963
10641
6491
9546
10078
9198
151
10419
10390
5053
1933
6575
2183
9078
1373
7991
10660
8931
6461
5677
4397
6717
8940
852
1368
2134
1326
4378
5891
3752
1885
10090
8813
6595
7046
8879
6034
5788
7381
2497
414
4426
5532
8092
2011
4463
5488
1565
10527
8637
6150
9189
4873
10346
9590
4596
5928
1199
5300
6678
10657
5430
8426
10166
2184
6807
1457
5977
4660
2346
397
1240
961
7534
2298
9467
10209
7030
5704
9255
4247
585
5625
2636
6559
8122
5938
5676
8069
2468
1867
6024
9985
5864
3537
2207
68
8552
2203
2617
9302
1062
4241
544
4091
1960
3909
5591
4255
7530
7085
5737
4571
7131
279
14
1723
2975
8772
7092
5984
1599
3892
1713
6967
257
6996
3541
3820
2339
3579
9300
1808
7183
5649
1109
4513
7896
9080
1653
7031
10107
10017
8936
710
3836
853
4350
5358
4460
3461
1945
141
5221
10699
4008
4806
3009
6018
9440
2392
473
6867
10491
5102
10181
744
9046
6941
2635
1698
7518
8529
3545
3505
7479
6865
3915
1513
3834
2587
8665
746
3785
4361
9308
9761
1490
222
4708
505
10382
2320
3388
9430
6321
9352
5822
9552
1514
2928
4149
2003
10559
1444
6571
3072
605
10715
5253
9367
1153
6769
10351
1623
5407
4073
865
7649
6910
5332
2241
7420
4331
7108
2519
8191
10094
10663
9800
3143
7681
10296
10545
8042
3451
928
5057
1228
6832
8313
4833
680
2527
4199
3636
3998
10558
3879
5536
1063
8753
7934
3630
4834
3353
4554
7355
1764
7077
2310
622
9123
2026
146
10126
5245
2707
4958
537
1917
1830
6840
2459
5904
4570
5970
9020
1434
690
6431
246
1932
10457
777
4846
7335
8104
5680
8540
955
4910
10447
912
1899
94
7
7194
4526
9837
7296
5173
4484
3750
100
9687
7593
7852
4709
7170
5820
1657
4577
8605
1144
5670
3941
2456
9885
5744
2547
9050
8006
1794
2632
1508
3885
3806
5307
7372
5467
8318
7540
10357
6705
10174
5841
9169
9776
5185
3715
4500
1575
6683
9138
2342
4204
10448
1538
7302
9840
3825
2984
7590
1740
2334
8315
7711
7961
7226
6681
10286
10659
8036
1256
3631
5217
3811
6379
280
3484
5109
2590
5280
8565
5479
2921
3973
3768
10066
3373
8642
8364
6219
3020
6485
3354
4982
2401
497
6742
8733
5107
6283
923
1007
787
400
5164
7725
1655
8774
9950
4614
2759
948
8141
10691
182
3032
6842
2878
1265
942
818
519
8844
6567
6453
5743
6697
7939
4313
1758
6937
5952
9771
1108
228
3147
1000
4783
6859
6141
2810
7670
10093
5496
1965
6234
6802
1586
9227
5732
5605
2369
6936
7700
7082
3873
9727
4905
7025
4637
10135
5328
9370
9018
9873
8314
1255
7056
1849
8801
5136
734
9030
9868
3758
9073
984
9712
5901
8483
10343
5575
9550
9468
8769
4431
781
235
1914
2979
88
9587
2258
594
1627
10120
608
9991
10474
9032
6972
5167
2530
9851
5585
6908
9034
2611
4481
7766
6549
3140
6786
343
3038
1118
3609
7049
5519
5276
5289
3365
2329
10639
1519
5925
1716
9460
6398
992
7119
7904
10407
3734
5898
1049
522
1690
4823
1666
4364
5911
1683
8
4389
2835
6438
2330
2450
1313
10716
7191
1652
8624
7866
9775
6783
5581
8749
5359
9223
7214
10040
6628
10059
1196
951
7052
3071
6860
5046
6096
6815
9100
2862
9896
3489
7485
4773
5693
8503
2045
1848
9381
6013
99
6772
8396
9686
3255
239
1592
8997
7482
9650
4508
7202
8031
10400
6316
9913
92
3044
6691
4195
9167
4326
4557
9648
1868
5806
2797
10266
10467
4034
6658
1854
33
5546
8332
5435
10036
398
2066
5151
9089
4700
3648
4078
9411
9702
4081
8653
10667
2667
1204
2968
6480
9051
9236
9551
1728
6932
29
8865
7942
4239
2887
7574
986
1391
6269
8053
8356
3198
678
8341
3839
562
6885
23
9898
10289
7423
1955
4033
6476
2597
8239
3625
9871
3895
9092
4387
6809
5927
305
8903
3585
6979
2204
2666
7487
6924
2720
8755
1107
2087
805
1192
1760
6879
3911
9447
8232
10152
1772
7065
9009
8750
1307
6147
6254
6047
9971
7096
9566
4584
3900
6176
9591
6496
7342
1876
6452
4855
2364
3778
442
1340
6892
10538
1553
8995
1173
1735
1819
5402
909
3571
2726
1674
1970
1500
1543
7522
8579
9324
709
3619
1041
9803
1937
6650
10510
2941
9340
3069
6057
3395
7219
1887
3906
2607
6222
10222
2167
6532
2753
1532
1304
9619
2245
4744
3982
7282
4150
8738
2173
6554
3988
7188
1556
4067
4229
2785
4232
1891
2514
8478
5094
2054
4827
8443
7084
1001
9730
4108
4077
2084
3371
8863
2446
1732
1236
7043
8613
2972
5699
5113
5830
4169
8390
2000
4791
6136
9594
10256
7698
10603
9977
3616
960
7452
5747
10142
4970
1253
8572
1489
5781
5810
1581
8657
4793
8582
9260
4927
7412
7616
1953
5050
9626
1021
4183
5037
7398
5070
6968
1539
7434
7516
2613
10505
2844
8251
5714
7570
2096
173
8803
6795
7490
7442
8381
7860
5244
7210
6492
4790
2473
9243
1682
19
611
4153
1809
2384
5869
5021
1492
9087
5834
979
1976
924
8055
5383
2315
2371
7059
8194
7014
6556
1257
396
3562
4233
5129
8988
3589
8296
6032
10571
8869
9182
9627
5772
1425
8335
8616
1314
5521
4161
502
7325
8496
6603
1068
600
3335
5192
4800
4301
3399
3261
6856
1323
2858
774
7745
4994
10404
6294
2093
2293
7613
4455
4469
5651
9219
2057
10111
1013
593
6094
547
6507
5564
3165
85
1413
3241
4236
1645
7146
1605
6648
10347
1583
498
3966
460
4770
7810
6718
3634
4902
6638
9654
4759
8437
8964
5671
6657
1542
6206
6955
4925
455
345
6716
4444
9325
3401
6213
8932
9680
3772
4945
440
8218
2588
10697
5160
7668
1032
7402
3286
7776
427
10269
5601
8817
4403
6021
10304
8179
2022
2317
31
325
7535
3047
7103
3872
5246
10542
6325
7115
8872
7705
4131
3666
1264
3827
4222
861
135
8452
4470
9298
9031
9485
2591
3756
10319
8525
10216
9096
3623
5849
5923
4499
4264
6368
9561
2804
6689
4355
9909
9588
2936
8944
7691
2709
1842
5457
3471
484
5694
2067
197
3400
2790
5784
5150
1852
2596
4931
8473
4342
8767
2202
4868
10253
4502
3107
4019
8780
7478
8184
5356
4095
2196
5643
9760
10598
5410
10204
10073
8401
7425
79
6869
6685
5565
905
7772
7050
10459
9724
950
8924
12
615
10004
10333
9759
4717
9605
5200
4457
5997
3025
6760
9427
9419
6799
1152
6637
7136
713
9040
9351
4943
2896
6437
3420
2415
1795
3274
3898
9787
2267
5764
528
2934
4275
10576
3118
3411
3406
10112
4651
698
4980
9084
8856
5121
1547
3684
700
772
3216
3952
5234
10348
2440
9043
2735
590
1825
298
3199
2077
4617
3246
506
10551
1602
7218
6247
3145
7137
8362
4427
5903
300
3142
5617
10431
6306
3620
4593
8124
1169
7098
2736
9758
8560
3442
4172
1943
5393
6607
2089
8822
1840
8171
6631
8021
3352
6710
9177
10157
2827
2926
1942
4136
9334
813
5392
4656
6377
4993
9795
5395
150
969
3492
4978
825
4977
1166
9969
6551
4480
3935
1689
8278
927
4644
6093
3708
3824
2101
6920
5696
6026
5033
646
8447
8116
171
237
8348
2148
6449
1701
2648
10645
9926
10554
7454
3843
3989
7867
6397
6069
4202
1577
6020
4655
3177
9059
9880
725
3382
2923
7306
7373
5775
5104
2478
7363
2049
7662
3175
7216
6378
7135
1162
3567
7199
8397
7270
3333
4809
420
4219
4428
2285
10706
2863
2938
6343
3330
25
9421
2487
3319
635
533
5777
8045
10042
9237
1541
7716
5799
4156
9098
2557
3046
7447
5734
6801
9838
2160
4483
4592
4893
3635
4812
4240
6903
4976
9828
7063
8984
5604
5355
2270
5279
449
1501
1934
5845
1
8123
9750
10331
3345
1779
4716
5309
7702
1073
6039
7885
1736
5635
6517
5211
3856
10021
9058
7742
6880
3222
4680
6040
7241
3048
4963
1352
359
4789
2199
7365
9785
6561
3683
6280
7309
3191
10366
4492
5740
8823
7408
4799
3359
6131
2356
2882
10096
10068
3049
4119
10052
1004
3166
267
9920
4794
10029
7765
354
6
2435
4295
1129
56
9960
308
4168
7042
8808
6768
9271
5062
9612
7625
6066
6429
10097
2083
9638
1705
2639
3218
3576
8999
4002
7251
8101
6841
6872
9272
1448
10495
6478
8415
5910
9951
4819
2147
6756
5557
6226
7348
7562
10159
9511
8497
703
6009
10384
5100
4159
382
9024
5493
3826
4277
9968
726
1258
9807
5066
8640
6935
52
4838
1614
334
4398
6230
10228
3384
5052
6654
368
152
6621
7519
3696
8130
738
7714
1729
10002
9402
191
6644
2140
2030
8474
614
507
9280
10372
10636
1750
17
8526
7411
6702
7768
4278
9355
10566
5762
2647
6861
5405
5613
8633
3560
9484
7706
8524
8068
6771
4176
5478
1801
1941
9602
7586
4804
3977
1587
4503
9770
10156
894
4225
5624
7708
9044
8647
8376
8051
8889
380
6246
8508
4648
5589
6051
9178
3628
2556
8821
10215
697
2488
7361
4757
5811
6976
3088
10456
10388
925
220
1419
1702
5201
10162
6964
1311
9081
2566
2396
7527
2763
8392
2181
3637
715
3867
6693
10244
3078
9457
9250
6773
10277
6498
1820
2856
5615
9251
9763
3947
8684
7731
6862
1232
3515
4818
5206
8590
10291
9555
8510
9583
10411
8850
6109
6369
1879
10580
9423
393
4362
9124
1771
4600
7118
524
7545
6463
6384
9267
3051
4217
5078
2981
1451
7744
9372
2482
3192
10211
5887
5125
6744
7209
1873
3905
5709
6044
7172
2711
6272
6728
7770
3379
2605
11
9268
8571
4432
2074
9238
9953
9203
9932
7291
1676
2385
9190
4866
9366
10203
1112
2120
1510
8974
429
10229
7346
3677
554
9119
7354
4853
179
1055
3488
1603
2758
2221
10658
458
6459
1366
1812
9156
996
9543
10672
3679
200
1788
2677
592
6241
5350
4899
8319
6899
3264
7864
1956
6363
9556
1971
1423
2685
7254
9310
9285
2619
9497
9056
6826
5796
2811
4151
7351
4944
2586
10654
741
10478
2782
5371
4318
1064
4821
10035
3742
10197
8858
9843
1397
9964
8262
1409
7721
8029
9676
3999
10106
4390
6270
1462
2757
10719
7599
1044
1388
3660
5647
2442
6130
7697
8663
8430
9573
1297
5379
5429
6159
6399
6671
2308
2357
69
9288
2853
9708
476
2192
1491
9455
10674
5008
2656
2118
3292
7633
7605
4627
6624
10044
2569
7829
5555
3901
864
1077
7152
1576
1585
9646
4209
415
5317
3105
3340
10089
371
2423
7919
5686
34
6450
4381
762
5182
1774
1744
638
3065
830
4603
797
1591
9163
232
5713
3600
670
3452
2603
10248
4445
9371
7837
9303
10508
5415
4609
7510
10369
10247
95
5316
74
277
3491
2893
9165
2671
3881
857
7421
2048
4386
4956
7785
10592
1180
1216
7890
7187
6358
10612
6822
1138
4434
2577
9244
8331
6870
432
3711
7894
199
3644
10071
8446
660
9872
7401
3463
9316
4613
7761
4115
8403
9625
2651
9342
3464
3016
3162
3378
7803
1115
7964
6945
3357
3302
7926
6743
2332
2669
8708
2803
1250
8310
10470
2833
7033
7245
7157
1328
3861
8893
344
2503
8272
6791
4995
6401
4533
4743
5900
1320
288
2531
7892
5172
5939
5263
6925
6694
1796
8500
4620
8107
8166
7129
7611
2983
5531
1443
1525
9208
962
2976
3120
3784
7870
352
8485
4449
1113
2284
1517
8011
2969
2179
2494
2654
914
1503
6752
5455
5862
240
8702
9777
9818
3224
9405
9315
9545
3707
181
9886
4960
5618
8584
6178
189
2319
4020
6623
10613
2314
8441
3793
2553
7086
7552
9428
10023
1190
4560
4505
1048
3615
6781
5606
6855
8884
5079
5004
3539
4302
7155
3231
10692
8210
8299
5498
5144
4393
2947
5503
8120
1463
5707
3104
4186
4402
1922
10287
9615
2730
959
2745
1629
1477
10212
5282
6064
7995
10602
3251
5920
5597
9865
5611
9671
1991
5068
859
3115
1892
1357
3418
2376
5354
6848
4090
8246
6005
6323
7001
6146
5809
1157
3121
1184
1338
10180
2232
3857
7977
1903
3066
7107
84
7481
2680
6172
9162
4069
1181
546
3203
9506
8039
3403
4733
4657
9709
9751
2723
8019
4261
5685
3776
764
4401
7222
3726
4678
9736
8070
6456
55
7779
3986
1554
9357
2302
2564
7580
3428
10067
9462
2338
9247
8692
7134
829
2327
9152
9439
5679
303
1613
5449
3573
2208
4551
7634
4274
1624
10423
8264
9175
3652
6598
53
4646
1816
1120
8504
2261
9361
10087
751
7899
8109
375
7891
453
4001
7797
8114
10455
946
7581
1558
3775
9883
6688
5301
7133
8599
8222
7940
1535
3903
1634
4741
8928
3422
6974
7922
8759
3594
7844
3955
8424
5981
2222
464
7693
3773
3769
115
6075
10415
8723
3870
7385
2193
10704
4851
9103
7233
5381
8350
2281
6803
2991
4414
2124
9231
9992
472
3656
2344
8986
376
4141
3599
8643
1182
8551
9876
6161
6352
9394
6645
2210
2673
9311
5216
6986
3802
1218
1684
934
2271
9408
4189
10650
3800
8923
3819
9498
10193
8340
6753
2393
6596
9016
6121
4374
7496
666
2771
1100
4746
5540
4017
1950
1078
10567
8355
1972
5932
3320
2480
3524
3074
3612
6299
2235
5641
837
3737
8644
10424
9142
2105
9431
1005
10064
1023
148
1136
6400
6714
2869
4196
486
2630
503
2676
1782
3883
160
5931
8371
9413
2153
2461
2529
9453
4587
3643
58
8650
6300
9858
8131
6765
2886
3270
8672
5180
175
3691
2251
8885
1395
7413
7371
933
1601
6084
1504
3844
9441
758
7193
2383
10200
4795
985
9915
4635
7278
4848
4510
5805
8777
2683
1158
208
5790
7585
4515
4030
9507
8281
4178
3276
1128
5194
9846
8651
8610
4569
3725
8241
278
9475
3714
7409
3325
9606
5787
