7127
3099
9924
321
4607
9644
2896
7987
8432
8212
1646
89
10574
1121
476
4490
9336
9556
6678
5743
8160
5605
3704
962
4271
9592
6939
7360
339
4080
7850
3049
4130
7513
523
8342
1276
7841
9598
2623
10443
4981
6248
6125
5984
10158
68
10471
5266
3808
8044
9826
1526
9667
7187
7967
6058
6153
513
8654
555
2960
10603
5081
6164
56
9354
372
2449
8720
8655
8868
7929
5886
10295
8771
10111
10117
3016
5305
6627
10345
8830
4074
6278
193
8568
5005
10030
2407
824
4933
6219
5914
9756
1863
8091
1182
3769
6457
4005
9830
8283
5485
460
2225
1771
4776
9291
2637
234
9254
642
1645
2075
5656
6654
166
5721
1158
182
6734
2375
9325
1798
9051
10122
10430
1996
541
10691
9403
5208
5706
7435
487
5672
6949
7456
5707
7808
7847
4284
9439
1573
8450
7927
10187
4875
7899
4964
3534
7835
1915
7848
3371
7965
9289
217
6460
9997
5749
8760
6033
6297
304
8875
10569
8168
10133
3231
9713
6089
9618
4488
8275
4392
10354
3350
9532
5716
8180
5778
2666
811
10194
8659
6301
9445
4816
5453
1673
9523
9118
6486
3604
992
2043
589
1278
5216
10172
5917
8867
7444
4367
6700
3329
7400
10040
7546
1959
5967
7662
9970
3336
7359
2238
2948
6208
10488
5126
9127
9901
7575
9355
3330
7203
10516
5390
8302
3146
3479
294
6015
5400
4747
225
576
5268
4643
9640
4542
2437
1600
8423
1128
5808
3305
751
5780
6814
2856
4939
2746
8763
7650
5137
7352
5294
2239
6284
7638
10047
9428
9737
4022
4499
9335
9804
9132
4823
7628
4289
8231
6523
7666
3630
7
3160
10136
2850
377
9657
4602
5578
7007
173
9807
5272
128
10647
2844
3485
10330
3039
8228
8487
7595
7607
6925
4839
10085
8857
7563
7267
2549
2592
10602
2432
4312
9992
2511
5667
756
8856
4657
4876
2393
5047
6240
6509
1429
3194
7926
1848
464
10276
5046
5028
3030
10563
3930
5122
8276
8157
3401
3029
2291
9848
290
1000
4623
1914
5283
3750
2399
9381
5234
9625
6889
10044
4614
1456
9744
8513
1172
4176
6108
6931
1333
3578
349
6117
2800
7844
5371
6214
3093
514
7761
2257
4647
4900
7951
8668
8057
675
10167
4501
10002
9460
6469
928
6114
7748
3089
6789
6510
2630
3182
8086
10562
6644
6304
6867
1626
2512
7074
205
5507
424
5599
2457
8365
8326
8395
7656
5451
6926
812
1564
9876
6137
5681
1221
6813
2872
310
4028
2683
9241
3924
6518
672
4612
367
10458
9527
1985
575
2426
4732
467
2180
3648
9038
1089
6416
2744
3012
5419
4375
4529
851
1818
9401
3346
9747
130
1093
8225
4628
4705
4781
5787
2544
8254
5166
7278
1862
701
8444
3191
8707
10058
6431
1633
8346
6266
2689
8139
10260
7361
6317
2362
1712
8658
560
5792
8256
9890
4813
9470
9203
7465
10208
10376
6010
6468
4550
7426
871
876
1768
8530
462
3392
6101
9303
805
6055
194
9654
7625
10200
595
3994
7066
5858
5380
4551
3402
8292
4087
2884
3606
1213
3643
2996
10526
6270
7298
993
4519
9888
7160
365
9391
5551
174
7673
1888
6772
6536
923
2879
1649
9033
5096
1363
7998
4912
5499
5070
7000
7702
1675
8728
8309
7877
8752
5657
1666
7398
9673
10184
7999
3860
3469
3212
8104
7366
6080
4631
4523
8070
10626
8828
7033
3164
3014
10101
6020
7394
8193
2745
1309
2374
3730
5563
4140
1532
7155
3794
3145
1635
2352
4083
6986
529
5955
6366
1294
2141
4128
2455
2749
7423
8848
6550
9638
8331
1391
5559
10067
10683
2277
8233
181
5714
6326
9434
2531
4662
121
199
5767
2009
8873
10565
5939
8442
777
9516
739
8755
5117
175
10581
10059
2464
4247
1250
1587
6475
1661
556
6450
3828
5918
1388
8172
8713
6482
4101
9240
10296
8204
4675
3658
2327
6019
334
1628
10267
10221
7573
5145
5039
643
2855
3374
6853
3741
5920
8631
8475
3195
5144
7703
3405
2624
7812
3003
8501
10154
4888
4988
2952
4719
2845
222
9144
9411
10696
3207
3210
9878
1473
1180
1423
9362
9141
9264
5480
6141
658
599
3056
5684
6566
4837
4536
3393
9669
8624
1811
4073
7194
3609
6056
735
9736
943
5244
3042
8550
6253
10702
10495
4364
145
7623
4016
2170
10144
3504
9709
5441
3471
540
9615
3718
6149
10293
3291
7276
7290
4616
191
10432
9861
9525
10312
4141
949
8651
957
6387
3982
9964
6610
6850
5308
8538
4742
3137
4491
7683
10236
6564
9142
3532
9896
10384
9530
741
1835
4574
10453
10531
2465
8813
1176
8753
5245
428
6597
4465
6335
2084
717
59
10324
5548
3624
7044
34
6936
3803
5503
2317
2403
5045
5256
5230
7321
8629
7236
2936
3987
9575
1036
4422
6445
4259
5425
5079
4034
9078
9301
1125
4300
1509
8877
1340
1833
8708
1584
2484
4188
2558
9427
1973
9661
1762
21
7824
6377
6448
3166
2697
9565
3129
4202
9539
450
7571
2971
3990
7674
10156
2442
8384
8730
7357
4960
10227
8271
7224
7099
7431
1672
4165
8500
7572
5719
5323
3413
3533
1778
5529
7381
3321
7510
4841
1606
112
5562
10335
9189
10547
3923
9375
5665
7856
3968
6755
5238
2654
327
4281
10031
2897
3912
10377
9840
8187
8959
7991
7894
2575
9474
8923
8123
8094
550
1455
8765
5006
6018
1196
5996
4485
1242
5156
1454
5932
2022
10223
7401
10416
8261
72
1272
8948
5505
10540
5881
6538
3712
9982
4867
6777
8594
1668
902
2175
9134
484
7338
6883
762
5980
1784
7921
4856
5988
6683
8186
2328
6693
8944
8311
9009
5189
2054
6059
10146
9213
3437
2410
27
8557
9596
2081
7911
9978
2329
9351
1446
7553
2692
10614
6749
5549
2470
5444
4440
7021
1520
4019
9298
98
5114
7629
7011
6121
4139
2117
4338
5741
3795
9911
6148
10518
4275
1426
10001
905
2803
7859
1519
6193
10145
10318
2556
4481
10437
4447
9102
9633
6995
9624
2656
1236
2984
3175
1190
4755
1539
9610
4025
1965
1831
8244
392
10477
3786
1233
3512
6347
6640
10018
9497
8081
3561
7089
3904
5497
1816
6171
232
1246
1155
1490
1627
7239
3238
1244
1822
6619
8641
2635
3290
10404
6762
7083
7882
103
4277
8963
7527
947
6331
5958
1403
3807
2031
936
6242
1669
10611
8893
8605
605
6844
5116
7790
6556
9489
6003
9510
10338
3640
9100
5546
1033
9447
5493
4412
1264
831
4530
731
3891
7002
6540
2989
6217
1517
2489
3108
6985
8141
10708
6078
1969
5486
7826
3441
1744
10513
704
9153
6319
3163
9855
5835
286
4152
6632
9925
10080
8211
6971
7829
8158
10428
5896
2928
7740
362
289
60
10148
10152
5085
4986
6732
1758
5207
7436
10578
1183
8794
2387
10032
7954
331
1110
6120
9340
4801
6350
7770
554
4297
5247
492
1718
9342
8885
4319
10246
158
940
2422
8974
6914
2300
6446
1791
9019
5891
382
10242
6473
6862
3387
5994
1345
10204
7966
10412
5540
2035
5517
4741
4508
10251
10086
543
685
9656
246
7611
20
10019
2519
7459
6320
2265
10681
171
1080
1554
3082
5465
10275
3318
6982
9413
2565
913
10097
6648
10720
1381
9331
4343
1562
4996
1422
8007
7471
4234
9324
4976
1544
1572
9154
968
3759
8371
3617
216
1881
6639
4566
7085
766
2934
6831
3777
5516
28
7752
5071
9938
2536
8383
2698
2869
7005
9968
1693
3428
3434
5254
7690
763
9648
2956
8544
2907
8769
2347
8476
744
3565
7885
5755
6093
9939
2179
3682
278
420
3430
4722
9884
2156
10601
4570
3874
3025
6489
5375
7238
4524
7324
8391
226
978
4861
1942
5222
8565
8640
3619
6589
4370
9293
2961
2947
7041
7289
2796
4842
9637
55
7468
9268
4
2833
1803
1700
9087
4330
10494
7144
342
855
778
6892
1372
5978
9217
2200
8066
5307
3719
9
9499
2605
2184
3569
2717
260
7794
9150
1386
6571
5850
4362
4388
6247
459
1824
7479
5134
1397
5393
9475
7778
8320
2504
5463
4817
7843
7560
8370
6783
5069
4948
10159
3470
8989
2438
9353
10575
1868
9958
4288
6660
6269
3611
203
1542
3079
10358
10051
16
8178
7088
2295
10151
9223
6265
6156
4828
6244
437
509
4434
5911
1307
7716
5251
2
2264
7469
10452
7077
4041
91
10202
5376
630
3790
6609
10372
4396
6947
1475
8403
2693
8022
5151
9684
4287
7013
320
722
8382
1614
8128
5693
1314
5751
7219
5965
7286
4117
2460
2412
8642
8761
3072
10240
8469
9755
10459
5870
4433
80
2660
1917
8106
2563
979
8324
2541
1525
660
1795
679
4415
6289
3603
5885
10560
7461
10608
1240
4211
4355
6452
8149
2385
3705
2474
440
6212
3637
4222
9397
3484
2515
4750
10431
7634
610
2451
3226
10197
9108
9496
9374
2077
10596
7498
9931
8676
676
10470
574
10168
8702
6872
3193
10519
8030
8643
6410
9816
9666
4591
6792
2070
5336
8251
5394
10659
8855
1961
3625
1317
4889
2356
1065
5120
6176
5236
1467
568
2359
2685
1782
5763
2534
7216
8607
5912
1925
5567
1077
1885
9251
293
10515
9239
2482
1964
7161
2735
9345
8823
6634
5602
3909
5968
1529
3992
7065
6763
9947
2696
274
5427
5899
4788
463
636
3797
3919
9208
3002
7175
4267
9929
7931
665
6598
9517
9989
9313
2058
10065
2098
4539
9660
1410
2811
4873
681
5995
3251
6243
4931
3607
4449
4791
188
4819
3457
5180
9626
5379
2395
7380
6477
3417
7322
6449
6825
6957
9769
8573
1900
9564
402
8634
5099
4084
379
5876
7676
9505
6216
2301
4904
5306
110
8802
5044
8434
1054
5807
5973
10585
4108
6517
1453
6804
9316
9603
6470
7448
6898
7608
534
2101
1231
4554
3943
7686
10114
9199
3843
7784
1308
4651
7246
3753
9912
803
215
7875
8317
4831
8514
1365
4155
7446
8596
6255
5943
3897
7905
3135
9659
7148
6420
9689
841
7017
453
848
5063
2372
4710
5705
407
1932
5663
8967
2893
9365
10641
5037
1390
4480
5300
10073
5382
4869
5520
3883
5322
6746
8356
7241
2809
5801
6485
3501
6605
5708
4442
6175
944
2631
9670
3853
1300
2443
9330
632
7719
9338
4943
326
485
6409
2228
7536
8567
8806
2710
960
8073
6115
2661
10586
3418
584
9915
9001
4001
1894
8843
10337
2383
6060
6048
4398
2615
3622
2462
4609
8197
1367
3546
6526
4615
2303
5303
5748
1527
143
4308
4921
9049
7067
4687
9730
7564
6314
6049
2146
9270
637
1899
5694
5374
813
7339
10104
9754
7454
1002
2019
371
5066
9693
85
5348
1384
3831
2789
1091
9181
1578
170
6398
10385
2241
8528
2524
4437
10343
1671
6582
5628
2795
3921
5110
2642
7182
1637
2072
7228
7414
5291
935
9222
622
3976
3240
3614
2068
499
435
3378
3179
1056
9983
7574
594
8024
7588
6686
6310
2658
3663
5211
5339
10304
8047
137
3311
2109
3105
10658
3782
8996
1624
7757
187
5349
70
580
8413
4304
3941
3273
7924
9692
2649
4103
10118
3819
6894
8051
1548
5317
2313
3649
2401
4733
2636
7226
5935
7284
8484
363
1305
4637
10399
4829
8258
4911
1370
7958
4593
2260
1910
1445
2014
7477
8140
6036
8790
9588
4082
2476
6962
8122
5827
1086
3936
7589
1214
1979
9186
1622
4520
31
9458
7270
4518
8239
5104
425
7736
1538
4215
2502
5790
1311
4007
5131
5544
8300
4883
5820
3500
6829
4069
10699
3894
2763
7887
8942
2280
8804
6977
1753
7151
9048
5974
827
2770
2651
6397
10504
2598
9572
4568
8696
7687
10036
5568
6891
3158
6294
6662
9534
5768
6631
745
7912
1039
2453
6555
3846
1721
726
358
8662
8427
6527
9210
10181
9020
5277
3052
8019
2414
5100
9728
5147
393
9273
5658
945
503
6097
1495
8048
6016
6713
5861
480
7481
3073
9986
4793
585
1392
5221
2900
2922
3076
9080
3679
8183
5552
765
6458
1916
9537
6329
8545
4914
7367
8446
5531
641
3309
4461
10129
9440
3650
9770
6057
5794
7376
5607
6906
1060
6140
1287
4193
1779
5698
7619
8175
5190
6222
1087
6340
5936
7229
9777
1160
7562
5158
1977
8447
10624
9698
8775
5640
6040
1809
4406
6154
8690
6259
1416
9137
5685
4892
2030
6993
1697
10259
2189
4531
9386
2424
4836
7256
2367
601
5645
1219
9521
6150
8182
9077
4149
6463
1126
4014
4168
10402
3120
10395
5545
4473
3451
3798
6663
9039
2477
7801
4663
10203
9444
9182
2724
5742
5090
1797
2628
5169
6988
3269
3184
8768
5633
283
9174
7171
10185
1785
1565
6965
8078
1927
3641
10645
9191
4760
2343
8316
3586
6704
3833
7179
3038
10004
2062
8577
3621
8041
4544
176
5055
1156
8914
719
2622
1793
8929
4472
1884
9987
6360
5610
3986
7258
1849
3733
5312
1439
4226
6815
8358
7484
10486
5386
4782
10014
802
9526
10484
4951
8280
10507
7282
8901
4066
1418
1281
933
7076
7318
597
7034
10316
1533
3522
8759
5115
9424
3491
9885
3538
10140
10411
1038
8125
10549
4413
5102
4974
10050
8851
2633
6871
4998
5940
4668
3839
1743
1318
2164
30
5761
8939
3092
5948
5025
6132
3385
10633
3871
2358
4219
8014
3183
3800
8614
6798
10339
6426
5008
1949
10142
2546
5826
9710
3368
1178
3275
571
4572
4093
10198
4569
5224
6847
1124
5613
3971
2466
7580
7714
3732
1920
10225
8814
9841
3400
9836
8471
3605
7344
7935
2691
8854
8241
9126
2331
6808
2620
1269
9655
7866
4322
7190
5302
10680
817
201
5004
4833
5273
7180
5095
5771
1209
5573
3802
1217
613
3557
9851
1504
858
5438
7283
486
7391
4143
6712
861
258
9465
3835
9613
8637
8762
1050
3850
10687
9074
6408
10713
3836
5184
877
6944
5018
7670
8418
6600
6021
7753
7692
7786
214
6127
8387
9508
9821
4072
9507
8291
398
10434
3444
5821
5785
6900
8918
9577
6174
2933
5746
436
2797
3568
1647
5231
9950
2209
5191
8693
639
9701
5220
7636
3887
6158
8103
2964
3975
4328
561
7306
8632
6126
6459
3496
7973
7133
6324
2051
5445
6750
8546
1103
2408
8738
3724
4533
7677
666
2919
1462
8289
3357
6779
7210
6820
6385
7345
10273
6091
7280
2486
788
5894
3815
4923
8188
9136
10191
1460
10707
6151
6044
332
5584
9758
8517
7864
7879
9815
9721
1507
3638
9209
3315
35
3888
7906
41
7457
4359
4147
6345
7997
7100
4383
8334
6336
8563
4665
2842
7424
7543
9267
9616
3869
4896
6092
2726
8793
7900
2226
5395
792
4160
6565
6583
4446
10447
2828
5123
167
5053
5556
6476
1568
4989
8176
4055
1590
5020
7584
1230
7671
10483
6677
2991
9562
4879
7700
1901
5908
9767
9016
7582
761
7001
3818
1557
2056
1716
4313
6136
1631
5760
1501
10211
7637
700
1660
1893
10622
3018
4655
9726
7113
3043
9941
10091
7396
3268
9490
5986
259
9165
6487
3738
3507
903
127
2195
308
9167
7135
3467
3453
8757
3751
10234
10012
7660
3390
8524
9231
7803
2941
7118
10466
577
3981
6344
243
4054
6882
38
8277
3106
2044
7711
4803
2626
7834
9551
1096
2918
5528
7064
7023
1358
10374
4399
239
1776
8909
7869
1923
10268
7512
4724
4262
2286
9145
4351
9895
3325
4714
3198
10022
10046
6373
6802
7930
9067
2344
2085
9288
8156
6534
6383
1642
8064
1323
5753
52
438
159
3345
5464
6124
10028
9310
5297
3415
7774
1967
6950
10317
8853
5795
10127
8815
5111
1177
7117
5083
7972
7249
6554
5772
5756
2889
3550
10247
3097
338
8669
10698
1493
5542
5644
1551
852
3169
6062
5088
8791
9604
557
1596
5696
3478
6086
953
1494
9697
7956
9580
4636
4189
4969
497
9658
875
2783
4033
4895
4336
2513
6008
1458
7689
5689
7254
1243
3714
10612
6113
5703
3772
9631
6624
2942
1003
1277
6727
1013
10469
4436
984
2711
10607
10069
1328
721
7806
10438
7693
6286
3454
7212
1575
752
10553
9101
5869
6043
3896
7836
7830
8043
4511
4272
2643
8972
6465
1951
2350
198
4420
3473
6129
10364
3165
2233
2247
6778
4627
8303
1839
706
160
4581
10571
1909
8983
4077
3333
7416
1400
8580
1883
1116
4522
7961
3419
7974
5997
6225
896
10093
1990
10367
1074
6094
7597
5321
7507
10409
5452
926
8144
10011
7948
2078
7198
3123
9106
3821
8468
2006
3101
3574
7185
2069
8844
1149
5103
1404
8402
8440
1255
3352
8445
3764
8931
8093
4320
10652
8005
9029
5649
5985
8092
3142
8957
6258
10052
7639
10232
7145
9585
1836
6928
3208
3678
3416
4927
5655
2017
288
9441
403
5572
4419
10682
8907
6591
322
5065
8897
5423
3594
3249
10314
5227
9787
1586
3793
955
9734
3745
9008
4744
3324
8297
8028
1352
7950
6805
346
9389
1934
2270
7138
6873
6787
6279
2064
7389
8335
9192
2521
4592
8325
8084
2297
3134
3316
7944
6676
4430
7189
6691
1980
9322
1543
1992
9013
10444
9073
9178
1085
8344
2213
3618
6972
7531
10344
2122
2979
7303
4479
5670
10594
7285
8937
2066
2712
10662
5654
4356
6002
1275
6417
7708
7630
1108
7052
1500
4587
5335
3694
1800
3890
3063
2326
2011
7804
8364
1765
10265
1902
4503
5776
6466
4204
7047
8039
6349
8196
7762
6382
6053
2234
2302
6611
3382
9257
6441
1207
5492
10675
1842
7593
1290
8260
10401
307
7541
2718
1267
412
6029
4432
9071
7514
5042
5398
5127
5209
1566
7941
2108
5583
4431
9956
6652
10634
6606
3861
2500
3588
6689
4268
3100
10271
1570
7162
6024
656
8650
7663
10201
9723
5857
4187
6684
2115
9492
10076
3766
51
9433
5855
7209
9302
3061
87
57
2492
10393
7679
2404
9320
1169
10165
3199
6567
2193
10542
3178
2982
154
3355
647
8429
9131
3304
8238
9230
1766
6192
9984
10558
8548
532
4725
5459
7709
5252
6823
5582
5162
10457
2944
6910
7860
3232
10094
8374
2606
3144
1956
9675
4047
10210
4346
9416
6827
4227
4263
2110
6467
6563
5017
2815
2599
6743
1750
8003
2568
295
9617
3535
6511
3851
261
1359
10442
1987
1014
4681
5740
8380
2576
9559
9788
10077
583
3856
8933
10356
9473
10309
8480
4762
64
5634
1195
8617
872
8913
2721
2926
9364
2171
8820
3944
10657
5659
8097
9477
8458
7995
2935
2188
1857
6283
3033
8116
6875
1338
3431
2400
7586
6642
3727
10621
2339
357
5811
654
1447
10425
4804
10449
5530
2250
9708
6959
8680
376
7326
6261
9171
1715
7122
5253
2715
10674
6456
5154
7888
8237
4191
5643
2034
4065
929
4824
2417
457
4311
9271
8609
3791
9672
1100
1617
530
1127
1413
7821
5762
2555
9937
2604
1699
796
3925
7490
10649
5884
8595
1769
9999
1083
3133
8987
3384
9430
3388
2332
6688
7038
4381
9812
9822
2430
5775
747
4844
4573
9519
9280
1638
9733
330
7519
10410
4726
4794
1924
4404
6653
4453
9702
488
1210
5765
573
5270
7706
5035
6081
4712
1061
6886
18
4874
2713
4017
10064
4715
781
8747
8435
4166
4961
6888
108
9196
8405
5953
621
10092
2813
10123
4630
10717
4963
5325
3991
178
6231
4903
727
7766
525
10164
4565
6004
736
208
1198
9799
834
4865
2690
3726
3666
9651
10174
9751
10638
6649
8611
1947
8456
2113
1958
4279
9731
7496
4757
5862
10057
1679
4235
4907
5363
9486
1496
7863
1667
10510
10550
8653
5631
1468
3783
8678
1802
2067
6197
3205
6167
5963
3369
5614
7517
2063
3763
10517
2814
833
6302
8949
6437
5059
3372
3525
2750
2073
2036
1838
9880
7018
7957
5259
1396
3855
6788
3292
9115
3221
9961
3867
8416
7818
8124
4666
7646
5671
5838
7989
3505
10414
3314
9827
4527
8203
2595
6502
1204
8613
6235
10226
6251
1469
4060
10502
1536
2111
10220
4783
4987
3217
8827
7576
4301
3475
9511
6681
2104
4745
6334
2695
7658
7917
2854
7301
10582
434
9813
117
5852
4159
5076
8865
7933
10257
8495
6635
2647
1296
10088
9328
8992
1011
2765
9190
1471
8467
8997
773
6584
9960
6096
3652
1153
3110
10015
9605
4329
7302
7849
7938
6552
6070
4354
8018
3057
8246
3154
1821
6052
3216
5124
1652
3282
830
8976
780
5495
230
10157
3945
3541
1427
2384
5598
2452
8936
4105
5710
9219
6955
3551
10347
9782
8284
3755
8330
3646
593
2754
7616
8585
5744
1826
10380
7500
5091
1735
324
309
2526
47
3458
10007
7331
7415
2174
1962
9502
4183
909
7947
967
3878
2346
5900
8269
9467
2231
7178
10228
9582
4702
6720
1607
8579
1168
5130
4577
2916
7467
9873
795
868
10686
2757
5637
1215
2579
10476
7081
2440
3735
8732
8327
3960
1751
3940
3338
9831
3421
8498
5051
1930
8189
404
10631
1362
5830
10451
10718
5608
10413
6433
5442
2152
6902
2655
7146
9092
6287
3698
5937
8265
8661
7299
1546
8040
8749
3842
9235
8846
2419
8177
249
3297
421
8352
6209
1045
7237
2992
3480
4857
1037
7697
490
7769
8787
7325
5449
4029
2223
8518
10548
1049
10439
6696
753
6860
6736
2639
8966
4107
442
1682
9226
1599
3344
5769
8142
7962
4115
2494
3911
9347
7984
7231
9886
10308
140
9717
2548
7091
4391
119
10035
6434
1030
3351
6163
4561
4992
5377
9478
5213
8113
2256
6218
9211
8782
821
4384
3147
7868
5895
7858
3895
8627
669
9899
2010
3817
4806
6322
3556
2162
9750
7168
4389
6983
9312
4427
2420
6268
4195
6549
10332
1229
1713
6573
2665
9735
10383
4977
1594
10239
6276
5443
4486
6365
6838
8818
4325
8163
8784
8829
3700
10285
5632
1004
5396
2812
5292
9409
4893
9050
1291
9632
3870
3127
6741
6542
5484
8153
7493
5909
8202
10095
5373
6904
10299
9538
9090
7374
2924
2007
619
5351
10166
5590
4853
1224
9476
8990
3103
3091
3155
9612
2118
4210
7992
907
6623
8162
8917
8619
2574
10189
10359
3455
3327
8770
3211
8969
279
2353
303
6103
10417
430
3796
4416
7221
1057
6306
7136
8850
3172
3529
1950
4121
8002
3239
8348
125
7405
4463
8001
5181
4808
3150
5498
5175
2990
6352
3398
7535
8689
612
4979
10017
7082
1854
7556
1171
2381
4526
6812
380
2310
8525
3774
3543
640
9930
2847
4809
6881
2732
7045
7263
9454
9326
1324
8924
5653
1361
2557
860
9220
4585
4090
2516
8488
8386
4641
1847
7153
822
6576
9712
3662
5977
8401
6819
368
10255
1895
3647
150
406
1079
6234
1850
8571
5950
6430
5330
6454
2276
2139
2444
10262
1581
1406
7547
1118
9818
1112
9442
2769
2198
6664
6356
10499
715
9377
1549
2510
1412
1348
10666
3966
4546
1377
8390
4429
975
9682
107
4172
2490
5360
3125
8635
8554
1123
5804
4576
1075
6621
4253
6374
9889
6658
3181
2142
8798
164
1860
1662
895
2232
8055
3075
2427
8511
6022
7123
4917
8474
6665
5460
4023
2166
504
9390
1886
9015
7307
3752
7029
9718
1380
8891
10278
2243
5477
5182
418
3148
1059
6000
10288
5739
3969
674
6134
3310
1443
1342
5907
9757
6194
9404
8004
2737
3684
5923
2127
4822
6725
7776
10577
567
5718
8831
3566
4926
3303
8111
4208
9512
4137
2614
5013
10256
8428
2136
4901
8746
7356
6375
6989
4448
2832
8071
10196
8943
8339
6706
1585
5906
2268
1331
4044
7014
8916
4270
4424
9501
10096
10207
1694
6748
10125
7491
5717
6560
1470
9743
192
8479
6956
6315
2210
269
2144
1081
5587
7635
7561
9908
5
6196
7587
9245
10566
10102
6133
2607
1024
8294
2282
8421
4541
10062
9990
1044
10498
4800
9606
8764
4761
10186
10135
8981
7297
3559
10501
9866
6942
6579
8216
8686
71
1028
9105
2479
9372
5170
7393
5271
6672
8406
1720
10280
1066
1817
2727
9162
9327
4454
8625
1576
3380
114
7192
7501
7585
10716
7817
9121
2033
10270
3877
3623
9352
2566
7476
8143
277
5258
8132
3250
2218
3332
8519
9780
711
7566
4196
3481
9158
2657
10489
9089
3701
9597
6661
1436
1608
563
9862
5285
1310
9206
10021
169
6432
7053
9944
1789
4026
210
3348
319
5410
4983
4492
5470
714
2890
6046
10368
5032
2681
3047
9741
3271
6201
9133
5073
7669
3113
1897
7037
2619
8439
1129
4185
6359
7174
6694
1792
648
2602
7408
3560
5922
1185
6963
4740
3005
10397
1664
10362
1748
5642
2981
5178
4459
5860
9768
7087
7698
8832
6505
6337
10620
1297
202
5176
5585
360
7735
3848
9139
4256
8315
151
6280
5833
7233
7250
4207
5604
5105
7733
8890
2335
7645
4751
8703
495
2448
1589
5286
1657
6575
8194
3993
5093
465
2168
423
638
1781
6461
4214
8849
5278
10099
6161
6966
6492
4928
9055
4595
3601
10390
5026
7537
42
2891
634
4146
7271
7402
3906
7936
9892
9894
2968
6646
9645
8000
8298
10398
3429
4644
3645
3272
10441
1283
9847
6710
5867
267
6342
1260
4043
8133
1191
6190
8685
6498
9057
10175
6921
1754
4088
1313
9914
2255
4294
165
9691
6863
10559
2485
5000
5288
9541
2473
4682
8623
1295
4245
3265
3067
3300
2386
6333
5523
7581
9881
2768
3613
2839
9025
590
4374
2123
3045
1579
10160
5675
5215
73
204
8170
8042
9160
964
7990
4962
6419
4239
10306
2382
5315
1162
471
9357
6999
9143
3136
664
5337
8748
8046
8259
8102
3008
7710
5650
7035
88
686
4020
644
6
2720
5695
8083
5738
6207
6413
3734
697
6076
2215
8296
8691
7884
6068
10263
1197
10541
5961
6348
8566
7707
7266
8154
7245
6916
9722
2974
7609
9451
6595
9909
4397
1770
2020
7579
8036
3827
10292
9972
9094
3308
8604
9261
9147
7342
8062
10071
8248
9536
3299
2700
10592
1701
3173
6764
8785
3104
1265
6275
5924
6577
2582
6394
2774
5007
2903
8378
9184
8217
2308
927
7020
8396
10333
598
3690
37
9800
9212
8777
682
3702
5378
1341
8946
1010
9265
7362
1747
5819
7981
9852
3319
1259
4038
4632
4045
9716
6641
2584
1880
6165
10190
8179
10648
1986
8672
2617
5898
5720
2181
1879
2100
7701
8671
2894
3824
5537
1968
4002
10322
10045
10024
5218
3519
9380
1411
916
1154
7925
7025
6795
3228
3117
3131
1655
9284
10089
9041
2927
614
7747
9138
43
5905
4217
800
2145
3868
6708
211
3677
517
5332
10527
8682
7090
2221
3554
3360
6339
8185
1401
8700
7031
6067
4385
8107
5313
3283
1435
7470
8719
5040
946
7134
4376
4133
2585
7197
3060
4525
7111
6504
10478
7137
2542
4345
4514
770
5466
6288
7552
5712
5555
4223
8345
489
1206
10321
10623
5401
4198
7783
987
1787
2418
2266
1337
2194
3859
4086
4291
227
2041
4557
3555
92
5524
4852
5926
5864
9387
10490
7613
5501
4704
2016
897
9858
2161
8250
10669
1334
4786
8161
2831
10539
9949
4439
9459
1867
1864
1903
2629
1812
8999
628
2806
4113
1134
7437
5301
1303
9309
3926
1677
1911
9443
5575
186
2983
9367
9798
5500
2905
8822
535
5851
2962
7482
1717
8729
3531
7243
7132
4350
4363
9463
8603
168
5159
6184
1852
2155
10672
4460
846
10124
454
1320
1978
10313
4815
3312
1025
8509
446
257
633
5809
5354
5728
3642
1451
4756
1409
4071
4292
6722
1728
705
1018
3085
578
6759
4688
8647
3632
2564
7870
4935
9457
364
1878
3995
10043
1249
1371
6299
6951
1772
5702
1047
2229
10320
2183
3463
4947
5333
9037
1508
9810
9772
9215
9784
9808
3748
1966
5138
4680
8932
7395
1378
10599
7554
2741
3723
4331
8562
4905
9285
673
6371
3331
10214
5510
2398
9583
5887
4067
3590
9835
9415
3672
146
7126
740
5462
1164
10610
370
5990
3915
3373
4736
5987
8882
5752
6405
6848
1192
2529
4810
3294
1152
1663
4517
716
998
538
1670
6203
6281
6690
5547
626
3422
10668
5791
4713
1262
4634
1943
1448
5157
7450
3852
7104
10605
1752
8264
10150
8240
6393
3608
6742
9125
7643
9824
6922
6131
9965
5367
8099
8699
129
5174
3927
6479
1266
9332
3747
3337
4818
7523
10545
9081
6879
8683
8372
6185
7142
4452
3935
9934
8328
8100
5319
2447
9805
6682
9547
6227
6810
2028
8876
5430
6072
4425
6232
2253
19
3583
8210
3170
5049
4307
8812
8118
9647
4184
1604
3447
10503
3840
4970
1489
1071
2360
1174
7796
4158
10147
6562
3597
4178
9099
3931
220
6919
4553
9393
7167
262
4318
9082
2397
549
2304
9179
2567
1420
6758
3323
1312
7413
156
134
9774
7407
1263
4730
4169
2373
6766
5133
1483
6064
870
9276
1414
8697
8766
4342
2570
5664
10456
3908
702
9207
5324
4575
2608
1120
5118
3064
887
8723
10619
10112
3917
8398
1147
3339
7915
4604
2038
1107
2776
6494
6794
7166
1853
4749
2154
1997
2236
3059
7603
849
6622
3153
4848
8941
10119
7060
7606
10325
2588
77
1463
10422
2507
1402
45
7277
1843
4691
4840
2318
9200
8636
2967
667
2431
5750
1552
3972
9426
7839
9311
5359
8234
7015
5793
6071
7378
2878
9453
10195
2059
9229
5856
2216
7128
6241
9308
3552
5167
5576
3776
3054
8801
4934
8473
8313
5399
9719
6685
3394
7892
3563
5391
494
8925
4695
4286
3914
4435
2322
8015
5454
9729
7795
8087
7918
6273
1151
5733
8079
7590
687
9823
3602
8872
7632
7667
5866
148
7964
7694
9123
5033
3488
3711
6069
1640
8626
8892
3813
10038
8539
10323
3503
2998
3261
2969
5150
1062
10480
5880
8701
5261
1387
3720
6442
7978
10363
5152
5652
9256
10060
8112
4332
2667
9932
4558
3610
7101
4120
6105
4720
8065
866
6918
78
4711
10500
75
447
10521
2392
3595
7751
1165
344
298
9759
8424
10700
3445
10642
1437
3017
4684
8486
8879
7340
4769
791
240
9742
6865
7244
7913
9436
396
8273
8343
10391
4860
1284
3223
1871
7754
3657
153
1611
5949
7165
1114
5711
5153
2676
6692
3518
2612
5662
9119
4683
461
7300
4224
8363
4805
7909
865
8312
1740
1761
5010
9172
7027
9344
6172
3432
9068
9295
2357
2120
4098
2959
10272
6186
10506
2821
10403
9201
2262
5600
6311
2450
1482
9843
1417
4458
7240
9299
1707
1972
10446
2143
416
6520
2324
5474
5951
5589
3742
8082
10008
8075
6630
6775
3070
5198
493
7760
5414
5992
6038
9194
3456
9542
7767
3244
7522
4826
4368
9952
6160
1476
3015
8805
4058
7121
2866
5094
845
8908
6425
1904
904
8947
3260
5490
8173
2957
692
9589
10346
2955
9361
4225
1415
2825
4707
10436
9023
7642
7364
287
7820
5692
779
6298
6429
5814
7495
4579
6996
3933
2053
8618
1601
8705
8776
3497
9948
2508
3023
1299
5892
9792
3220
2858
3156
1252
3865
2725
4985
3880
195
1597
5511
7759
4400
4696
4478
104
5972
1111
6558
6674
688
3572
7098
5773
9814
10508
2436
8863
8310
5366
9752
2052
9863
4333
4674
333
2603
3439
3027
118
2307
2319
301
9043
818
8810
7827
997
142
5413
10644
5446
3929
1840
3022
5197
8852
2562
3863
8478
9448
4500
500
2435
10650
2254
6737
96
1069
3716
9277
6990
6821
6351
995
5941
9664
699
7056
8706
3577
2235
989
4847
5910
8242
10113
2467
1487
8656
2621
9417
3872
6532
82
891
4411
8278
9363
9421
10537
3028
10535
9124
7323
4748
9385
4968
6765
8037
8462
2801
9711
7466
1327
790
1537
6785
2870
9156
7979
617
7334
1068
4882
1009
9000
9431
5187
2445
6224
1041
3947
9963
6937
46
6083
6401
5618
8610
3112
8660
1293
5890
2761
4820
1316
7544
2390
2804
6307
4739
10244
6745
2686
8449
1385
3132
7497
7545
3948
8267
7102
9304
4123
6811
296
2306
1602
3838
1503
8833
7937
1491
8201
6581
8817
7568
5489
4076
53
2411
7994
6524
668
725
3706
9088
2124
1369
8506
10420
6109
4278
10715
1696
9140
7680
7713
8540
6596
3775
10637
2222
8293
4314
6290
8459
911
1654
4455
2723
8984
3362
6929
10081
10561
1563
323
10388
2522
6464
649
3814
4379
4135
6987
6843
6462
2186
5171
7170
10509
1095
5233
8285
9030
10522
3048
9234
1995
2487
7970
4209
764
10429
4162
3639
8425
1332
5806
768
1807
4795
645
2917
5865
7114
5415
7699
9248
10375
1034
5730
432
3151
6403
2196
265
9700
9738
4650
7071
7103
2751
2913
2818
8206
6252
3548
4134
2299
10684
8470
9913
7309
9148
5082
10532
10042
2461
7533
2911
270
9916
1285
3359
3762
3665
6740
7932
5372
7313
2296
2771
3126
8373
922
8781
8679
3959
2483
2178
10371
3313
2025
9468
4010
2172
548
5384
8341
458
3964
6077
7010
1220
6774
3979
8779
7337
1837
515
2861
8032
1058
3889
5799
6379
4248
5060
5982
1104
8869
6714
3024
7640
2533
2158
9237
8215
7488
879
7876
5403
2160
9494
7422
819
8061
8151
341
3900
6978
5429
3629
4056
7105
4260
2675
7982
7195
9482
9149
10250
2207
10505
4236
8219
712
5782
9652
4859
2363
4031
8369
4601
1143
1912
8069
7949
1547
8591
2428
7242
7983
8489
8247
8982
5204
394
5781
3157
1424
1598
2785
1063
3587
2137
2029
8159
2227
2819
7432
1268
661
1704
7483
9746
3176
2074
977
6221
606
4244
10205
3206
9003
7314
5246
4114
6267
9317
749
1306
9974
7685
7430
4266
10254
4773
9749
4046
742
6915
2365
990
1222
2187
10310
1133
4625
5993
7741
448
9897
9849
8137
966
8058
793
8549
1289
7265
1167
4170
106
5611
8736
8266
9263
8750
3364
8321
9346
2578
6884
8904
2994
9819
5641
3354
8797
8101
7439
4006
6488
2851
10116
2434
1580
4920
6508
10245
1922
7823
4305
9794
677
10298
3256
2787
1442
794
7492
8262
3680
10408
9553
581
4009
6181
2116
223
1288
6912
10448
7139
4582
6599
4999
5679
670
7054
8385
3241
2904
3626
3731
7724
6626
4382
8859
7008
894
5084
2150
10472
2640
9903
10049
9966
2096
10180
1946
3427
5747
4821
10651
8090
882
3121
5201
5700
7565
9834
4254
3285
7335
4293
10552
10149
9856
6118
7050
4264
9608
782
2708
8340
6427
10305
9297
8463
5522
6180
5609
2191
6455
9674
6979
2167
6539
8559
8448
1873
618
2345
3201
2760
10653
6930
1690
1615
9258
10693
7675
10243
3280
2088
2664
8174
5409
317
4589
7968
3001
26
8290
8675
7641
592
1810
4326
4344
7110
4796
4706
2261
1173
3436
4886
2518
1026
4475
3464
4884
251
2298
1741
8420
10703
9066
1434
3171
4957
8521
9520
6699
5210
5212
7384
4466
2005
6659
4220
4150
478
1692
7143
10108
2163
190
8858
2341
680
5334
7802
7916
1618
2274
7730
775
3744
3258
3397
2817
5281
3234
4265
3494
5893
10617
7036
5875
3754
9969
539
5473
1734
4941
3114
2976
5647
1891
6264
8556
9676
7043
6784
9846
4118
9262
616
5239
9928
1135
369
236
3189
2273
8115
9649
1270
3168
8953
4694
2798
9307
7012
4163
874
8025
1042
2704
10656
10591
7977
1379
6780
3823
7343
8926
7798
7508
9817
3107
237
5690
9236
10491
9483
4417
1115
1022
4003
4925
789
2682
7516
8224
6122
3203
9394
4727
1820
8205
3328
3837
2285
9540
4063
1759
7438
5417
7363
9686
1936
6975
4471
10178
4942
6800
3188
3509
8973
6574
7729
1680
2590
1975
4164
5541
139
8733
1356
4246
948
242
3905
4980
976
1558
2376
7758
1620
3715
6901
2632
8587
3124
6516
5472
8461
4295
3521
4237
7878
5621
3236
1335
3983
6531
5815
8337
5538
7348
5828
152
1163
9614
8878
3514
2871
8727
9994
6905
8558
8392
6643
4701
10355
312
351
10126
305
8870
6169
6724
1136
4543
9789
5416
1366
9429
9775
10435
9152
7125
3696
4079
4918
1212
5564
4456
743
3037
8510
3499
7275
8503
3486
10711
7223
3353
10005
8279
6106
7598
3633
2087
2834
4723
8441
820
6047
3004
8095
3396
8190
2389
8789
2244
2057
3462
8089
1302
10192
7832
10328
81
7455
7644
2514
10215
311
7141
7765
5087
2743
10193
7078
456
8257
9801
10664
9407
9278
6177
4194
1132
5897
3301
10360
1459
9993
9567
2980
8295
1550
6709
8965
6927
898
8968
4649
10248
941
8008
5616
4613
1757
9874
1375
5015
5873
2779
10087
6079
2862
9242
807
4620
7441
302
7086
2055
3200
5737
7845
8515
910
4403
6011
1465
9244
815
5024
2802
5620
4945
1006
1933
9945
2021
10421
1053
9954
2999
4898
3729
2958
8725
5570
709
2498
3490
6277
9085
8599
6791
519
2953
3295
3685
9500
2505
391
3247
1887
1141
1073
8724
3276
10182
10341
7369
5023
10110
7993
9725
7910
3284
184
4758
4238
5666
2433
2147
422
6102
8134
9449
9122
10279
6191
4598
1841
7061
7800
1813
6501
7657
5734
2003
2315
8353
10572
4493
1502
7969
4122
5075
9343
5759
7763
3248
1613
4021
2885
7896
537
8497
10098
6638
2293
7411
1122
7648
2740
6553
8993
6390
9173
8726
2190
5843
10455
6312
6612
8874
1067
2338
8010
3950
10407
6415
155
6846
8226
410
8067
507
3511
409
7003
3784
2950
8222
4205
4013
3688
5196
10066
1216
9180
2252
2659
4885
906
1907
3567
9323
5362
9569
892
6703
5179
7622
8045
5200
5834
10387
8507
6760
9773
8811
5192
8527
3841
5080
7109
1941
8209
6809
9906
1711
8367
4171
5625
1184
915
7750
6274
8299
1488
2013
7094
8979
2930
10229
506
6890
8663
3115
9350
4423
93
4538
3423
9797
10450
5407
1555
5488
7715
7725
1481
7119
6960
9161
3785
5686
2722
5241
1629
6647
5468
4690
5392
8165
180
5458
6974
9853
3937
629
10400
9079
2406
5161
8412
6168
1511
10284
4212
1330
8796
3449
4937
9014
2830
8938
1658
1708
10475
3185
9524
5003
5496
1593
938
6842
6399
253
2816
798
6943
8962
9456
1405
3898
4866
8772
3409
2459
10025
6500
4731
6729
7855
4000
608
2652
5622
10224
6272
8166
732
5267
9859
3710
5106
9491
5757
3589
475
1304
8535
9224
8020
3264
8601
282
10286
2627
7347
4497
502
6629
4340
10529
2153
6953
7051
2501
3946
9315
8638
8454
5229
177
8633
6701
4316
6973
2527
4699
7429
1582
1186
3989
7199
9466
6199
10277
4930
9594
9396
2977
3913
2674
9764
3788
1021
3660
1801
9292
9621
6328
6656
971
6822
9561
9446
8847
5350
1223
5577
7681
939
281
8803
3659
9833
6541
2220
8085
2613
6376
838
7042
1685
3502
1567
8243
9975
10487
4372
4349
5723
1464
5502
8958
7852
2086
9007
5543
33
9844
5636
3252
4070
4606
24
9493
867
663
4467
62
2503
1019
4179
533
4360
1944
7329
5279
1592
244
3167
8694
9462
6246
8553
2091
2325
5882
9319
7049
9959
4552
1876
8836
604
1254
5532
1428
8379
9864
8068
10252
5255
1101
5569
3349
4812
4959
10533
6679
6285
4221
10137
9786
2240
2997
9650
587
2677
1861
3524
3758
7397
6932
1322
5021
10609
8120
8072
8164
2587
3020
8888
8896
5601
8950
8464
970
8912
7723
10072
7188
6443
4932
2340
5298
3246
9690
315
5388
3161
1
5846
3243
1360
8864
66
4040
952
8561
3278
9318
7349
2707
4652
6085
8407
2559
76
8054
2910
9854
2004
3977
930
9783
9740
6481
7895
4148
4642
624
2416
8911
8013
8630
451
733
5509
10075
1855
3570
7383
8455
8837
9867
2506
7494
3934
6669
5214
6633
1336
9762
2132
8465
545
3693
828
6969
7475
4306
4735
5434
10216
2836
8881
832
981
3717
603
982
5248
353
5919
1963
6880
2616
9850
2530
5596
6023
7654
2714
4369
4507
4353
3654
5456
6908
659
9246
4535
10557
4545
5946
7152
7058
6513
2305
7851
776
6728
10083
6412
10460
4638
908
9636
9072
10315
1461
1788
5626
10705
8516
1678
5487
2396
3661
6107
2888
2849
10636
5726
2591
7281
9628
4653
6856
1806
3901
4899
2090
4443
4352
6799
7511
551
2600
5022
9129
3974
7526
4487
10625
2134
769
9976
1819
4772
7902
6561
5262
1170
9796
1513
3186
3984
10023
5715
221
3728
4679
6754
3584
3149
7842
2778
5512
5030
7474
1046
9936
8541
7959
1794
9581
8377
4474
7274
767
61
9249
9135
8426
4175
3474
2517
9922
4393
1921
10326
7388
7920
9720
1859
3322
2321
10520
6537
3376
7428
3498
5648
4327
1099
5954
6444
9802
854
2182
3996
9166
1731
3088
1480
4510
8114
4563
8575
10465
7592
6088
8639
3516
6188
3466
4365
2094
4012
9109
8934
7434
1905
8717
4494
1738
8978
2496
5420
8357
972
6198
1799
10695
4125
3547
6637
2102
1874
3832
1084
3450
9097
8564
5844
2199
3736
3363
2082
10632
1273
6657
2709
696
6952
518
7336
8670
5365
1394
9053
9546
1257
2680
4586
5404
40
5089
337
5491
7215
8900
9060
10336
5574
2107
9568
1534
4310
9563
4798
2780
3858
3596
7942
8807
5358
1478
1625
4177
847
54
4697
9479
2670
8980
8592
2394
4509
2645
3340
2684
8502
335
8586
113
4506
6866
1023
5521
4958
6836
1292
965
5534
1991
5661
9290
1315
10177
411
4678
8056
6948
4173
10048
2539
5475
8366
4378
2552
8263
8453
3460
5450
3771
4621
3664
6050
8457
1636
9406
9112
8286
4583
2128
6361
5964
5704
2493
9274
4608
9627
7230
6767
934
2937
7327
5930
9198
863
4418
7184
8050
8508
8200
8975
2354
8994
889
5934
991
5736
9573
5160
5280
6378
3627
3482
352
4966
3676
5338
1945
3288
22
1702
2946
3196
10688
10497
3939
8145
2699
9902
9388
6702
4258
516
4303
4802
10679
3266
272
7453
2843
3579
5052
4078
8347
609
231
6544
8884
4309
2126
7854
10269
10206
3071
9653
233
1350
8928
6363
7069
469
7409
292
4765
9590
9528
3420
797
7255
5424
2159
83
4843
1166
3767
9356
7665
1280
4784
5581
8688
254
4639
2915
3961
6849
2938
4409
313
826
5249
2886
10061
63
6857
1506
8096
3229
3893
3580
7727
6256
7612
3689
6017
8198
7695
3187
5903
3653
3442
9202
7945
7577
10528
9183
4438
5036
138
4671
3922
2281
7158
6330
2203
6007
6981
8889
1440
6837
483
1689
3957
579
84
5205
6533
4855
755
1588
2309
5983
7262
5041
7688
6545
4341
7810
3204
9176
8307
8756
5928
7445
7156
5592
7093
9714
3918
1524
3279
7530
4232
3826
5836
3581
4555
5947
4027
7664
6818
3253
9169
5709
2456
10188
760
10253
5293
2446
3218
2138
9696
213
1343
8388
5603
8819
3967
7120
10386
6041
5476
5275
5483
5389
10536
7449
7890
1374
974
5879
10139
3062
9953
5034
5536
4102
8621
9955
6832
1479
6006
655
7596
4213
3366
625
8208
10580
9204
8543
10423
4366
1651
5318
7107
6586
8129
1931
4004
8131
6260
6907
3040
4990
6580
10350
3152
1399
4771
9052
4182
10524
10694
3255
7601
5829
1709
1205
5818
8862
2499
9871
758
4534
5766
2284
1908
1148
102
1684
9358
2875
7068
2415
9063
6707
9593
2848
250
3433
4426
355
1641
9503
9695
255
9891
5853
2080
10474
7857
5788
8147
6159
2561
2794
144
1869
1815
350
4779
2271
10473
7070
2050
9410
5840
6327
1639
7351
1729
2719
6271
1484
6568
2121
7649
6249
857
1727
6897
2580
4624
5195
1090
1339
4050
4464
1786
7096
6961
8809
2249
10183
6671
10461
2742
6911
1691
2323
3317
7874
4603
6833
9017
1808
5108
1194
5428
6144
1723
9177
10074
9522
8011
1870
10406
9529
9405
7392
9795
2734
3985
3847
8074
7626
2001
9699
1072
3143
6066
1714
837
183
6139
9028
3010
10640
9820
856
1200
473
8704
6439
8060
10670
3361
7159
2278
6602
4489
498
206
3988
4754
8411
1319
2092
1605
6519
7672
4157
7815
565
5471
2954
5001
8743
3298
7108
3669
9704
7569
1048
2237
4849
6615
6761
8227
124
844
8826
3044
10454
6845
6478
6770
8323
3681
4151
6876
7624
5226
808
10556
4950
5149
197
1913
1790
6705
4502
708
7252
880
5859
4243
4008
1256
329
980
7865
1845
878
6142
5683
1858
2259
2525
4203
6680
6027
1102
9400
2859
1382
3468
1844
10219
7072
5680
9227
4814
1497
7787
4106
1245
1623
724
2112
219
7163
1877
7291
7447
5455
3761
6525
7009
10511
135
7264
6031
3998
2729
4845
10027
5979
7515
1398
2065
10141
7365
9869
7311
801
7988
6917
5535
9255
10218
8322
5823
10606
8351
5031
2471
3829
2867
4206
6392
3760
2148
4777
8960
5729
318
825
10701
7063
9875
9887
374
1094
9579
7861
3544
9560
3513
738
5057
9455
7893
917
6756
6490
9021
9868
340
9275
9995
9061
2810
1344
983
2553
247
2618
8496
6037
9287
5469
8716
2205
7791
2472
2441
7605
3379
2125
3635
1271
8229
4629
8821
3370
5327
9095
7257
1175
5560
5107
5558
4299
6054
840
623
6051
3058
9630
4984
4588
6402
5274
9247
10613
8919
7004
3245
7618
6852
1043
470
384
4916
3055
9595
6395
2759
9062
2975
6733
9026
5426
5086
2495
229
5364
7040
4032
6521
850
7749
6964
2899
4767
10068
7668
3031
8692
6380
10719
1211
1698
8155
266
7789
6084
8181
6731
8964
8783
6859
718
5825
356
2673
6341
6233
6098
8955
5019
17
1719
3367
5629
9910
8695
3399
5877
7452
3746
10523
1227
9114
2846
9620
3978
65
10589
10000
2571
6851
3197
7627
7816
1610
8027
7953
6506
8494
7772
5383
8314
853
7862
10287
2882
5304
8199
9349
2672
2061
6803
3564
4685
6189
3612
5557
5029
3517
2269
2099
9471
2668
9790
2550
316
6786
7341
7907
7822
586
8842
1187
4241
5194
9422
7147
10161
449
6116
6543
2985
3636
5316
2351
1756
1955
7097
5678
6179
4298
1745
1432
7211
10629
6014
582
3582
4908
4428
8038
9558
7788
4953
814
3756
3452
6146
4716
746
6228
544
4174
6155
8410
2211
4199
5901
9065
3740
1535
13
1737
1449
3426
9724
7433
1353
558
2840
1329
6718
3465
510
9321
2669
3812
8666
10379
6026
383
8034
9024
4708
8664
5340
8135
4296
8714
4504
1530
6035
2597
7472
3951
3068
3013
9175
6128
5848
10162
6182
3886
6735
8687
1825
7248
1193
4890
2925
5219
5387
3119
2371
4421
8711
5975
527
426
3592
1872
6721
2921
4995
4770
3707
2912
6178
4902
7518
2790
4161
10348
7742
4408
3691
2545
39
7487
783
4610
1431
5669
445
5344
4605
5682
3805
5343
5915
7462
2807
3864
9117
3411
9566
5185
5223
9036
10266
7505
611
2823
6123
7617
7781
6065
10464
8492
4648
10121
2242
542
2756
862
7504
8597
381
4954
8281
1892
5347
10029
4656
3683
126
5623
7463
8016
3591
7737
10016
5264
6414
9437
2824
5945
336
10109
4324
10381
5265
4993
2214
4594
1146
4872
5128
7075
10
4906
6411
9064
6938
5296
9042
8578
4929
4039
4887
3403
8956
864
754
1438
1954
3881
9461
8255
2130
7840
8136
7819
9384
7022
9662
4035
1595
3699
7963
6090
5136
4559
9382
10115
8126
7502
5617
883
7550
9005
3487
3356
9578
10468
9484
3334
8026
6790
2129
1742
10643
8898
3907
6570
9366
5822
179
9035
8684
5314
4051
7655
7486
9376
3459
10010
2379
6497
6424
9076
3952
1282
7385
1898
9991
9688
1142
7520
9395
3845
2208
4878
10576
8839
7891
1960
1767
6152
6569
4894
4658
9168
10199
4858
4635
7294
256
3086
7310
4792
5062
132
8191
200
1301
2883
6572
6303
429
4469
5237
8954
1247
8808
9779
5594
5369
8986
8652
433
635
408
6030
10534
9907
3553
5043
4646
7726
7499
6655
401
8845
4864
4099
6372
5250
6343
405
7534
8452
1157
3667
4721
8788
2895
7897
10128
6001
97
3692
8368
4971
419
6528
2906
8305
6195
2898
10678
8786
8741
4789
4283
1829
4095
757
7883
5676
5009
6143
662
5927
9252
6087
7355
4110
9193
5435
8646
2547
2970
10291
10082
9668
9685
5571
7939
3286
8620
1764
1492
5408
2782
3668
2852
3932
8718
7346
5113
101
4664
3098
314
6645
6695
9032
9266
3879
280
8059
9010
6801
2808
3713
859
8152
9243
8362
5933
6229
7807
9904
7427
2577
7220
869
5812
7529
7293
4145
4037
6933
8615
3920
5754
5269
5732
843
5481
6753
300
836
3765
8709
1450
4774
10584
7059
3412
5786
3326
6009
1199
7032
2355
7621
5970
5515
570
6515
9402
2248
9641
3628
8431
806
2876
8053
9187
2185
8533
7691
8253
10233
7235
1875
6744
3078
5847
7207
10655
8915
4261
914
5989
6421
3695
3899
8272
4728
9988
10616
4578
9678
7095
6367
5309
7149
7785
390
10307
9084
4924
5586
9368
8121
3386
1906
6074
9046
9715
3472
10479
10041
6893
3770
6716
8505
5976
5817
3962
564
8739
9233
2537
8023
5783
1571
7368
268
8329
9687
9232
6291
6386
7406
5824
772
5355
2413
921
937
2294
5731
2902
1457
5796
9832
7073
5061
8318
3955
3109
6603
8006
415
1703
6368
2731
6726
9967
2610
4537
291
4361
9339
10106
2634
5193
2877
3128
5938
6496
9435
10538
3721
1017
9197
4956
5148
6868
2908
7232
10179
8744
6262
6499
7901
7745
8977
4348
7382
2589
6941
3779
6954
8451
3773
986
7418
1726
10281
5448
5050
10103
912
3381
3902
3970
6593
228
4476
5284
901
8608
3257
6237
10654
7946
10598
5519
6215
6751
8945
2688
8029
2370
4991
900
5310
7218
466
5077
8472
3593
3383
2201
5630
2469
536
615
1218
9399
804
1516
5591
5612
3903
4785
8555
8952
7591
8483
5929
4768
10492
6666
6187
4096
1938
5225
835
5016
9334
7225
3032
6828
1466
4153
5697
4061
3077
9069
10525
8249
4124
9694
9748
8108
1408
2662
5405
6620
4470
6668
3576
7489
1407
9940
10709
9942
5074
3080
9973
10667
3862
1092
1541
9753
4371
9018
774
4881
4560
3000
79
2586
3159
596
7811
6559
2758
7112
1181
7980
9269
100
4477
9663
3414
5048
2540
1477
785
6675
4556
3997
7350
8758
8734
9004
2554
4994
4049
2380
7867
7718
6318
386
4282
4549
2018
7738
5797
3395
9373
5163
5550
427
552
9300
8861
7521
4407
389
9369
784
8422
9398
6263
299
2429
5845
9951
9576
5121
6616
6807
2560
7538
5311
5677
8988
10544
9607
6173
6389
5514
7871
7610
3162
7370
10392
3081
4015
5027
1755
1616
5526
9543
6861
4938
9450
4358
366
5813
9946
2042
10053
2909
4142
5092
531
7399
1472
10689
5478
2497
3809
816
482
657
4846
2653
7080
4018
6514
1393
2752
8935
90
5129
3722
2738
9044
5370
4402
2378
6453
9260
6204
9545
7403
347
4334
5842
2105
3215
3573
2663
8581
3801
1929
8523
196
2468
10329
9599
7460
2791
1688
620
5361
6895
2491
8532
3949
6042
2311
6484
3656
6111
6157
10665
1827
7062
8466
7092
7833
4763
4862
8490
1514
5593
399
2000
1189
9238
5863
4700
9408
9921
8230
7756
888
9047
5436
3192
4528
9935
8436
9515
6063
9679
7712
1078
2523
6806
2267
1088
6923
6381
1896
10302
8602
5999
1834
2881
5165
6752
1918
10692
5878
6147
5054
10054
3051
9870
8167
2644
7775
1739
7129
7371
9305
7157
8895
1948
6309
111
3448
9159
1444
2837
5539
5904
2703
5381
1804
5942
9329
524
3616
86
5805
1983
5299
3686
8232
6864
5841
1161
1665
5874
1540
10084
5263
6797
491
973
1796
10249
4686
4670
9586
2131
4323
9574
8834
7881
6935
1919
7377
7330
7208
842
1736
1130
4850
1203
1201
5461
1695
7028
7154
10297
6045
1035
8499
7559
9739
4505
1659
1031
7259
4982
9781
5479
7923
5673
8375
2165
8886
3141
8576
3954
6697
3006
2135
1326
9286
4672
6757
10163
1188
4807
6594
5345
10283
7928
4548
4483
7880
2788
6899
9918
3267
1234
9188
29
3483
6332
472
23
1237
1425
994
4242
6970
8593
9281
2863
2973
2039
3938
4709
9646
444
695
8795
3916
10661
3177
963
1351
5109
9509
9883
3825
9809
8542
7317
5140
7106
3341
5688
7873
8552
2377
120
7773
4897
7904
1643
7620
9006
4622
4132
4496
496
1882
6400
3810
3262
4645
9550
5722
8221
566
7922
8223
1998
7261
6005
1064
4112
1805
683
2739
2475
6835
5402
2583
3391
7417
6839
10543
1258
5146
2625
3963
7386
9806
359
8360
4834
2421
9587
7721
9643
7975
2611
4871
8076
9623
8600
3882
2045
4482
7202
9163
10369
4940
4094
8887
3230
5518
2748
375
750
2920
3980
5931
1856
2292
3237
1583
2747
9098
10587
1005
4952
3631
6587
10289
9905
7420
920
8381
6870
2868
9919
5067
5868
9054
3857
1984
6687
829
9811
6592
5064
3634
7734
5467
5758
8910
245
6841
8393
455
116
1248
8308
7549
9671
6994
4827
218
3956
6220
7253
7295
8397
1076
8287
8899
3007
7164
9761
5232
3083
2609
9629
9962
9635
5579
6946
7732
5533
6110
2348
6529
1228
9981
2263
6028
8192
3342
2283
4780
2755
1012
9002
6854
8991
7292
10660
2551
9469
1346
1865
6590
6440
2364
771
7046
5431
4584
1349
1730
7952
2095
9093
9513
6210
4775
5872
7186
2641
4317
8031
9185
2083
6493
8742
4513
1681
8236
4451
810
7647
7846
7150
10231
8985
8077
4274
1008
1553
7478
7222
3495
1226
8773
10352
4347
7578
9571
6338
8710
9877
6321
1561
9933
6245
32
10568
6830
5957
559
10551
1630
9195
9872
6438
2874
1523
6909
264
8376
9103
6032
9423
703
918
5727
1632
7777
1574
9609
6507
6730
3440
2463
6205
4048
4104
10685
3270
3263
7451
7813
4498
6940
7600
1238
10026
2733
5295
8033
10331
6354
2312
2701
9253
1354
5329
2535
4100
3227
9485
4778
7305
1937
9216
14
10710
6100
1982
547
9619
3523
1971
9075
161
7525
7705
99
8304
7172
2089
5482
4944
5199
3
690
6296
8338
1775
9306
1609
9555
1559
10627
4661
4825
6145
9998
8835
8840
5056
2772
10138
4116
2026
4540
10370
8588
10303
2594
1522
5646
2581
5432
9040
3965
10467
7176
6546
1113
8319
275
9828
4596
6738
4891
2197
7551
10706
3757
11
890
3875
1106
678
8644
439
10020
1208
5506
6230
241
7201
1202
6406
5257
4654
8961
1830
7548
2573
8148
4119
9481
2458
2336
9104
839
5422
4512
10282
4462
94
10530
3655
3844
4734
6239
3816
5097
48
2114
2702
7532
4915
10056
1648
8512
9279
1851
9923
2943
694
931
5235
2245
6840
6282
6388
5385
6874
652
373
3749
1298
5674
7825
5921
3799
4144
8792
7744
8138
7728
4138
4269
1131
6396
7814
5991
8119
3122
5353
2316
9601
8740
397
710
8349
5206
3306
1082
2873
2040
8674
10361
7731
9570
1389
2572
6202
10105
6483
7746
7206
8800
3562
5888
12
5168
8570
2767
873
3651
1705
3599
4743
1097
627
5691
9838
1179
10373
6480
95
7247
2679
899
3892
650
1603
9791
2246
149
7353
4180
959
6887
999
5508
2409
7196
1016
1430
651
8778
5798
10418
1926
4835
9371
9829
1321
4669
3087
378
5437
569
276
67
10300
7898
8218
6226
8737
7328
1373
1239
7273
2204
10013
1994
10493
4689
1117
8220
7358
387
1355
5412
2290
4626
10349
3806
5724
6618
1928
985
546
3822
1119
8404
285
4111
9056
2049
9803
1325
7191
8616
7557
3539
8657
6300
8359
8612
8921
1512
10217
6346
6313
10463
10037
5011
3408
8268
6557
5916
5969
1989
521
1773
10378
7837
9205
6236
7308
6254
235
7704
5952
1687
10070
1823
961
1619
3021
3069
7177
9879
10063
8477
4059
10213
2289
1055
7524
9639
8171
8569
4091
6061
5971
7260
10235
2860
8035
2149
7722
10033
3780
2569
2829
6364
4764
6769
7799
932
6855
6213
10419
6293
5356
481
2330
1866
385
2097
6353
2646
2173
7602
9282
3687
3884
4617
5956
10155
3830
1656
5173
1253
4131
2334
4718
4410
3787
1137
2366
4387
5421
3476
6323
1556
4811
7528
10078
10301
452
1676
9727
2678
8354
7410
9360
728
5651
1395
7019
9591
8288
526
7604
9642
7886
8109
2792
1109
136
2060
6535
4011
10100
9379
4619
7390
3358
9977
505
10230
9498
8485
3910
4302
8998
5352
2288
10173
713
2864
10107
10319
4978
1935
7169
400
3537
157
10567
6869
6824
4068
9926
7615
3377
5276
9602
9113
5784
7831
8270
7130
4240
3506
2784
4790
3781
2532
7272
8903
9845
5142
133
3190
4910
2694
7006
9091
6551
2202
9221
6422
9531
115
5328
7755
2023
4036
6025
3958
1357
8400
2766
1032
5342
468
8731
5635
9027
1940
4335
1577
8880
7440
4337
6601
263
10130
7227
10153
2478
8012
5440
9128
306
1225
8274
348
2206
4181
4249
5525
10365
4618
3670
1749
7914
4919
1007
8902
7805
5913
8930
5597
6991
8715
3214
5002
1722
8970
7506
6980
3011
4394
4922
9464
7473
3335
2993
4092
3545
2901
5139
8235
2169
10212
8150
1569
7304
9259
6858
7764
7442
5745
9771
10588
6717
4752
5346
6614
6435
698
2671
4129
0
2986
1159
9681
7976
1560
6369
3585
8214
4339
2314
885
8169
4053
7372
3174
3138
2857
6166
9611
6607
7678
9548
6896
7421
9683
10169
6613
1746
5078
6135
6305
5494
3671
2945
7131
9120
4955
5789
9419
6670
7792
5944
9898
996
8336
8482
3281
2736
10546
2730
2217
5779
3438
4450
6578
413
5058
7214
10639
9842
3527
10445
3443
7387
5101
4386
4097
10176
328
4484
7720
6547
4357
388
2192
2488
9034
10426
5172
10595
10485
2820
7464
7743
2230
6138
2781
3789
3489
2106
443
10600
9151
3209
3347
395
4024
2177
3768
6358
6418
9228
6776
2940
9022
4042
3259
8430
956
3036
6877
6491
1653
10481
3834
6715
4532
4673
9341
5014
9979
6200
501
6782
4444
8574
