10693
10170
8000
1697
4102
3902
4351
10255
2641
8902
1243
4377
9651
2167
7306
7448
646
6
1286
2586
443
6132
4604
9411
953
7694
1702
5473
279
2507
3988
1616
4283
2732
9028
9901
2730
9593
678
176
7833
8288
3328
9220
4310
3869
792
2137
1468
5869
9486
10303
8889
9509
387
639
7557
7241
9808
8310
2421
10710
172
6703
8660
2916
1975
10433
5610
2325
8637
3918
5331
10054
5114
1947
6390
2174
7703
8480
2671
2064
8227
5425
5040
7950
4476
2471
1162
4582
8655
6835
3442
3462
8706
8209
4107
8841
4560
774
1316
8313
5160
1799
8564
4955
5558
9790
3697
8398
8702
10138
7907
973
6175
9196
962
8851
1590
5300
5272
5173
940
5295
4216
4423
2417
3788
1057
8106
1905
8080
41
4315
6105
5961
2231
10399
4713
83
5872
9736
9799
8998
220
8668
5628
1871
9278
1540
8800
3153
5640
5141
5948
4550
10480
5565
7419
5214
10243
7553
741
5262
5154
8189
7959
8270
1596
9767
942
4166
9554
769
3794
2587
10652
4044
4618
5416
1775
8010
7177
5210
6073
9789
4847
10689
2668
9949
6508
2741
6440
1529
6837
1266
9246
3533
5328
9851
4001
3073
1318
9569
3656
6910
8892
2811
2898
9287
5708
222
10467
5618
2952
5899
10579
2074
2525
1630
5569
5251
1523
9687
5381
730
3284
670
9383
4619
7707
2342
3814
1152
4554
5388
8105
6216
8115
2289
3796
3588
4918
6466
2082
4396
6553
2946
396
955
4291
9849
1388
3621
6214
2522
1052
8459
9787
7651
5725
10009
5197
6599
1138
6068
9716
2107
9754
2265
10702
10296
8284
9464
1922
1257
1010
8155
4473
2490
10041
2968
4200
9032
4176
8050
5014
8865
1615
5312
5532
5526
8370
3271
7445
4659
3053
1951
2924
5858
6043
5029
931
5047
143
5474
4194
9834
10257
6179
3298
9563
8675
9254
369
1695
8405
10501
8467
4483
5481
7588
10597
6252
2734
1000
6182
377
8950
2919
9218
9484
10192
1198
6267
1217
4208
9751
5371
4505
8622
7768
1122
8530
10344
7602
1618
5090
3733
924
8393
6191
6846
1595
3512
2544
8444
7809
2985
10177
5199
10374
4571
8613
3732
7238
4874
358
1246
3839
7862
912
1207
2663
182
2602
982
3399
8002
810
159
4597
6130
969
9793
5637
6427
4248
3655
9082
4474
3273
2433
8198
4296
4049
1111
5069
7287
8307
3470
6020
6570
10065
2572
5235
297
1713
8866
5071
1124
393
353
5415
7729
8244
3982
7513
10711
5284
2731
4944
3693
2240
2003
597
7721
10149
4753
8469
8555
7410
967
3210
5828
971
7190
1439
10407
4015
9863
7355
4350
767
3984
7963
3709
6620
1472
574
4612
8135
10036
189
10531
3573
3844
2009
6849
4439
9856
193
9026
4047
8744
6662
10402
1579
9037
3315
7967
2876
8654
1877
1295
2371
2127
1869
9985
2205
6144
1514
9904
2124
6943
6236
9223
1806
3712
8636
4475
3198
2162
5971
22
5970
431
3617
6280
5461
7852
4716
9373
1966
2027
9478
7169
6021
5440
3061
1554
7673
6343
10266
9417
8604
10554
6163
8586
1913
8322
2176
9367
8538
4100
1379
9060
7560
3346
9007
7782
4458
4417
559
6996
1487
2972
8128
4346
10395
4611
8229
7609
9473
4009
8592
7499
2202
1466
10223
4090
6615
9020
4242
7796
7085
9306
7641
9869
9988
6851
3318
5011
4381
9541
5061
1803
6646
10207
9572
10367
5196
8289
4547
8133
3005
8823
3625
4059
9977
3472
2636
3672
4076
6212
6500
1582
10487
867
511
5131
6205
8440
5670
8041
10403
7071
8737
2537
3599
8001
7486
6389
2958
3739
4038
6301
6888
2751
10006
9831
1223
4054
10610
9268
7257
2722
3291
8139
2230
460
5208
7806
127
9973
625
4358
10039
390
10373
5894
6016
2936
5844
1902
9591
8652
8022
1493
5745
3419
889
9183
3386
1896
8957
659
2359
9126
4558
9208
656
2654
5713
5036
4614
86
7111
9819
7837
2672
9690
3440
10211
7135
2565
6890
845
6475
2410
8611
4214
10310
3968
844
8191
7911
7821
10121
744
9157
3497
6951
5509
7017
6557
429
9281
2058
7144
9952
8138
6584
7527
5249
3095
4882
3975
9387
5046
7226
3214
8200
537
713
2799
9110
4316
4084
105
8484
2714
1792
8357
2323
7981
5932
1865
150
4347
3213
4993
6161
1076
4534
6603
3481
2546
2303
2884
4528
2534
3111
10219
5115
1165
412
1564
10437
800
8861
10680
6018
7676
6330
3768
2243
3852
10047
820
8727
8605
4223
7336
3089
7141
2443
7899
3779
9520
4990
6598
6022
331
5039
10173
7894
16
8710
2622
281
9759
3137
10343
5045
2536
7090
8634
9636
2339
5902
2982
5734
5218
8254
1270
15
8793
7516
6036
2092
6728
1335
2582
3048
3807
5310
1284
8573
9131
4544
122
3735
872
2236
11
1492
10051
477
1688
1577
9190
8562
5485
9098
2638
3558
1451
2267
5453
2078
10476
209
5359
1592
10195
1288
6169
821
7255
5452
9134
9120
9351
3300
9655
6220
813
6534
6566
5073
6199
8025
2146
3029
8087
9847
9723
9108
2664
5923
6114
9450
10436
301
7417
5044
7601
3169
7426
4830
3161
6009
241
3650
7717
2853
1065
7580
1814
8449
1724
4732
5527
5945
9017
5719
5198
5930
5314
7052
1261
5827
3727
6363
2238
7270
2693
1677
6333
5238
8910
3356
9482
7343
5488
2716
2052
5048
4888
10494
1838
3452
6208
10272
1629
2401
7655
5293
9080
5020
10322
1254
3634
10720
7200
5159
4307
5693
2888
4497
7985
1417
2312
8915
2169
2407
473
1325
4397
4625
1338
952
438
4519
9553
2589
8570
757
10049
7792
2197
3932
4401
611
8240
520
24
5504
554
6925
1971
6691
3945
7536
7008
9852
6744
4060
5402
1846
9659
3041
9302
3911
3751
10045
8100
5419
4570
9394
10027
4706
9326
7515
3015
7689
4549
152
8993
8011
4143
2753
7116
3628
9356
9132
9453
360
3854
1310
10104
8489
5878
4154
6840
4796
8445
6845
6823
2495
4185
9452
6514
9914
10064
7831
6713
7457
2991
6509
10030
8571
8341
10669
9423
812
4017
124
1914
8333
10035
5850
7704
7994
1029
4705
1928
2674
6023
6608
3996
6480
10216
2315
9063
9345
2200
4850
3679
359
9844
4527
4078
10471
5769
4468
2241
8185
7718
8049
7285
4286
4000
2584
7472
3914
4210
2128
5908
4329
9610
1441
5914
10667
7910
1760
9418
3587
4345
8563
6953
9335
6464
3308
4282
7155
6521
6544
939
4058
259
7841
3450
3711
8045
8391
4643
3539
4467
7209
1946
6983
6995
7496
3758
3952
1858
4711
6892
299
2960
7029
8295
8933
7913
5083
7551
9128
9998
7661
2605
6305
4105
1374
6431
1863
6470
10356
6536
6025
7683
4405
8300
6386
7897
8285
1572
1731
1712
4637
6893
7692
9294
8523
2941
8816
6246
1571
1276
2938
9824
5273
8790
5615
8478
915
3763
6316
4031
6461
6203
8731
1452
1063
4854
81
3954
155
10056
4948
6629
9595
8424
6146
1097
3556
4370
7506
1990
1536
7032
1575
424
8007
6046
8540
6115
6116
9144
6698
3793
948
2979
8220
3705
8908
8764
865
7389
8640
1228
7318
3652
1118
6907
2233
8554
3547
6619
2569
2345
10199
2861
3193
2045
9590
7744
1570
1531
4504
130
1936
10084
388
1213
7976
1161
5185
4186
4780
9193
5701
324
7865
6714
1801
3415
7968
9549
6432
4344
5567
3926
9821
6611
2225
1224
8809
8033
9179
9854
4306
5335
2028
3552
4271
7115
3127
4639
8144
7442
1612
1507
3822
6192
4636
2256
5601
3373
10213
4133
647
623
1679
2723
5095
6315
7517
5374
2651
61
6575
686
34
10157
7452
7632
9018
2054
822
986
1668
7742
8527
132
7863
5585
830
5837
920
1840
8645
10473
1960
2851
3992
10166
9696
4809
956
1032
2012
9933
10189
487
10001
7109
2539
906
3063
10184
2280
8738
7737
2807
3438
7365
9360
4781
2620
7653
10002
2894
8569
2506
9044
1666
3940
10222
7133
2998
1135
3537
8384
9748
5180
1857
464
5606
9925
2474
1981
9795
6738
8089
8656
1665
914
5442
5616
3596
9881
7816
4183
3985
8970
2746
2922
10244
10371
4917
5319
5355
10539
7402
1238
6718
745
7550
9747
4372
518
70
3407
9293
3694
7347
9809
7918
9884
73
5390
9897
8767
102
3562
7387
5204
10144
731
8303
9769
1830
1649
1978
2480
3627
7234
7628
5304
5843
8789
4714
2563
4891
9216
836
10384
7478
2577
3861
891
8103
2492
336
2468
8171
9202
4332
6092
3529
1367
4403
9303
8281
10081
3696
10040
9036
10551
9382
2783
4379
6922
5668
1449
3575
8308
7274
6895
9968
8329
8330
10299
2351
10699
6078
2487
7300
2895
601
7214
8267
5808
4928
8791
10408
5299
9253
6503
7554
6326
8343
4895
6690
7789
9969
4393
4720
4757
1661
3319
6733
5800
10608
10615
6366
9943
9778
338
805
7745
7294
9040
8282
1230
3746
7773
4703
2382
5279
216
641
6266
1991
3561
1432
7857
7532
10348
8891
862
3426
1753
796
2552
9109
8013
4634
10235
3349
2479
3241
7230
10167
468
8416
6488
9395
7364
6903
3269
6119
202
9579
2029
2047
194
7820
8019
10570
2688
8457
5986
4875
3031
1039
5547
8621
6430
1375
1391
1383
9780
4187
2334
6202
2456
10097
8348
1891
9349
10160
4040
8183
6071
6810
1054
3023
2667
9586
1750
2557
5663
2348
10102
6864
5298
7526
5138
7884
4622
2778
1008
2943
9104
8796
2776
4093
3086
1754
9077
6095
4940
7170
5084
7795
8760
1882
8146
3466
9119
2000
7174
4916
0
2399
2108
8925
1533
6446
1283
1458
9652
3939
5361
10468
4096
2026
3991
1155
1818
2896
4456
1446
4588
8122
5979
8112
10528
9472
3783
856
10688
7179
7975
444
8494
228
2039
5239
1484
2700
7626
504
9768
9945
7529
2414
2744
6568
5358
6239
8812
6137
6904
8929
515
9601
5122
10368
1017
1186
3598
8170
3317
6649
7202
6836
6319
9802
9715
2519
6924
5517
5856
9320
5963
1774
8032
8347
3522
2187
2367
1178
5058
10419
6782
10475
3549
5313
10449
10318
7660
6077
9550
9505
8264
488
3281
2877
3953
3571
3200
165
1202
2263
5101
1009
4865
2384
2951
5119
4387
3689
7431
3126
9626
4787
9536
909
9322
9056
2692
3700
2670
5167
7080
2906
8561
4748
5729
7298
549
3684
3287
4777
7095
2301
142
7593
1334
1098
6346
5477
9116
9
954
5265
403
4938
2629
8969
7283
7206
7160
977
1120
3084
10683
3052
29
5169
2580
7391
1337
7761
8239
9667
7638
43
342
6463
4052
3997
10682
2648
7498
1215
5027
854
4700
7094
3602
6931
5223
3374
7188
2770
10003
1734
2800
6531
4960
2497
9708
2485
3092
5050
7665
4411
1360
8814
2623
1781
5859
7584
9377
6485
9067
9669
3737
3887
10098
8810
3009
694
3074
1298
8535
5879
5851
3070
3400
8499
10314
4524
8878
6414
5794
1292
5144
3636
9919
4491
9165
5781
7247
7535
7925
10
3030
8311
3707
7678
3393
5332
2601
1264
7207
2083
5288
2343
633
8906
9646
4181
10285
1265
2020
9668
6909
9150
1617
3406
9782
9213
9744
10545
4461
6099
7539
2246
2455
9675
974
9491
8216
9388
7990
9679
5017
3261
95
9420
264
8204
8834
3049
5903
6293
1109
303
4263
1790
946
9678
5421
5454
10010
9987
1631
5006
10375
568
10503
8687
1319
1350
7991
6302
7876
5042
4884
692
1129
5890
2041
8579
2033
2116
9115
4373
417
2211
9027
1501
7145
3702
1873
9389
2819
7369
9355
8432
6054
4348
5854
4509
8299
5716
7173
10254
2310
4801
1173
10432
4255
10378
7684
8151
4361
5243
5536
9046
7946
1480
3990
5033
4117
6863
10447
1089
819
471
5233
8649
9632
8093
4740
5401
8694
6162
7044
7350
10354
9670
9879
3484
784
4262
579
5579
10587
6338
455
8593
5256
994
823
246
1749
6881
534
7386
8934
1508
4693
4890
10221
2571
8358
4002
4996
7205
4721
10427
5626
10118
5140
3670
8748
7964
3699
8928
3750
10553
4564
10139
10185
3081
8118
5761
8980
10675
2389
5813
3475
9545
7693
1271
7770
8470
8251
5357
8468
4355
8907
2840
7043
5973
10588
9204
2772
6473
1993
2739
5641
298
8396
6226
3720
8577
9560
513
1205
7776
9266
175
2974
598
8509
919
8647
3434
10557
8947
1382
10525
4222
8417
7728
8801
2610
3066
4772
2314
4687
8685
7826
7492
5064
3728
5928
106
526
9898
8669
6547
569
5991
10396
7447
9660
4272
8745
1817
6546
1678
6935
1216
7390
3034
7192
9712
5957
7759
2394
988
6876
8585
5096
7281
10561
3104
1023
928
5499
4489
5370
9548
9490
3883
4402
6542
5282
10359
8407
10651
1204
5369
6775
1315
6287
4042
8752
5892
4871
10488
3994
5068
10585
1478
648
4278
10394
717
4806
7194
4655
8290
1125
1193
9870
3235
7185
2872
1
7421
6720
555
1423
8221
4445
465
6838
3303
10536
733
7688
5630
3846
2304
922
5862
1568
6435
10581
8466
5449
8053
7808
975
8691
7424
7276
4541
8966
1639
7143
10052
3555
4141
6465
8157
8552
7996
3384
1848
3002
2478
3643
10062
9405
2921
5514
8451
9830
5250
10613
3838
1169
9711
6830
2966
6353
3006
4292
195
5125
1648
1166
5782
9323
3730
2049
180
2368
3505
6490
4327
3183
10506
8036
5225
5772
7879
6375
7011
4971
10172
8071
4574
4701
8376
8597
3190
508
4231
2432
10215
9475
3675
1526
6626
4961
6739
8020
1430
5931
4679
4466
7218
439
10700
1937
4080
2953
10000
2356
8199
9221
1515
1347
627
2909
527
4005
2826
5363
6196
1827
1150
3831
7497
6787
1426
4081
7261
6672
7315
807
5193
6121
6870
7867
9966
2911
8269
3459
4129
2046
4628
9868
3420
8156
268
3722
8297
317
8248
2237
9835
9142
4836
5426
3375
10410
9598
4074
4446
9523
3087
7955
6966
10612
8374
6847
824
3897
2969
7522
9792
7249
8242
7293
2518
5822
4363
5124
5395
1658
5334
1364
7720
8410
6585
1386
5658
3383
3845
1412
9979
6310
6665
7512
1038
9169
6923
4653
1961
5511
1739
8964
10589
2259
9429
3949
9361
6589
522
59
4821
7302
4020
3060
6329
2072
1980
4900
3260
8224
9592
3756
5542
2973
680
7923
6642
1262
4843
10611
3639
1263
853
9965
1398
3804
6152
9735
311
1293
10024
10596
6384
4104
3531
4642
3390
6591
10655
3577
902
4301
4842
5078
138
6956
6398
4630
3040
3465
1320
9903
9378
6076
2355
7710
617
8531
4295
1482
786
7459
3660
2422
75
1497
6289
7696
2836
8184
3379
8388
8387
2402
1184
3879
4910
292
7827
90
2570
7413
186
4226
6916
4995
8876
2450
6937
7105
5396
5098
187
634
2366
3931
9547
2308
2555
8433
3757
8883
10416
45
8662
8238
1376
9812
6218
3541
6612
3752
8390
450
4449
8629
1371
5037
4557
6365
3017
3345
5764
8141
2295
3166
12
10096
10328
3036
6122
2597
6512
1277
6795
2252
6678
227
2134
5342
6074
8519
8598
309
3267
1200
3870
2785
4437
9671
5998
9102
1879
4515
8247
247
8366
6818
2644
3800
5060
10406
7700
6014
5087
2737
8389
6844
797
8788
9406
5242
5727
4924
1237
10281
640
3474
3237
2347
3366
7738
2726
10134
3135
2104
7425
9192
3047
10309
5967
4041
1142
5120
8725
3542
6757
7102
4766
5422
10387
5436
4203
4280
3113
8316
4951
19
7690
7868
5900
7623
864
10306
1272
8713
9956
1431
9954
4580
1496
5868
3313
5266
9786
111
3467
3606
5803
8024
712
4106
7025
9804
9483
6422
5866
5778
9833
7556
4605
3245
10625
10063
6080
8770
5478
3012
2849
2361
1070
10070
10429
664
7466
5318
1011
9875
1399
6786
5475
3501
8736
4
3389
10095
6597
7741
10361
3455
9510
9466
8320
2718
2822
8426
4530
8981
7622
1004
7705
3342
2784
7713
10263
6833
8428
1067
3719
1607
8867
5102
7611
208
10602
3108
6283
7716
7403
2377
1457
2696
5089
4992
4954
9167
3827
9398
781
553
9571
2282
7371
7137
7117
2666
1406
2091
3485
10130
1850
10151
5964
5100
8972
1831
8785
3448
9476
1603
9209
7591
7231
7954
4131
9658
5632
996
10270
3959
6265
9065
8782
4818
257
7399
7524
7037
6874
6117
529
6905
2321
8495
6458
684
8345
747
4448
7662
1194
6801
7595
6610
5886
2235
10681
4138
7986
9638
3134
1333
9493
540
5648
6215
7456
984
6007
7124
8193
3908
8179
6590
6592
653
9479
9800
2178
7213
8351
588
7931
3640
8818
9103
10284
5904
8415
3496
5755
10458
239
3454
8159
329
2288
9426
7590
249
1757
1828
4567
7647
3077
4065
8268
1711
4224
9138
1108
8512
3880
9272
9075
8215
4856
1643
6517
8741
1250
9413
2848
8431
10201
8109
8779
6426
5935
3305
1599
5917
1092
4683
2330
7481
3961
8863
6825
1073
362
5176
10423
8784
332
1221
8870
7543
1043
6474
9993
708
2470
1171
3062
2483
693
7519
437
140
5577
6709
4556
4507
1306
6034
3834
10409
6207
6031
5353
8255
2188
2625
10420
7864
5268
1675
3456
6671
8394
4174
4627
6501
6455
10127
5492
7171
6415
3819
9528
10414
4968
7943
8174
9705
5684
7266
7592
8949
9984
1249
2190
7634
2489
10634
3894
3578
8018
5482
9435
2245
9227
3408
2396
2114
4839
4577
413
8835
1499
8931
426
1927
370
5586
9975
6815
2634
1128
4190
8616
7672
8756
10142
5733
5757
545
7297
1346
6178
1699
8119
10630
1854
9374
4383
8651
6176
2022
4454
10464
878
7687
9562
3099
326
8132
6069
190
9926
2679
2273
3977
1624
7064
8890
6391
6085
1620
5545
7368
9133
1967
10231
7747
1972
18
4980
9568
643
277
3635
7652
6875
3743
5
4308
4684
6762
206
6486
6623
8381
4521
6345
959
2632
7812
8323
2008
6902
7982
8365
8918
9755
8751
6253
7246
10241
252
9743
1061
9529
6153
7974
8709
3251
3903
578
2260
827
3068
8497
7508
2593
5043
9503
5513
5178
7571
6438
6878
3564
8596
6306
5692
4494
163
9866
6654
2449
185
4112
850
933
2839
5305
5379
6151
3128
1397
7973
9500
10082
3117
6921
7642
4677
10624
1555
9259
3122
4583
8526
6250
10179
2592
4542
7832
10259
10017
5464
4213
9312
8690
6088
1985
6248
9718
5253
3056
9546
1328
7858
6511
7640
649
3014
2659
2742
3197
5762
5561
842
1765
3443
4949
2818
8951
126
8626
9255
999
1498
8565
5896
2327
9152
4410
10705
9185
9188
1963
5593
3965
4638
6439
7051
5432
1544
3835
2133
6588
8437
4046
9469
7505
6773
10411
2626
10600
1671
4935
8726
5080
7121
8638
4353
1189
8783
9025
2472
8099
2065
3829
6262
1483
7997
9261
8705
10489
5035
1332
4376
1593
6400
3810
2777
6666
2198
7222
1403
5026
5978
3098
8040
2473
1921
9228
6410
6581
6396
2795
499
7001
6998
9611
8278
9073
8714
743
109
6999
10289
5323
6661
4526
10326
161
8338
9920
3517
4972
63
2543
3461
5188
7340
3509
7377
1853
3363
6180
1655
2210
9363
7467
1419
8639
1909
3847
6839
7482
4128
9559
6342
3638
8857
7412
9240
2112
2145
1212
3139
3140
7545
550
1464
4825
6997
2212
5201
472
1899
626
1597
1805
8009
9441
6834
4063
9664
8070
9964
880
55
6325
2771
7479
489
5506
1696
3504
5148
3067
6362
9393
4652
9524
5110
9522
5739
3446
1576
4165
6288
2369
7993
3677
5244
5955
6882
1789
6968
5901
9604
6219
9329
5468
10718
3152
5072
5165
9657
9279
2639
3
9274
5099
3976
7273
4657
8658
10076
884
4360
9544
10695
3274
6525
1091
9449
432
8226
589
3658
6650
4804
1359
2338
10174
9285
2812
616
10505
4747
3770
1309
4760
6641
8012
7977
8403
68
2804
6498
6640
8069
6312
7146
8849
6147
3103
1538
1662
10044
6110
2329
8326
8873
3809
5738
8397
494
3376
3255
3032
1998
3282
5038
8719
3882
4576
10397
2257
3855
9362
7620
7750
7893
1273
1777
3548
516
9561
9495
10481
3766
1769
8904
9097
6573
1989
1670
4908
8504
1438
2843
9230
3234
2949
78
8102
3268
6228
2294
9180
9700
9817
7010
1743
2521
9714
2439
8225
7999
9540
10187
5049
5397
2765
9396
7465
7385
74
1986
9372
4116
6522
4367
507
1424
7727
4795
10066
3187
3817
7843
4313
9006
742
6604
8150
5564
6107
6401
6791
7131
6369
5795
7009
7919
1159
1780
4737
7049
3097
8708
9468
4708
1305
4492
2448
618
8794
1719
4807
1897
811
10457
9316
8414
2704
8091
4609
2637
7313
1462
2117
7375
1115
930
10709
9525
548
9575
2585
10478
10342
8768
1075
3657
748
885
5531
3576
3661
8674
8364
10228
6332
2081
9999
1783
4998
1589
3215
4061
8765
2715
2864
7948
9364
6063
10100
8717
10225
1344
7905
8113
6819
9937
5740
2159
10148
4228
9730
6862
10713
6658
7275
4073
847
51
9843
10271
8558
1964
512
5386
5136
4785
2780
6753
9004
9724
4178
1953
2093
8672
5962
8131
10463
3022
8355
7643
3463
1974
5571
8219
2436
2931
8583
4897
966
5694
2573
918
10132
2886
5365
5939
3283
3503
8304
5520
4978
1657
7012
5254
3239
2627
5352
2869
1280
6760
4172
4140
3120
9841
1421
451
5798
5603
5086
1268
480
1088
4565
5880
8617
7407
3292
3403
7463
3808
5316
9995
3637
8140
7199
1970
5121
9596
3174
2357
7379
8482
3337
6515
2013
4811
4728
273
6058
9191
1567
8274
7079
9936
6282
5653
10422
1409
9512
3110
3226
7337
9695
2183
6582
8126
7089
8967
4783
3483
3486
6808
6223
5946
2761
10325
7596
8214
1895
3149
492
4635
7607
3906
5483
7929
4819
4147
5722
5439
4312
6507
8167
7178
838
104
2782
8186
7686
4540
188
5034
2957
6072
10158
328
5487
7654
4092
7277
6004
2545
6628
2011
9331
1988
5801
3995
10691
6476
5252
725
1887
476
6355
3392
6420
1096
4145
2320
6605
114
1706
60
10227
6798
5081
6344
6493
1959
3622
2694
9609
1886
3803
8568
10591
2249
3913
4712
3412
8474
6774
1751
5446
13
1747
4045
759
2942
7335
6578
9072
6356
6460
3618
610
7765
7960
10351
10181
8811
4479
3863
7280
4077
7446
9614
9625
2392
5409
5773
6472
1634
2903
1099
6771
7546
9365
629
4715
3199
1644
6930
605
556
3557
9170
1659
6040
1340
4794
5424
7030
716
7624
1027
8813
4209
88
3394
6704
1547
8838
3978
8104
3553
1241
108
10498
5142
8044
2098
7637
10382
6024
6279
7429
1418
1147
6800
8448
6041
8591
3021
8188
1968
10413
2646
3191
9581
1369
497
5681
679
6371
8703
9576
5286
1640
5394
8881
3219
1770
2517
2607
8315
3590
1269
6037
5560
9818
3499
5629
385
6716
5982
6540
6017
7798
6468
514
8235
2842
9359
10152
8699
3004
276
8533
8455
4425
4404
7069
9912
5915
4349
4800
2988
3673
7114
10068
8028
9791
1090
6960
1810
1014
3836
8982
2653
3256
6291
4206
9746
2467
8869
5092
5819
4920
8097
47
10674
6868
2136
10466
4962
7565
7203
3832
4205
8922
1842
10169
8325
6965
7847
10369
5384
6231
10540
5855
4927
9527
2272
4963
1047
8642
9403
2491
3527
5405
10353
8798
2228
9153
9127
9665
9865
5838
721
714
350
6443
5367
6938
9147
3320
3828
566
7243
9176
5535
4761
3471
5063
773
674
6915
2996
6701
9011
10033
10357
10640
7216
7122
10511
5835
685
1641
7839
6249
4202
7569
9225
8799
6193
8508
6006
5189
2606
9264
558
10037
506
5362
9143
7027
10556
9605
3105
4741
9733
5472
1923
9189
5213
310
3967
3136
2645
5290
7658
9582
10562
4590
7802
1185
416
5730
8769
6821
1767
1680
445
5672
5105
9122
10623
9574
8342
1077
1687
3701
5661
5130
8874
9980
9565
7440
7161
10113
752
3131
8926
2712
5443
2763
4813
8485
6258
4538
9299
7709
2498
10672
10692
10071
5467
10264
1870
9693
1473
2987
8754
9358
10544
28
10025
3414
4967
4631
9918
910
7873
3334
2530
8149
7805
4235
4645
483
6206
1435
5830
3690
9069
7476
1433
2362
6381
3791
985
10462
9480
4548
5926
2283
8661
9501
8372
9617
7046
4303
3035
2113
5972
7113
2360
125
10031
10155
1861
8173
6187
10643
6545
9911
1028
8017
3917
7041
4244
10210
9156
274
10233
2798
9336
7415
9352
4259
8607
1829
9089
1758
3998
8361
8974
7947
8551
1231
8252
6719
3458
5500
9174
9481
1007
5516
44
8061
284
2516
998
6030
2423
5849
2370
815
8787
6572
2579
10627
7374
7002
2207
7047
9543
987
3178
780
3840
2817
7132
5247
1852
7937
5775
4525
2762
5975
4193
1651
5706
3674
3192
6680
8373
9162
8169
6616
1543
5224
3402
5612
4114
6596
2264
7376
1445
4182
1708
8875
3691
6104
3662
9471
50
8161
1908
9291
6118
10088
6195
229
1874
10439
8943
9236
9000
9262
6706
5360
6065
3045
900
7483
7935
6138
7781
7074
1843
7544
8766
8864
7036
2915
7233
2014
7846
8479
7361
6364
10456
5255
8409
775
3007
978
10491
2656
7406
7260
9663
709
33
3254
5330
7698
794
10135
2860
5292
6700
7939
704
7514
8688
778
4091
2950
7356
8377
4109
1256
1703
433
4062
7099
6083
5476
4945
9436
5507
6707
6962
1826
5549
7541
3569
7538
587
976
4553
10212
7965
1884
3321
8491
1456
2513
1685
732
851
1415
5463
3593
8549
2019
7022
5995
10670
6256
3457
479
1041
3019
4828
3678
5845
10617
5380
6559
3207
798
6127
1812
10288
1545
6456
6869
9317
5322
8534
6669
9448
1744
857
5833
8641
5339
9048
8759
3717
586
31
10417
10294
1539
2596
6852
3915
2220
3919
7801
213
964
9634
3203
2447
5151
3151
6636
2560
875
7803
6331
347
1945
10428
6822
2015
9607
1878
9991
5441
2954
7735
9485
7586
5393
7958
2141
3413
3604
1694
1566
5398
470
1637
2298
585
9280
6954
9932
7491
87
2531
5599
6424
3339
72
223
571
2930
6194
6541
9210
427
6510
9419
7253
7763
256
207
1698
6307
6281
7739
9051
2462
1673
7872
7598
3888
1214
2794
8016
7503
5893
4110
3262
4717
6457
4929
8528
4623
9257
10389
6050
6434
3601
6259
9381
5885
4192
5502
8923
2216
2619
5919
5631
3889
6372
1026
1942
9061
3591
4845
8896
677
4602
196
2980
4835
415
9796
9155
5406
8382
1635
5766
2701
5811
10558
8056
2880
10404
4337
8608
8850
4939
7422
10499
6936
8081
6242
7681
4841
7201
2130
490
9939
3812
8630
9474
5990
10372
10125
8352
10452
5161
263
4896
4668
2678
7572
4573
938
9313
9962
3925
3811
4991
9324
3518
9201
9583
5166
9390
4180
9829
8975
5106
10273
8476
4325
726
4790
9729
7614
7969
6543
10232
10175
1172
8223
7189
8895
3928
1031
2397
5784
1474
2287
4878
10075
2454
8356
4768
4481
4021
7772
1416
1290
10364
4236
6763
5524
10444
6981
4997
9948
3525
3649
7217
6336
10665
5002
3347
269
5703
3123
892
573
7810
8114
9341
7362
6136
6482
10229
6157
3476
1174
6816
4378
7289
7548
4827
7818
8659
6059
4164
2650
4111
8165
2164
5787
10633
8446
4343
6766
9915
5895
4965
2213
3385
5592
5737
1081
1925
5074
4887
6639
5557
10250
3494
8015
1093
4894
1177
446
2859
9837
10687
696
2948
6297
6139
4678
9033
6299
1934
9214
5662
5551
6975
5875
4859
4115
814
1051
7175
5172
9931
2166
1460
8259
7363
1820
10388
6106
10262
2021
5639
10642
2071
6098
3642
428
5501
6600
8777
9970
4591
4284
7451
3667
10246
9250
5067
7229
5678
1674
10719
4103
2001
8340
7568
9290
1910
9304
4156
10077
9680
5572
2724
3900
5956
2524
7564
7674
7236
8160
4218
9702
8380
3685
5203
8335
10126
8537
10658
9071
2621
9974
3922
8450
3962
3405
10016
3784
1773
374
3307
3929
9580
3216
10450
2376
7927
10714
3332
8054
9752
9224
8425
4499
4592
4663
9982
6655
10362
4764
3938
3630
2796
4793
8379
2080
7388
4088
4725
4919
9963
7970
6594
8162
1134
3422
2899
9894
9779
7159
7269
3877
7537
8750
5554
4889
3741
7891
606
5596
10295
3147
6734
3168
5519
4906
5587
6019
7164
9041
943
2102
4024
3767
3125
3753
2970
9832
3816
3970
7618
10690
2482
2010
1996
7087
9971
6735
8762
3371
9921
2598
791
9277
4008
7983
6135
6918
8557
5589
4624
1167
3740
1888
3493
8942
3460
2706
5756
4667
1275
8774
1931
7663
9619
992
3243
8385
6413
2576
6155
10541
1465
10380
10586
8839
7168
667
1291
6727
5392
10381
1653
8722
5994
1385
5347
2333
3947
2025
4966
7119
1504
9603
2528
1741
6807
291
9270
8062
2829
7345
1168
8063
10133
2927
1516
3204
4838
10565
5958
4251
1046
5786
8860
2615
10338
448
6255
9535
2725
6811
418
1401
7307
2553
2253
3495
9016
3309
7883
8524
9738
546
5818
5852
1304
9689
7004
3787
6417
9447
3921
2803
2838
8506
580
10393
10572
3646
1542
10564
1180
2823
2386
6113
1557
1443
4427
4690
8371
7840
8230
7392
2564
5711
9047
4027
8600
1227
6047
1513
8846
7314
9643
2831
1506
8163
1898
2689
6726
2173
7895
7578
4087
2051
6229
3076
1192
5832
6682
9397
6957
2048
5562
6724
8134
3270
1833
2318
4984
519
8603
4864
5704
6644
6101
9462
6230
478
5448
10015
7804
7921
6061
3312
80
1839
3194
3843
9885
2110
1195
8074
6320
4279
1297
6927
5431
9045
2710
2002
7320
9154
7957
3231
4899
5345
430
8960
8068
8438
2193
5217
5264
1722
6564
1667
2088
334
3333
10567
3586
2431
7825
532
8378
8728
9375
9986
9433
6887
10430
8803
1363
10147
6976
10606
5377
6579
3715
6285
9350
2935
272
1289
5030
225
1977
6502
4170
8301
9860
9938
6272
3920
8213
2871
2337
3276
5863
2797
7013
7733
7083
2255
9815
4305
1549
6761
2708
7321
8014
10626
5211
7574
7329
4855
2828
2140
8196
9415
5683
7441
9737
4004
7740
2446
5280
8927
2488
7814
9874
3507
1601
7014
9629
8840
2774
6932
1001
5539
4873
2163
3365
5248
2962
2171
4503
1313
1633
4543
895
9084
5705
6548
6601
934
9771
10165
8697
4013
3681
10601
8771
2554
8201
9195
10385
7443
6806
3020
260
214
8454
9814
2214
8525
5650
10510
5451
5953
6946
5750
1779
1489
8965
10650
5810
1598
9086
6349
2841
651
2336
6027
3583
4317
2316
10258
9338
5656
5897
5634
10656
5583
9494
119
6783
2504
8945
669
5940
4579
7699
5891
9437
9858
7667
5691
1042
2341
8700
6210
8633
4632
5853
5541
3605
9187
3624
248
6382
7322
8350
8938
8194
1402
7771
401
2658
7005
6062
10103
1222
8601
2887
2900
903
9163
1381
683
3409
1448
6204
949
200
6643
7706
3431
9989
5944
1353
9295
7494
6683
681
2566
2296
5168
923
7409
9085
7555
4064
10087
10159
6496
5309
2832
9001
8498
6084
5840
4229
7401
2132
5633
2007
7057
6551
1686
1759
2914
4994
8147
8090
893
305
2076
4436
2123
9882
5246
2754
8676
7830
8684
3837
7525
5951
4606
8946
886
8961
5521
7042
1219
4163
10443
6914
5627
9578
2548
4336
6797
10677
232
4733
2004
9950
4907
4496
10559
9888
2111
7418
285
7870
7989
941
642
8541
2413
8734
7181
7054
5387
5222
6096
5677
8042
5865
10238
9992
293
4051
8077
6556
1104
6886
9633
10109
4139
5749
3294
4220
8178
4215
1619
9172
621
4755
5776
983
10230
2038
8430
2194
5175
2129
3244
2738
2527
10455
10584
5876
2955
8880
7127
2923
1552
2328
2391
2535
9186
373
6453
2138
1201
3916
2532
4797
7420
593
1560
6108
9059
3435
613
10106
5883
1302
4808
4981
9587
5695
1410
4682
2018
705
3288
2505
5333
245
8887
9639
8486
4860
8905
237
4233
9391
7106
5977
751
6565
5747
2847
288
4709
4211
5267
8029
1904
5685
6479
9231
21
7477
8005
10004
4902
2905
2168
907
6973
735
5187
9307
5809
7244
3777
4987
7208
6064
3909
10333
113
8435
1825
10508
1045
8383
4673
4035
7254
1370
286
6971
2358
2806
4340
5924
10421
5013
3132
8473
6994
10124
7384
637
2940
6737
289
7317
5113
740
638
9776
8177
8808
6817
5418
5714
9927
1119
7666
8522
4097
2687
1450
4011
4510
9207
7198
10474
8101
9091
10094
3594
665
6721
5337
1414
2977
7383
5746
2385
5192
5009
8052
505
10141
8395
5696
7585
9392
345
1485
1037
7612
2060
8683
1107
3765
5623
9853
1650
2816
10461
10398
3162
9245
4849
3862
1791
3479
10484
5546
423
9012
695
9753
4898
5041
2865
6843
9806
6829
7853
5997
1943
2179
3083
5157
9498
9263
4258
8261
9284
10279
5916
8461
2419
3513
1339
7636
2185
6908
10317
2691
1394
462
9054
4826
8831
5548
9237
9621
10717
137
3295
9136
6487
7100
5091
6635
3186
3950
10532
6257
5933
547
242
7711
3369
9385
8971
8956
7156
2352
4371
7752
7223
6958
1519
2484
9805
6820
6926
9038
6028
8718
1440
10446
9444
8121
3885
6708
8211
7520
3936
6408
10637
5752
1345
8959
3782
10297
1866
8807
10663
321
5093
3971
3989
5556
4736
6437
9504
8917
2375
5965
1778
7625
535
3257
1380
6271
6518
158
2556
7562
8026
7995
1199
9029
3957
1078
7817
8065
3666
10678
149
116
5462
10020
1500
5434
682
4334
1314
10194
2251
1002
944
2781
1763
8739
10183
9807
4043
9537
10350
6269
10011
4431
1563
2717
1867
3946
2628
9798
4914
9282
6537
10679
9083
5417
6587
10180
2833
10668
3924
7219
3141
4199
4516
1502
4616
10365
5021
5277
3018
3054
8360
2503
6131
9308
660
135
6290
4523
1463
6481
7940
4136
1876
4936
1642
5759
8518
8646
1074
8815
6860
4799
9946
5918
4689
9641
7367
128
6166
9353
8368
6284
3612
6535
9672
3263
671
3668
2444
1024
5785
118
146
9825
3421
9862
929
4465
6873
7630
5563
9346
1797
7092
10355
3058
3983
8434
9935
6184
4791
6066
395
3324
39
6725
8073
9573
736
8098
937
6979
7183
3101
8775
1153
3893
4304
7956
8989
3142
4983
10330
4055
4702
3841
4674
3510
3515
258
4704
5664
552
10496
3687
4245
3184
3480
1317
4082
4670
3185
9489
1979
2854
8108
4568
4771
6769
8477
8493
7799
5767
825
1756
9514
1982
9909
4469
521
4672
7780
8175
1453
1242
5183
6625
1816
10552
849
5308
5804
112
564
2152
6879
7583
3477
1384
1836
4531
8035
1999
10311
6754
2415
8623
4462
4745
3568
3524
10032
7291
1611
5123
4219
10028
103
2463
7235
8588
1148
5109
5882
7715
7439
2244
8420
5145
5985
9934
3378
6530
6164
10242
254
2232
1393
1537
4039
8237
2616
3516
2809
2189
410
3367
3993
1341
9959
10038
3397
1705
2665
10661
3202
2274
8595
8182
363
3157
2286
10646
5191
77
7887
7034
7248
4365
8336
2177
9845
5104
3671
7930
4311
10580
707
2247
770
3972
1481
56
7679
425
10261
5470
3519
3013
9256
10197
852
6752
5015
8631
3570
6695
7845
6647
8443
5796
4675
3878
7671
8746
1220
10376
5076
4943
2879
4886
839
7953
7
636
9727
6793
6341
8067
5576
5936
2096
6337
5112
9327
6158
3314
3158
4108
4267
8553
7432
890
3164
8715
7020
8143
5582
5182
5611
3478
7859
6185
5486
9930
2131
1717
8843
6233
8755
179
6173
9855
3424
10424
560
6988
9811
8066
1525
1737
957
7396
9286
6563
4816
4610
5457
3901
4964
9872
6452
8465
3160
581
1766
2271
4101
1294
7530
5306
1229
9630
3181
7701
3747
7605
9773
2727
3451
837
7237
6732
10619
1602
9589
3933
6445
6891
5226
8977
9996
6060
4934
3028
4075
2947
609
4752
4169
6859
9055
4374
85
2662
1844
703
2063
9105
1311
7889
4419
3000
1469
6577
841
1495
2144
6367
5645
8539
5307
10418
2057
4302
3344
7341
6304
8400
3382
3473
481
169
2381
4326
6454
9539
2852
1994
10014
7438
8232
3876
6264
1245
4870
484
4153
10515
3546
4977
9386
899
8413
5760
3427
9078
10060
9947
10034
2452
1841
10026
9864
2118
7600
5423
5848
7338
3999
10321
7284
8802
6323
2461
9467
6317
1924
5490
10089
1012
2094
5812
4802
2077
9416
4253
2084
3388
6533
5444
6042
2600
459
9181
8072
2297
2154
1518
5771
9656
1203
9070
8602
181
5263
7055
5261
10275
596
4113
6729
2604
6484
9697
7242
2085
10569
3563
6109
5348
10083
3974
9816
7736
2983
5984
5568
663
5469
6897
4511
10128
7271
9645
6751
936
4852
9412
3820
9861
230
1181
3280
7019
3874
6645
7150
1422
3430
3195
3521
3447
8749
3330
399
8937
1475
1823
6240
6354
4328
6712
6898
5913
10577
361
10614
486
4594
4805
4746
3595
5207
6309
4710
10226
4522
3180
2719
691
1470
1190
6832
1157
9836
3942
5954
5907
7097
3182
8882
8707
3146
8614
9021
3676
4230
9161
7540
5410
2290
1772
9013
2346
1158
3626
4225
5949
7749
4239
10053
6567
2821
8679
10078
1550
972
3177
9983
6574
9701
8991
10059
4298
6746
6586
690
7493
4369
7068
7731
1798
9233
3769
7906
697
1351
3175
3560
318
5580
4324
2115
5271
7978
10512
1903
2309
5552
7184
7471
2416
3526
10122
6558
5116
4973
7344
3584
1056
2379
2258
6094
3432
9461
1235
2153
2750
6497
723
3754
9357
414
6277
8362
4146
3910
3114
6090
10647
8879
2206
9978
9661
4893
6991
52
5008
858
7842
5004
3065
8824
3742
8548
9206
5715
2276
1813
826
6056
2043
979
307
9319
2562
5839
1520
8064
7154
860
4834
5338
771
7000
9761
8217
8916
3316
2501
2721
4904
6347
7932
7800
330
9232
5053
2160
9615
9496
4287
7900
6292
10335
2561
5435
6805
5438
6668
9731
1087
199
1868
1084
631
7828
1372
4285
8806
2061
10249
10164
4478
4512
2581
454
6225
908
1329
788
10043
2787
1408
6688
9269
8953
7256
5555
3790
7962
4086
8057
7992
8472
7096
1561
2299
5459
3826
524
9260
2261
10323
5669
10425
9624
9244
3170
10701
4426
1522
6357
2418
7167
3545
1196
6506
5680
3491
1845
3806
6318
576
7779
7251
10305
9477
3718
9526
9876
6395
6197
901
2928
1156
6328
5870
2673
10012
6213
8241
4450
5779
7464
4759
897
5600
6403
2757
8084
4640
8521
5079
2324
9458
6156
10240
7308
6827
9129
9896
5466
7695
6405
9318
1654
5613
6462
632
2801
1918
191
4290
4656
8464
4033
6877
676
7790
7656
2279
35
7021
945
8180
5062
806
4029
10145
20
10490
4428
10363
4095
756
6632
1586
863
7659
1274
3059
8048
6111
9100
4435
4814
10639
7186
9288
7303
7791
9096
4335
134
9622
1022
2902
7563
100
2976
3528
6181
8367
3172
10182
10171
7724
8055
7411
3229
7838
5941
4593
4321
7225
9248
389
4150
283
5707
7785
5411
7330
817
3336
6013
3354
9960
7107
4559
3818
3955
1444
3761
5317
1606
4941
1860
5591
3071
5976
3895
6670
1609
8386
3221
10007
935
10042
6183
3773
2182
3064
1800
10312
9734
6928
333
3343
1551
2882
8903
5584
1528
591
4382
1626
9990
8830
2550
5315
2222
2344
2683
4815
700
157
2313
1574
3220
8205
4723
3148
7282
3211
6776
2810
3121
6368
3616
2549
5697
5465
1583
8546
4398
320
501
5012
3242
4385
3025
4072
3731
4833
10140
2788
308
699
5540
5906
5447
5888
4053
6079
3857
5494
5205
10307
1044
1020
3069
3665
3713
4161
10442
354
10188
8986
8590
2086
6917
4767
2364
4694
5340
7915
8172
6075
582
10074
7400
9822
7351
2813
536
874
7220
9750
1565
4391
9019
4958
3948
1479
5351
2059
5925
2932
10280
3830
7501
2430
2892
3100
963
5736
9321
5412
10080
7726
1720
4415
993
9867
8653
1834
2284
344
9258
198
1299
7353
2438
4352
2068
10123
8825
9662
8842
2703
9556
1796
9093
3600
9707
808
4134
3037
510
8606
9203
7677
3208
8208
400
123
5326
3654
3416
8828
7631
3322
4853
2825
5570
8701
8412
1033
3027
5805
1354
10390
3937
9557
7518
10267
5980
10465
785
8721
2404
2834
4099
6048
9677
4152
335
170
4160
2875
4982
561
4754
8517
4514
3607
2326
1392
1139
9200
10308
3112
8260
8190
10550
1206
10021
6789
2926
768
6244
8487
951
4232
9300
9893
5642
340
4880
8309
4277
9095
8206
10178
8488
2595
888
7360
5793
3729
594
9644
3258
3449
1807
1436
6749
5032
4603
7753
287
7139
1969
6652
1729
3277
6842
7908
5559
3212
7086
4535
8116
2380
6871
2547
1040
5302
1035
7098
1387
9597
7941
5947
5884
2971
5720
6093
9842
4014
8256
7475
7076
7757
4440
6896
9151
365
8893
818
9066
5724
3856
4739
9008
4915
4822
6477
3692
5158
2649
1521
5147
5325
5403
10061
10176
2756
10340
2986
5155
8327
6311
3867
383
6133
8046
1614
5638
7794
6082
5825
3848
10086
1322
5219
4408
10205
8859
4669
5682
9719
8243
10073
6549
382
8392
2594
10538
4171
8192
6736
4243
4071
3966
5721
3941
8689
4495
3706
8283
3428
3944
8574
7326
2910
10521
8664
1510
4016
2378
6894
8490
5437
9686
5938
6086
378
4762
2510
4274
8129
3866
2929
6929
5005
7366
7829
2024
5285
9517
1420
3050
3096
6723
6656
9439
9840
10019
8572
8657
1110
4868
9425
6624
8757
3091
3892
3250
1407
1906
882
10604
3980
53
1112
3907
9442
8862
1646
7354
5690
4204
1764
2827
9740
7081
4320
5376
5898
3044
2412
7393
5278
7936
10524
8314
7453
8004
4442
8271
10337
1752
7349
5993
1652
4529
8037
3608
2925
6492
4641
4545
9732
6715
1890
2100
3579
3417
2959
620
9074
7854
1811
7552
7851
9090
1390
8580
10200
4909
6102
1030
6730
6012
4237
3864
178
7240
3372
6681
3647
2496
7603
348
1559
2509
1248
8207
1321
7909
4484
357
6001
6167
2186
1532
10220
8952
6340
300
2317
7128
2469
5673
6989
10302
3724
10483
9895
8888
5206
9140
2526
3960
2603
1055
4629
3884
3986
10349
2142
8145
9039
8408
5025
5758
5992
8932
107
154
7922
8821
2311
9371
162
8696
10029
10072
8021
5007
5510
8337
9916
343
6711
2161
8609
4664
10697
5498
7279
6520
1049
7470
9215
6449
1984
7436
8038
2268
2790
9009
3530
466
10582
4617
859
8532
8786
4177
10153
575
7972
6710
9337
4734
9271
5987
7031
2122
10055
3253
1605
9424
2709
10459
3536
7819
6900
9368
3296
4788
8670
5659
2913
1059
2475
1733
7775
8578
139
10595
94
8458
221
405
5780
1987
7112
3764
8137
7272
217
1690
9722
2424
8855
2897
9566
3286
4666
6251
9558
1083
2405
5156
1427
7134
9608
3745
4250
64
4464
4273
6134
6696
6469
5934
1226
7949
7221
9745
9343
3979
9414
2411
5689
3154
7860
6377
3951
9694
10067
5842
9850
2393
6560
5594
9924
9376
2151
666
2805
8088
6044
3875
8306
4030
9981
10513
8643
6360
1786
2583
6561
10110
5349
5399
9402
6003
615
6052
9828
10696
1663
3776
5057
5450
8871
2395
4413
10519
4569
7616
9953
4699
4546
6124
10684
1210
2148
6348
4407
8277
1919
3698
5974
7719
7309
6969
10686
6856
8829
6029
7722
5821
10339
8078
6609
10703
4151
9533
10517
2863
3872
4357
932
1955
1211
9148
6198
7108
6853
7460
17
3209
2062
765
8635
9347
1396
1808
8877
2686
2120
5743
3102
10555
341
9114
3813
5717
10247
3736
10203
10716
8353
5341
8514
2835
5321
1562
4863
2234
3464
7691
7342
10260
2147
1742
9688
607
1349
8031
9823
3106
10282
3279
419
7290
6412
2293
6436
5051
8507
5346
8625
5602
4188
8096
8753
5768
36
6385
3492
1471
4851
10023
3364
6238
761
9640
916
10526
456
3246
8418
7980
3327
10332
2755
101
2426
7521
7664
10493
6314
408
1086
2677
1021
1143
166
6442
8111
219
6263
5028
7764
386
2125
201
10137
7697
4773
4552
9409
253
10657
8778
2846
3039
1700
8743
7746
8581
6796
7182
9905
2514
10712
5841
4207
3574
323
10327
4339
1948
9031
9050
10472
5688
4144
3482
5329
1509
5378
4168
1187
2035
4905
6911
398
530
2095
3176
6416
7210
2195
5617
164
8292
7558
7118
7822
701
10673
4989
4189
869
7268
1064
1625
5654
8008
2588
1716
250
5186
5651
4390
7587
5389
9552
4362
6418
2748
3395
4173
9513
6950
2766
2139
10091
1855
3759
5111
10358
4724
76
4957
9042
10535
2568
6380
4256
10208
8550
2250
8804
4288
8463
2707
2575
8856
6276
763
3611
9801
7758
2466
4260
5227
1066
6429
4433
6901
3760
8677
5588
5753
9333
1400
4923
10441
4931
6942
5364
6677
9217
7725
8439
6883
1965
600
7091
8279
8781
2618
1188
238
3891
2354
5303
2069
1361
6885
6324
958
3093
8411
10448
7193
5983
7542
9902
1342
9654
5744
10685
1832
1889
2373
7714
3771
706
5234
7430
7507
203
2857
211
9497
4132
9772
1477
3815
10191
4221
10563
6858
698
1324
7059
1357
9199
5802
9781
4453
746
3090
2660
2866
3963
7797
795
1588
2533
3468
8979
4089
8030
1300
2786
9794
7748
9043
10497
10005
754
4749
375
7952
4432
3179
9685
6984
4184
7058
8544
7288
10636
7067
4738
4037
5942
10504
4744
4695
921
6232
3943
7904
5497
722
9003
4477
3001
831
5553
9923
5726
7926
3423
8034
5220
4380
3299
9205
457
1267
4501
10057
167
801
7227
4159
7196
6947
8462
9941
8406
1019
6854
848
3566
3085
4331
5609
2964
9121
737
687
3785
8900
3275
1541
4691
1365
3297
2481
270
26
9332
9400
7649
6383
6583
2617
9194
7912
10304
6125
49
3310
4925
420
1952
6165
7433
3487
4688
7245
5270
1669
7120
421
6145
1920
6906
218
5200
1735
2387
8266
10607
6638
9265
9929
379
4257
7359
3981
6035
2699
9683
1050
4563
9310
10313
5937
9408
10529
8181
1114
6274
5647
9235
861
10440
658
5754
4692
4395
4776
7093
6967
234
7382
5458
7890
280
2870
9160
1131
5082
675
7473
9511
5281
7849
6742
2050
3514
5533
10237
1594
10648
7784
9315
7597
4198
8
1691
9631
9797
9101
2306
7788
2578
4050
10676
1748
10046
4585
7896
5258
2070
7060
9810
4922
10599
4959
4155
6562
1976
4831
3603
2460
3551
6631
10079
6237
1149
4956
1782
9706
7204
7166
5960
2999
5075
4730
7018
7670
9976
7488
9764
3659
1137
9198
1362
2878
2713
5636
8344
7987
5911
236
2858
2729
498
4196
7766
1285
3038
5741
595
7604
9530
2990
9446
1707
2502
7608
2945
10268
7078
7878
6944
1141
3436
6170
777
6227
8245
9616
5430
7916
9721
614
3615
9428
266
619
4988
1296
3789
10649
7504
4375
2201
5336
6143
5324
6298
4254
9788
1060
6673
9399
1336
8894
4175
8566
10664
4913
10316
6379
8992
8222
3663
1995
5646
2845
322
4661
5276
8228
3264
5905
4881
9305
3167
6571
1714
635
8797
5000
4621
6781
3119
7613
1949
6939
3704
2720
368
8107
3969
5283
92
898
9653
2920
10438
8324
7259
4858
5170
3227
10704
261
729
5404
630
4770
3648
10069
3236
8536
1442
7149
6872
177
441
6831
9763
7644
91
10435
6659
2874
5327
4662
1218
1862
3633
8124
10146
2752
4758
10523
3540
10575
7489
8305
9827
1183
7619
4421
3252
5723
3304
5826
7882
1151
7462
5139
7262
7877
2353
9434
1573
4986
10298
7458
8826
10534
5929
7053
925
10520
9111
2372
10320
6499
1939
7579
6855
970
572
10518
612
2156
8502
8999
3437
1105
6970
7016
6637
871
3357
3078
485
3329
9487
7892
9149
5791
7648
8941
9725
1768
2989
8083
7252
10453
9618
5164
5544
10214
7502
6273
6402
3543
10451
702
3145
121
8085
1664
1709
2291
8628
9034
84
6142
2608
4246
3786
3439
2792
3748
2428
5806
5530
6172
6804
2937
4729
3033
4933
6448
6772
5543
6032
9139
3404
1244
6221
1672
5529
911
6010
9370
4829
7110
10592
2740
5824
97
2542
3680
10277
233
1746
10202
4950
7566
6168
9642
9585
1003
7577
1556
2406
2030
7487
7408
8125
7072
3088
809
212
7142
2855
9113
3726
9229
7398
1621
2904
1578
9726
6684
4848
10405
3865
5368
1581
8060
1604
1627
4493
5675
7172
8729
7594
7712
8246
8955
6667
5460
3851
355
3723
565
10129
4094
1956
10292
9889
9456
3272
5010
10154
8003
7629
4126
5245
2981
3824
6959
6653
3223
790
557
25
5966
6126
4212
3469
10659
644
10090
7495
5607
835
2791
4452
5861
5763
4471
3289
10482
9777
8195
10609
7454
1851
2365
4985
7534
2978
10283
6270
204
8704
8723
9177
9457
325
8148
9330
8853
6949
8780
6123
9049
3290
2221
10112
5687
1930
7292
8511
7774
4500
1738
411
2523
6186
1080
5240
9515
6428
7333
5614
120
8515
9311
6955
1395
7510
7147
5864
3173
3567
3629
9627
8543
3355
6392
10204
6097
3609
5597
1958
9803
4247
174
904
6952
6750
1356
7708
6755
1802
4249
3734
4241
2885
1941
870
6008
866
4289
2540
1689
3498
5174
10502
881
1103
1600
6321
3881
10092
6697
3896
1608
7645
8858
8359
2630
5137
10234
9997
9577
1116
8884
4837
6809
6657
6235
10641
1704
4388
9289
5512
2624
4270
739
6423
1901
10477
9742
6459
7423
4786
8650
4952
3008
1950
2907
5480
6799
8560
10495
6100
2837
381
6569
9002
1459
3425
9252
10048
590
8680
5799
3010
4862
10143
4707
3362
4626
2647
9348
5816
7215
7180
7901
8836
4157
5356
7807
1983
1331
1282
584
8296
6441
4036
6978
9234
3016
4252
2705
10618
7157
1917
1875
7468
367
5152
2844
9758
3011
9197
9010
1926
7933
4238
7328
10583
6361
275
3927
2036
8599
148
2893
6451
3899
2657
8901
8349
6224
3850
10605
8423
440
2292
3079
10594
1718
1992
7434
6397
8442
7088
4389
1915
10366
4533
1163
4135
184
4970
7917
6617
4309
7971
7848
3798
1494
1279
9785
1428
1133
3614
833
7869
9871
7358
1916
1488
10278
4671
6663
4620
7685
4399
7646
9014
6049
7474
6120
99
5024
3644
10620
8542
4832
4731
3352
4217
9760
4142
6393
6613
5181
7589
2538
1745
3682
9635
8058
719
4333
3285
7866
4264
9211
783
4775
10341
6802
5320
6532
7152
6159
846
2269
2143
10093
290
3858
5126
6091
7395
2126
1366
9762
8582
6717
235
6920
10509
5728
3645
4660
7301
9890
2158
8740
4600
834
3589
7668
4384
10400
9506
10334
5212
10391
2227
6471
8136
3133
5836
9584
10666
6081
1253
3266
6150
9118
7455
2349
2889
6294
4149
10527
8735
1234
968
1102
9892
1534
9666
1425
5671
9325
7056
9421
9005
6419
1405
9516
2682
7130
8516
10379
9699
2956
6694
3080
6768
2181
6200
1079
3445
10547
9226
3912
23
9342
8272
7101
6679
3418
8401
4179
6217
1660
1197
9691
10470
4460
1352
10105
9249
7416
2520
7003
7339
2101
2170
1015
62
5117
6495
1940
6160
4697
7730
551
9588
1258
1784
4227
6378
1683
5927
4798
9184
7191
10107
2862
3610
4319
8152
4430
5400
2172
3508
4774
4575
4508
436
4976
6974
1837
9068
7823
1794
2285
4026
10346
2745
5143
6824
364
9637
10635
3873
1819
5149
7767
4686
734
1326
8328
9410
8422
371
8234
2735
3233
727
1710
1524
779
787
3774
2073
10469
9749
2611
9703
2175
8644
1835
750
1348
650
4999
3849
6880
2643
7485
4409
7073
4356
6794
4979
4520
5055
9222
9273
2218
4779
7871
8712
6664
2403
3159
9314
10168
8369
4584
1676
500
3520
4023
7228
3201
71
5981
4646
304
4953
5260
10568
873
8265
6777
8471
9519
2184
8732
2591
7140
10291
7984
876
7461
2681
5643
8086
9602
9137
1771
7951
2508
10301
4722
10479
10573
1016
4782
2901
2149
7743
7304
5216
9813
6687
7531
3686
5275
6555
9961
4644
9171
3799
2728
5179
10287
7265
6243
8075
5232
397
5031
7760
6300
1240
1106
5070
7028
8994
9297
1580
762
3107
3632
2486
9219
6651
8939
7148
5518
9430
3490
3410
855
7212
10522
2335
1821
1455
6627
2685
4451
4323
6614
3109
7835
4974
7751
657
9620
10099
9443
4892
9384
2661
7023
4006
6554
5375
1411
10654
3311
5788
2655
2458
4318
8897
4820
8920
10653
764
5655
1236
6731
9713
950
8978
7070
2044
8940
6103
7176
7296
4719
5287
9907
5088
7783
9267
4197
5922
10022
622
2551
10593
758
7924
10445
2675
10156
10150
8575
9606
7945
6411
10265
2109
5209
2097
1136
6528
5085
624
5765
3370
2203
4840
136
3042
5537
8698
4969
8120
8911
9035
1208
8500
6705
10546
6961
2040
5573
3775
2511
2814
1530
9158
8795
4877
4490
2883
4124
7582
10486
3026
6686
3772
1569
1880
1025
10576
652
6406
231
4869
2121
4555
4066
8837
654
5635
1018
4416
1123
5710
5515
9508
3868
442
1632
8624
3171
4696
4486
435
8332
3860
6033
5237
9366
7373
4572
10315
8421
4537
523
9062
793
5621
6296
7104
312
6327
2635
7680
4750
9076
776
5608
8724
2961
4901
3082
1233
192
9766
42
2239
10507
7561
4743
2254
7378
7914
2090
4019
7675
6000
8233
9594
2208
3833
6005
9613
5815
4812
4866
6505
1932
1278
1512
5920
8375
5598
5959
215
3559
728
9899
1684
995
3987
7627
1259
9431
7657
6261
896
2633
2992
9022
10111
6087
3792
6335
6813
1437
3206
8339
5988
1584
376
7549
6177
4975
6987
2917
738
9334
8730
2429
5229
6234
7756
404
133
5269
5581
5887
8695
7815
9432
1894
10500
1447
1232
3401
2698
8988
4844
4946
9145
8475
3348
2277
2764
3301
8456
7928
9247
9328
5590
2067
980
3613
7312
5479
828
2302
4947
3664
9440
422
7435
3853
3156
6945
4420
9910
2512
1824
4028
7038
8559
6171
9600
144
5054
8293
5674
1804
4201
8610
9081
645
9612
5445
6211
5429
5873
10516
8716
9298
8027
3631
5877
7920
5881
3323
6702
6373
9756
3641
10426
8686
3396
2248
7732
10360
3143
1287
6504
6209
3043
1312
6743
6002
7006
2266
4718
9015
6780
6767
9276
5489
5605
2631
205
3572
2590
7372
3165
7153
2733
4085
4769
3361
9839
2034
4240
4883
3387
8885
6015
2769
3391
2427
4364
8275
2767
9648
3958
6857
5372
5003
7856
8912
5231
10715
8127
4651
5129
6278
662
10276
8529
3695
96
8763
6051
6722
2079
8291
4342
6141
313
10392
7033
7035
4122
372
7123
9542
6992
4338
9470
960
8665
1847
6602
9438
8968
6699
131
3973
7295
7610
7165
5789
1701
7966
8545
5989
9955
4937
10347
6607
6038
9775
8203
2515
3359
2383
6149
3620
7988
10370
3217
10293
3683
3964
2493
6148
1307
2993
4422
9130
6322
6370
5132
6523
7998
7327
3150
2963
2684
10190
8819
4932
1069
6689
6980
32
531
1788
8594
7834
6526
5505
9877
913
493
7267
4195
6489
4070
9463
5871
7581
3230
843
7129
9499
1761
8513
2445
4633
8298
5660
117
8079
2420
5296
9928
8720
8496
2873
10186
356
6450
10217
8948
7888
9243
9717
8667
458
9774
9135
7484
6421
3554
5311
4680
10706
2994
6803
997
4276
9728
3144
9692
3247
989
905
10119
7065
6595
3046
5686
2440
9710
9628
4676
628
4418
3688
3725
6648
772
2398
10236
4056
9058
10245
7370
7048
10622
10543
2815
2434
5301
1301
9166
10662
4488
337
5996
9951
10530
2262
2773
4438
8990
9940
384
4581
4012
4294
8693
10644
7523
46
4846
5644
9826
7547
2037
3859
6758
570
9741
6189
4293
6519
2023
240
5834
7332
3502
4792
8319
4121
8262
10485
7346
5133
2005
2053
8954
3075
4354
2224
4003
7136
5297
802
2759
1795
8187
2476
3523
9957
1048
319
1900
5118
7480
1809
3094
3129
1892
5433
1140
799
9564
5814
7861
3619
9301
3890
6692
8847
8346
6788
9972
1715
1490
7599
3240
4079
9906
496
6140
3716
10571
9451
4125
10209
5274
10008
5829
3500
2031
4784
6275
2150
2374
711
8872
9053
8913
5195
6630
5860
4824
5652
6828
10671
8758
4018
2640
2332
5230
8331
10598
2089
7323
10377
1546
8117
3441
6674
5385
1281
7258
9241
10566
5718
5578
7934
715
8404
463
8202
3265
6388
592
4127
1610
4162
1225
2305
8095
3155
2106
4300
4942
6308
1476
1358
2270
2451
8747
6295
528
2793
4589
8092
1535
5676
6201
3781
156
9275
3923
8973
6747
4482
8673
40
755
2967
3116
4025
917
6350
3823
2939
602
5236
9182
3138
6268
3755
5909
4485
2453
4457
1793
8618
4261
7103
5420
3653
8505
2219
316
3582
1209
4595
7778
1822
8257
3331
145
4414
689
5575
10058
2642
8711
1505
3669
7138
5022
5792
3278
447
3072
5774
6986
93
3738
2275
4447
491
2056
4130
8110
7762
5699
1130
5620
9178
10603
5735
5748
4665
4266
6940
5566
5846
6407
452
1146
6070
9168
7944
8483
7902
1511
5471
8820
10196
9465
1503
1343
8501
5077
9087
789
82
5162
1885
2808
9401
294
453
6494
5484
352
10290
9623
10224
7559
8567
89
832
5847
2890
6374
9106
1132
6977
2944
1893
2278
7938
4596
5135
3904
6527
5221
8212
8832
434
10560
4765
7639
2390
4148
3353
7500
5712
1251
4368
8576
840
8921
1859
2103
6433
1454
9534
10386
6483
583
8076
9880
5503
7197
10454
1553
2743
4034
3749
5259
147
5742
3795
4613
3935
160
10319
2499
251
7576
2477
8492
6188
4158
2613
3118
4789
883
1100
2574
4879
1726
327
782
306
7786
9125
1491
14
1681
6867
4698
8363
7682
4118
5177
8453
2676
8427
9064
5534
7570
9649
1755
10198
5889
6972
3232
2697
9173
4658
2157
7824
5679
4400
5023
6550
6913
7427
6785
8692
2975
3325
1881
10116
7324
1160
4861
10162
7084
1175
8447
2934
10383
6618
8510
