4471
2560
5542
7321
427
430
5850
4182
2244
2373
7839
7223
3946
9015
7972
1272
4362
7599
6243
1904
9195
4676
1187
1702
217
10278
1277
4626
388
4452
4796
2210
4774
8279
3666
8935
3030
4954
10152
5546
1850
858
9202
1547
3080
140
4687
758
7991
3788
1928
10579
268
6900
192
241
10346
3878
7695
6866
8257
5405
10515
10666
8254
1629
6287
325
3375
1135
7947
10002
6648
6406
8603
7913
632
7114
10685
9698
226
1087
1326
6712
7819
2319
6305
873
2171
3294
2417
4748
2710
5924
6275
5497
2333
8500
235
10423
2339
4669
3690
1514
6667
5014
2626
3345
2153
9306
10559
10332
412
4720
6272
4468
4881
10261
7369
10441
1330
1003
2484
2214
10592
1770
5192
837
6257
7581
1868
4007
6619
9210
2009
7419
5060
10429
1746
5815
3124
51
5042
4372
1674
9709
8006
10521
7838
9487
4811
9130
5766
3241
8967
6443
4752
6292
6944
10056
7778
2700
2001
5074
10633
5945
4559
7786
8112
5865
3022
3296
6303
9900
5890
10298
4611
4795
1308
8398
2627
8934
3259
6074
9070
3071
4597
5442
7307
4357
5686
7850
4063
4677
6996
3618
7746
1555
7106
2979
8223
8689
10269
3717
7345
5804
3786
8958
3122
4768
3784
4587
5763
8366
4334
4321
1103
9974
2367
3526
8357
8578
3387
2938
527
3999
7012
8060
5783
4338
4
10330
10181
5226
977
9940
9145
862
6083
8756
9152
7013
5606
6126
1902
5223
6617
1877
9243
3441
6398
8697
2123
9447
1008
3696
4519
3873
6514
7914
5749
5308
4512
1429
8880
9774
466
5171
2142
7945
4991
9111
9112
3973
5961
3125
9894
8835
1070
2681
9968
6860
8380
2621
7603
4253
1964
1355
4428
3630
721
10324
6861
10214
10507
7112
442
1323
3322
1059
7000
5936
6453
3330
6764
8211
5954
7585
4358
8158
684
6337
8359
975
6026
8673
1856
5871
2265
5922
374
5859
5431
2035
3961
7846
2877
8806
2174
9418
9508
4292
9718
1768
2140
3554
10151
6219
4299
1687
6807
8919
3333
9585
3481
9466
776
7510
5852
8370
4093
6920
8827
10505
1316
925
1869
4517
539
6535
3968
5077
4142
7493
3808
4698
791
6993
6264
4771
7857
9551
3790
574
2657
6922
4077
5900
8147
9743
4371
4613
7884
9187
1621
5062
5835
6245
7367
10226
6685
8236
256
10268
7031
927
3313
6146
959
8209
8575
7704
2394
9891
7613
10084
7465
5541
2524
5585
7789
1626
646
2492
7187
6068
9061
10091
10335
3044
9677
10436
2018
698
7656
3410
6674
7525
709
10246
6367
5821
4424
4405
9135
5034
3596
2668
3983
9137
563
6715
5103
5760
5905
10573
3512
3737
2313
5225
5848
5689
9592
4402
6724
7151
1039
9835
1540
3364
921
7874
5017
6
8015
8815
8037
200
5800
4012
3008
853
1283
6088
5563
2439
9981
3316
504
7949
6768
6265
4943
94
3802
324
2705
2116
4251
5363
4128
7431
4080
712
3436
6003
3419
10595
4542
9087
1752
274
6208
6223
4304
600
4708
5545
473
609
5745
8569
9280
10699
2051
10525
2993
129
222
8009
9354
4443
2567
722
6570
7980
9589
221
10021
8184
6077
4110
10060
2692
2975
9843
7928
1766
3427
7272
9292
8499
4627
491
3355
5511
78
9932
1794
8505
4761
260
9883
2539
10395
3298
84
10575
8498
5565
3172
10098
10112
1065
10034
5248
933
7578
5676
3896
8625
5624
604
10336
6358
2021
30
10094
8152
5740
2696
10302
6410
8610
6902
6315
3769
666
6005
8760
7923
6388
4226
4109
10363
4307
5360
2247
4199
4388
8767
8992
3857
3749
3612
6913
1152
3510
5883
9319
9179
9756
6995
3970
5980
35
4694
6654
3959
5673
8565
6099
4945
2163
10675
1250
9685
7743
6102
5838
4506
5881
5530
10649
6564
72
9496
4659
9301
5441
328
2631
4309
6727
8193
9973
6716
3463
3047
2478
8322
6353
7437
1637
2624
3468
511
9784
8058
6930
1989
5532
10398
1298
2283
477
9870
7574
8982
9429
9837
10265
4314
3782
7128
4470
4341
5671
7990
5914
4843
9693
10190
6957
9454
637
7288
2399
947
8403
8375
1939
7127
10267
7641
4070
6649
6539
3467
5836
10341
9105
6435
5000
9848
9969
5943
9248
10174
8344
8733
6614
7407
7543
9813
9435
10306
3346
7792
5507
1738
5262
7283
2065
7316
10648
8049
10153
6638
9368
3349
8855
2519
4599
10173
2752
7355
10390
8737
9353
10360
7611
5796
6147
131
2032
4631
5524
700
283
6423
6350
993
3227
7069
8238
447
4861
2105
3725
3535
4286
1151
8732
7804
4871
8889
6168
7234
1431
4535
6521
2266
7576
8472
7051
10097
7751
8718
9310
9453
6540
8068
6177
5413
7868
8663
971
1641
7852
2504
3966
9335
9408
2108
525
2310
10282
4655
6580
10475
2002
9645
8552
9083
3253
3161
1726
7919
1567
5655
3271
5858
3863
1150
9542
9224
10010
3986
7937
5181
10454
4157
329
4277
1221
108
7776
10467
6044
4412
290
6473
6415
9351
10518
5336
7707
2988
7133
4872
4293
8265
4722
6338
6261
10482
551
10492
3943
2397
2400
7473
5614
1741
7327
7609
9068
7293
3711
8946
5282
472
3082
9948
5455
6622
4461
908
5421
9962
8214
9215
6626
3478
5167
3558
8600
5928
5093
10696
7297
6760
8442
1192
1340
6765
7185
3733
1550
2139
6740
7155
1136
6456
5326
2751
2777
10422
5619
6781
2565
7826
2879
839
3027
7886
7087
1266
8364
7861
5782
5940
5087
120
9540
10044
10514
10362
1455
4403
7256
6536
9713
10340
3536
2056
9519
10476
10219
4649
9687
4202
1258
7591
3587
2196
9659
6907
1177
9339
3629
7387
6120
10466
163
5115
6627
8614
1730
1430
4788
5338
9309
8738
4729
8408
7190
3698
4441
2320
6892
7292
9312
615
6868
651
3279
8895
9175
8246
10245
9323
6519
4331
2623
6300
2592
3326
7916
2980
9829
6904
2617
4782
2003
4678
5118
5054
9523
5396
7082
832
4515
10109
7659
4939
1946
6742
7123
6791
1347
2411
1484
1760
939
297
1631
7299
1527
6042
9605
1553
7466
2381
4983
682
8378
3225
510
423
1548
1959
2156
5602
5978
3196
10299
484
6833
2597
5933
5589
7562
9002
7225
244
9833
9344
5986
135
4713
3210
10654
9703
6096
3579
6354
1988
9928
9091
8046
9691
6067
3182
9765
3982
10490
1635
2167
8597
5237
9139
9003
6458
3063
10004
5460
7
2475
3456
4701
3234
2799
7623
4977
10209
2794
10210
2895
3242
7027
4753
1475
7253
8704
4067
8321
3120
5581
3676
7044
9147
7405
3466
3978
9590
1423
3350
2332
2856
8828
9724
4478
3980
5791
8702
1225
1445
10066
1052
8075
10122
9618
4497
2535
2921
5570
3827
1712
321
5864
1974
9898
6432
2992
4577
8802
848
4023
7100
4168
3444
9771
6151
8382
4346
1292
462
1944
2344
3882
8348
10266
3188
8271
9634
8314
9441
1375
10635
8647
3085
10197
7621
586
3801
7898
7017
1368
10093
7364
6018
8128
7602
5355
4289
9415
7742
6444
7189
1282
10584
3820
1232
1220
1364
8210
3068
7411
1879
6424
7588
2089
1165
10286
1737
5510
3146
5771
7827
9827
2398
6105
5056
2620
10435
6008
6224
7518
8253
514
6988
1706
291
10448
3168
8816
25
7134
4258
7973
9939
3521
7195
2256
6386
780
782
3984
9151
10657
7845
3680
8626
7594
3917
3160
1235
8401
5161
7398
9625
5955
1743
8693
8425
10314
4840
9717
750
5467
4241
7589
8851
1064
9734
6240
2070
5669
2187
3128
9008
7966
9413
7457
1753
8651
1906
8213
5558
4493
3219
1529
2822
530
5820
5278
10079
1853
7709
9120
3525
5185
1804
2676
9692
10057
4210
10413
2772
6736
6145
10196
5320
9642
4709
4486
2742
6572
4448
7248
8529
9053
4660
6214
9043
8421
9808
5015
6072
4129
2654
159
1952
2428
7478
3780
841
2350
227
9235
8315
2774
2452
603
1937
1458
1163
1542
9524
9861
7921
1886
2845
10706
787
6872
1338
3005
4135
1102
9988
2200
6704
10339
7610
2942
5520
538
4105
3391
6979
9329
4030
2790
1056
9444
2528
10484
2414
3691
5493
10597
990
8018
7784
7098
2726
9560
10611
770
460
2039
6211
1983
8396
4675
9671
6235
6858
3423
1382
5173
4584
2456
8590
4197
2843
3178
6059
7940
5425
10512
508
7188
3626
5834
9358
8119
8453
10612
8999
8681
8720
5132
984
1336
556
1517
4738
6523
9821
2566
9302
6676
6773
493
10443
8411
4964
3692
8870
7148
4510
7912
9546
2883
5787
8289
2483
6267
1999
625
5892
9513
8061
8770
8541
7435
3445
69
5269
3245
10308
835
8400
4581
6114
3140
5247
6226
6273
6822
4674
4207
2230
7028
10523
166
3740
7517
3771
4757
9
144
4098
1596
337
2232
8795
9903
3321
6055
109
3459
5448
7640
2495
2055
7698
5911
1754
4624
2358
6144
4356
10522
7911
4302
9295
5073
10015
9761
878
7165
8489
33
2518
5549
3041
6543
797
7129
6875
9317
7269
6987
7245
7301
808
9554
6066
7678
8849
7788
4543
9736
3576
3704
10445
9762
9072
8480
2813
8005
1827
9221
46
1929
3938
4400
3913
10615
2572
6022
1306
243
2457
2534
28
7097
445
5502
1377
10292
4260
4353
2976
8002
9666
10400
9912
8233
1297
10438
5580
4134
6811
882
2765
5193
6602
3072
10193
891
7893
1994
8594
1166
6373
10683
8793
7050
8540
5075
8277
2465
8368
5368
122
9975
9494
7339
9129
5063
3914
831
320
6162
4549
2887
1554
6609
9749
1055
1728
4261
2317
4451
8297
8588
3496
6480
6020
6073
3197
2981
3204
6413
7475
7178
7820
6431
8360
1624
6017
10517
2155
5188
7735
4680
9467
5759
7745
4826
3899
5853
9792
300
9623
995
3416
6006
6725
2968
3434
8535
5083
812
8303
823
4254
8399
6149
428
6049
5365
7334
1619
735
8228
7093
8326
8390
3084
10054
1448
3500
2181
7964
59
3901
2276
6753
4719
7646
6391
7001
7801
6203
3728
5590
6801
6789
6744
1343
3537
3057
352
6034
5356
9562
8649
7239
7567
3906
2296
7196
6202
7783
1132
5860
8195
10387
286
1202
9352
8323
63
997
401
9781
4765
8752
8465
10643
9920
295
7869
9475
8907
3659
1381
9257
10293
7948
7851
4653
9188
5612
4175
2004
4056
7981
5744
8616
5788
7296
9509
2670
1662
10058
6971
1456
1582
3377
6905
626
5019
3113
463
8997
1521
6915
5283
10259
97
1361
5568
9405
1393
6271
6369
8031
710
8968
5397
3930
2231
3348
304
3862
6925
10689
5364
1783
8856
6803
1319
2390
8387
9819
1590
9305
8081
3939
8514
10402
9245
6262
6943
8181
1941
8126
2538
4407
10687
2964
7451
616
10375
5974
4163
4522
7697
10662
3115
6524
4283
10593
9865
5383
4172
923
5277
964
7798
4390
7121
2071
5314
2124
4435
4249
1501
4263
2272
4859
6576
7274
9259
4039
3256
2596
3406
8881
2323
7113
3981
10659
6606
1698
4323
8249
10656
1535
116
5373
4271
5746
8542
4849
10028
9530
580
3697
147
9304
302
2881
7078
10303
4324
7564
3781
2109
10349
7427
4014
10682
6511
6819
2641
5801
9284
3100
1907
5915
10464
3560
3950
3992
5235
8938
9886
8087
5400
5489
612
2168
8137
4189
10479
6629
8769
5385
10487
9791
7627
6980
3746
10460
9409
6749
7618
8872
5937
4888
9881
310
543
9391
10374
8416
6863
2374
708
292
6709
215
9764
5920
65
1360
5479
1017
2184
2115
9298
9628
8983
821
6033
8479
8637
2908
5469
3774
8405
779
5037
8875
19
4373
5635
10691
88
5822
7799
10619
3689
1490
9395
4819
1015
7509
1600
4727
6035
234
6108
3132
4508
6204
6786
6128
7247
6263
5140
9423
5551
6951
4332
8876
1021
3273
8341
4366
10138
9115
4082
9824
9184
9080
4276
819
847
3023
9058
8311
6552
2860
2161
6106
9290
550
8572
5210
6399
6327
1311
4025
7154
8962
4644
7422
7856
5113
4725
10444
9084
5870
6366
8896
3228
5913
3854
2384
8661
5408
10005
2245
6390
1803
1077
8861
6321
6919
880
4547
6644
5683
7773
9683
3262
7676
5967
1518
7844
4824
4970
3254
2015
9721
168
2453
1116
8206
1678
4347
5432
10255
7842
7037
2973
2186
3826
6596
8516
898
2267
6555
5252
4976
1182
8444
6664
4777
9383
1489
7115
6167
3020
5045
1447
6808
9132
4090
1080
6176
3139
8069
9379
9197
5384
7079
7830
6475
7712
4928
4051
9697
6912
2074
8426
6824
7961
7935
9253
2361
2023
9723
3359
3186
2131
9547
1932
4975
6967
3014
1255
9885
4120
9411
10653
443
5509
6646
10256
4469
3850
1405
2611
4256
4329
7532
773
6092
881
2974
2125
3295
5599
659
4695
9498
9231
738
6095
8585
1178
9726
6632
3075
8979
1263
7047
3990
8807
414
2148
8221
8056
7436
4834
4078
2677
3709
1000
5724
254
1609
9844
8477
5536
10291
4184
9055
9963
4364
9230
3429
10572
2704
9059
6961
729
7441
5047
4732
9438
10125
1370
1384
3363
9527
359
7380
10637
5471
1947
3593
2146
3991
1243
6121
9388
8751
6230
1274
6806
3098
2277
126
8157
1984
2870
7952
389
5755
6997
8511
8723
5414
10558
7406
9044
6437
8027
66
10373
3954
10328
6751
6582
5685
8854
7601
4164
1835
1789
756
4857
9842
7771
7667
9448
8317
5728
1909
8700
4868
2120
1190
354
3318
5811
4546
8566
7395
7209
8615
5985
9876
2379
1657
5806
6086
2426
4086
2792
296
7946
9234
2422
10538
4222
10638
5975
7657
775
4588
8304
8754
8122
230
9815
3747
7216
9017
5134
10131
5854
9855
2521
10069
6084
7186
10690
6493
2270
7231
6140
9185
3282
9315
10136
2731
5317
2880
611
4068
9007
8099
7873
107
3078
2729
5523
1398
438
6954
1162
9534
4280
3897
1465
4264
9712
7083
9744
3988
2471
7984
3019
4739
4062
2837
1167
5157
804
8981
6797
3053
732
8608
4571
7891
1442
5897
1194
10211
8929
15
3134
1352
6903
7533
4201
5552
678
2573
1584
6422
836
9812
1679
3065
339
7458
1987
3320
9157
8455
1485
4724
9573
1411
5816
9800
2026
2776
7605
4165
5143
7426
5956
174
4836
10343
451
2418
10150
3891
7887
2568
7951
7680
4389
1541
711
8963
911
9099
10419
9751
3356
4905
7019
8544
171
190
5907
4095
3971
5230
795
9730
811
3673
9393
4195
1650
1614
6557
2645
8662
2062
8990
8490
8633
99
4034
2688
490
7794
6950
10322
631
9814
3105
1169
4240
1472
8164
5208
219
8162
2902
6669
8003
1811
1146
3029
9349
10016
8696
7056
806
2308
9181
591
8823
6098
220
4873
2444
1953
3412
1268
7238
6040
4854
123
1309
2969
311
9182
4481
8114
3480
8412
2366
8487
6159
1793
594
578
3235
5202
2667
8435
7549
5732
378
3405
3641
9571
6574
9149
1217
10213
6290
6289
7929
5180
6628
4830
10315
10275
7101
10570
151
5267
2531
856
8103
2885
6314
3216
8267
2287
10681
9565
5061
10014
9715
5748
8747
2479
4016
1449
2928
8782
8129
5370
3003
165
5999
34
4769
7207
1354
7428
9584
6082
8264
9856
1841
3757
10180
4274
3582
9380
1290
6103
8557
8192
5184
8218
1893
2541
1740
8629
7049
3779
2166
1627
3568
6451
4557
1867
9982
1968
5495
3928
2789
10178
2246
2
8709
6075
9868
4630
6774
8640
1079
10051
10502
7694
3835
9582
9324
17
10070
3869
9675
8627
6719
807
9942
6285
7026
9950
6952
210
112
1088
5392
2540
5528
8955
573
8392
7996
4654
2655
7744
3010
1416
5793
6439
2796
6449
7092
2582
3192
9658
3549
3250
4955
9464
2007
10581
7352
3089
3838
8719
5272
8755
9770
7270
9529
728
8067
5106
6183
1820
3248
501
500
1900
641
1180
5031
4618
6762
7197
6304
5480
6885
6722
231
1278
3354
1276
10399
1605
1013
7341
7748
6657
6472
6213
4978
4008
1313
1418
2997
4227
10036
1075
2416
7072
2989
7976
567
9474
9614
4886
8461
4594
10488
3564
5904
1747
6046
9889
2234
5446
2190
4236
6588
4447
2043
7823
5343
7439
660
2640
8088
2625
3584
8762
6363
1106
8679
581
4786
6963
4984
1931
9567
1594
10609
1898
5154
3773
1736
5533
10042
1302
9331
7825
10550
3166
10540
7833
3351
3394
7479
7255
7065
8888
7342
2606
2037
3224
3843
3148
2865
5163
1487
3215
4996
9004
9838
2468
2910
4101
8306
10078
10461
7267
771
3760
8090
1889
2355
8226
8909
7320
6174
2717
8602
8023
278
7511
10215
148
8524
2406
897
9397
5593
10585
6173
5751
557
9783
8176
5984
1005
6382
876
5447
7944
1956
10227
1443
9106
5656
2058
3708
3096
3829
5634
3787
9583
141
6050
7513
7264
10216
8125
6139
4531
8688
91
4602
7503
2665
1561
785
9427
2739
3953
10384
7107
9719
974
2738
2290
5358
9949
277
9611
2165
9050
1769
10598
4474
2706
2443
5033
8468
5990
833
10228
5916
4932
3255
9173
1477
7074
1778
10356
9766
5987
3195
10497
10059
9971
2117
8052
5065
2841
6355
669
8571
2721
5640
3527
8481
9512
10679
2300
9537
9065
3368
5328
8871
2832
8178
8926
4620
2608
4211
6999
8931
8761
10001
2844
9639
9479
9057
5729
8977
2851
9200
8167
5129
3893
4601
5789
834
1363
2818
10715
3002
9465
9236
9637
814
4521
7597
5991
952
5574
6356
5122
9163
5861
10565
9064
93
7058
4838
8331
5830
2675
8521
5001
3498
5516
5849
9227
918
2901
6935
4747
8456
114
5131
5797
1473
5137
2548
6652
2360
2949
9711
5780
2555
2082
5721
8109
6163
6887
331
2594
3683
50
1651
6923
3173
2385
10472
10319
8763
4829
1848
387
4998
10684
6584
10462
2613
5557
3461
2730
1189
8160
3735
8788
1954
3214
2833
3606
3644
5444
6476
2077
8612
5369
6309
8010
1780
5347
4048
3218
10064
607
3654
4242
3443
8050
5457
2189
2984
8492
6891
6237
662
199
6705
2953
8620
7344
1367
4692
7015
10284
8568
1713
2920
6974
4339
1858
6421
2057
3435
7780
2633
2768
194
5227
4492
7904
9566
6222
9092
3278
6888
7524
2228
9947
5976
6427
4425
4548
6499
1120
8722
9051
5130
9191
3244
444
3960
3963
3634
6001
418
4901
3157
7091
67
10465
2438
1186
9010
173
2775
191
3660
2659
2301
506
3230
5207
1358
8452
4652
4136
6941
5539
10513
8772
1566
8636
627
3548
7880
9369
5600
9089
404
9747
1226
7241
5693
2749
505
8750
5411
9456
3418
8950
2295
3455
695
7905
7860
4635
4918
8587
1346
4026
1538
8905
9279
7443
8623
455
960
5390
3764
4423
6135
4663
2321
4590
9575
5187
5351
431
2604
10594
8464
7587
6259
5869
1376
7350
6464
4272
3088
1815
2819
9767
2836
9345
298
3021
3884
3400
3281
2409
1040
3491
1471
8033
4999
3194
6134
3962
3093
9864
4235
1588
1544
2983
8475
3043
9890
77
8707
3845
8065
1060
4900
2060
713
253
7492
4186
1289
57
3556
188
456
6234
1563
2141
7939
6335
3404
4909
10159
3344
1764
8349
6906
8436
1121
6869
7471
3180
37
10548
2753
9159
6538
10478
7067
2205
2072
5218
5018
9098
7371
8998
2095
8758
5906
3595
2128
2354
1849
9610
1524
2486
2643
7066
3944
4502
10237
3607
1720
2824
10508
201
6291
87
393
533
10108
3859
3624
1090
308
3519
1063
8255
7896
8076
6591
6767
7575
3987
9556
10603
7481
1642
4305
10405
9178
5889
9293
6160
4380
9166
9580
1610
10524
5463
8268
2135
6843
10491
1459
8972
3739
8135
9908
1321
2462
10417
6678
7011
1865
9192
10111
4475
3018
10083
4430
2678
5555
8391
3726
9997
4645
2316
5117
3675
7993
2651
1714
2311
1351
6254
7652
4369
3722
8121
9180
794
8850
2834
6839
6956
6172
4021
1462
4689
3163
634
3039
3798
9457
8222
788
8685
6461
7682
6697
9955
2693
314
4658
10061
10338
8242
8327
7273
9909
7089
2336
415
4156
2779
8415
10361
5261
6325
3620
9332
9162
1331
5994
8220
7629
5029
3804
2585
5468
9644
4530
4382
8244
931
6112
1673
8956
7553
6078
8216
3190
2208
6244
5754
411
10677
2206
2229
2793
10426
2223
1303
8332
4962
6604
1949
3650
9755
7360
5506
3179
4284
4015
2016
752
2236
9118
4899
31
9018
5909
5741
8908
5839
6840
9777
3508
90
584
4378
1301
7906
979
2389
92
1855
699
5947
3015
76
9233
2900
8878
6384
7323
9085
3505
2487
7736
4835
889
7672
10072
9488
2147
9434
7351
233
6002
10496
4944
9220
5519
4209
9239
9204
2614
2368
8842
8363
1957
5899
6600
2763
5886
4903
4203
1216
967
5121
6750
3007
9555
10116
8904
8330
6419
9773
10329
2357
8701
3486
10167
2773
1373
9269
7157
4367
4020
4141
9863
3118
704
2612
1011
8684
3032
6408
8139
7650
10033
6043
5798
1257
5879
8743
1050
10270
5770
5666
568
6334
7495
3489
9265
8581
5712
1817
8336
9125
919
1613
9661
10031
3797
8749
4700
5382
7059
1647
5216
10493
8120
1403
5517
3170
167
694
5357
8029
8538
2376
74
9631
10263
3765
1847
203
5803
4564
935
3417
5867
3758
1390
8583
7160
507
3258
204
733
10504
2325
8648
8502
4287
9772
4159
6859
6445
675
4158
10156
4439
5434
10277
7084
2828
9048
5720
3086
6778
10367
645
10680
517
10377
448
7890
9510
5195
5466
3724
968
2220
10217
3622
7242
5705
8537
6182
5030
9533
4509
1048
5812
10316
7416
9999
5374
5547
4844
909
9158
7717
6508
4130
9958
5930
8000
10344
8189
8205
9882
441
9915
544
4570
429
2732
8294
10485
1286
3331
1233
8884
9563
934
1379
531
6517
4728
9076
1570
1960
9653
6242
5664
5067
7374
9937
8665
6097
486
7785
9586
6559
3092
5629
7571
9917
9836
8641
10231
10191
3425
8485
8198
9646
2338
9232
8001
1745
10304
4401
7754
6830
1407
8225
3861
3876
10616
8757
4721
8899
7386
9630
10667
1404
9608
9984
3679
4760
5435
6899
9347
1623
71
5027
8812
5535
2364
7329
4270
3608
2363
1119
4993
7547
8790
6618
10372
3518
4072
6831
7038
8531
9858
5402
498
5142
1683
5474
9805
5809
3895
9925
2261
549
7877
5957
3636
3628
3870
9557
6111
5440
9074
7233
6185
2351
6828
4823
7953
6215
1934
10420
5665
6849
4154
7741
3707
1031
4931
5294
981
9678
3472
10381
10530
402
7109
6780
1910
521
8466
1991
1887
338
3664
1147
9047
6856
7975
829
2924
2408
2222
7260
323
7977
9299
4066
4214
4312
9543
82
1054
7199
8599
9176
8792
1295
8520
4022
9878
901
558
8101
4567
6878
5701
10118
9754
6515
3329
3942
9922
9505
5973
9396
4477
6463
6562
5486
1649
1495
7303
4672
4131
225
6799
3738
7721
5667
10431
4193
9131
7005
9636
9576
1625
3183
8947
5903
528
470
145
1332
8652
6759
7669
6441
8995
5684
9991
3495
6994
6684
10164
5138
5296
6286
9123
7596
3534
7934
496
3514
1139
2737
8986
10622
2878
2716
10673
9620
6890
3594
7724
7265
1587
2785
8577
10149
3864
4925
6969
162
7073
3520
10130
5944
3249
1229
8885
10404
9355
10563
1074
9219
7822
8153
4194
1571
8508
9619
8646
3828
1072
4607
273
4972
1599
736
1891
6966
5616
1843
10144
8086
4298
6328
1648
7554
5458
9700
1951
8548
4143
1840
5090
7508
288
3263
10327
4681
1324
8794
4735
5242
1936
2225
181
5543
9362
8703
7385
3831
10703
1467
1791
7558
7925
9201
1111
2932
10658
9552
8949
1749
157
2144
4328
4422
4479
828
6802
2757
2029
9850
10162
1128
6593
7566
4047
3681
1402
6516
3812
8460
1851
761
10555
1454
5043
3165
5350
3246
5169
885
9553
9077
3159
6119
8276
9694
7061
4554
5331
10146
10535
4860
7252
8351
9731
8309
5050
3167
301
1365
7102
7879
4053
452
8690
5596
6532
8519
3336
2370
5101
9650
8329
754
5256
5245
3806
10140
1512
10230
10457
1699
3546
8830
9904
2511
4532
4361
2830
4803
9875
3164
4580
7871
2449
251
68
3924
9967
5155
4188
6331
9880
7226
8556
10370
10103
2663
7423
3494
9237
5429
2217
8028
6087
4205
8534
5726
10394
9702
6597
6308
9455
2940
8239
10449
9006
9708
541
7983
5931
1412
6487
10407
2970
9291
4118
2990
10701
3382
1509
9049
6924
3191
3965
4808
9956
6975
5894
1615
10702
4244
3450
8621
9066
10376
2769
2868
246
6687
6642
3693
1288
9476
9136
1026
7892
4862
7494
7414
3280
4273
2784
7404
9270
4024
6426
7550
916
3145
8319
5344
3586
10142
1958
8898
4726
8852
6663
1374
10401
96
6330
2020
6236
867
2959
10537
2876
8174
667
9101
8928
10175
2279
7994
8451
2842
5465
4246
6832
3051
6763
7430
5802
8019
4665
9951
4555
8478
5249
10686
8424
8089
10527
1317
5603
5128
8379
9011
3239
1767
4878
2960
3522
768
3868
2552
8643
8350
6057
800
6298
5287
4745
7448
5483
85
7021
2078
3264
8513
1813
3752
4212
7169
3319
1691
8097
854
5135
3325
2315
10714
6498
9124
2286
8084
9862
980
44
435
2916
745
10233
10062
778
1424
9314
4935
9957
859
10639
5681
5086
2918
7362
3553
4498
4941
9797
8262
9823
4115
1875
4816
7276
5615
9558
2388
7894
207
9276
153
10102
9171
8048
326
2817
9459
617
8030
7738
7268
1525
3934
4783
8115
2978
1632
9389
6998
345
7173
1415
10531
5339
5057
4455
6561
9169
6939
7679
6141
1256
661
8911
2610
8897
3275
2764
3687
4798
1095
1284
9612
7901
9311
2437
4966
5695
7166
10433
5144
7485
8173
8149
1884
7758
5697
2033
10516
4308
10157
2046
1413
1638
4013
3566
6238
9249
7841
4354
851
9481
8258
10038
1520
9845
5949
5725
3550
9918
4647
3229
3898
1385
4434
9103
5604
1428
1986
8102
10183
8447
7766
719
9367
9361
8324
635
8495
2593
3112
2176
6317
1093
7378
6677
3101
10623
9211
629
8836
9911
1755
942
6372
7924
3759
342
1155
2795
5571
7081
886
6533
8877
2239
6857
10470
397
2352
6255
6883
9121
1762
4335
3718
7118
2526
5499
4081
3886
9328
5293
3923
4922
5490
1634
9887
7644
8407
932
1786
9985
10288
3062
961
6118
8942
10446
8091
10073
6417
914
8604
6375
6690
5319
1157
3158
8070
1242
7557
1224
1426
3373
9741
9186
6153
10713
461
928
2838
8944
10145
6901
6670
10307
4666
8491
5792
8859
10134
258
2263
8443
5124
8862
5592
896
6336
5456
3383
5212
5932
3706
910
9244
4040
3343
2714
7232
2326
4733
7662
8248
3291
4820
346
638
9285
2743
4741
1526
1725
8389
2831
7418
8819
4250
5851
1963
1504
5981
5156
8395
3719
1686
7504
5832
8203
1531
6547
9670
2510
5731
10627
2702
1304
8138
2917
8428
5395
5387
5882
318
10455
640
10452
3727
874
4556
6455
6592
6755
994
3226
6937
9737
1397
718
10283
4870
4995
5579
748
7104
6142
7343
9463
5694
5069
10359
75
7176
5608
3563
5609
5908
8606
3090
5594
6735
3205
1507
1176
6936
309
2485
5298
2905
1422
8724
237
564
894
8940
8805
1333
280
10331
8113
2725
10708
2835
10313
2275
843
3116
7442
8417
6578
4032
6116
9852
4550
1812
10459
3217
6210
9238
2708
6184
9603
7312
9759
8869
4636
8230
9258
7757
8959
3565
2862
6933
3286
9039
4785
7294
9789
3875
7306
7690
3609
9874
10155
8093
3439
7356
8764
4301
1094
1622
8094
5613
2811
10354
7463
10251
4595
9818
5898
9417
2154
8032
10599
3670
8932
9935
6711
8776
2182
10184
3658
1181
2894
1036
5333
2661
6599
5205
4432
7496
2505
4965
9143
272
5650
9364
9261
5575
6058
130
7625
1195
9088
9260
7086
2982
3949
4454
9060
8440
4190
4233
3902
10247
6178
777
3581
9052
5112
3424
2237
9993
5827
2106
105
1006
2433
7705
7840
4238
7817
2100
10258
2000
1772
6567
7797
5099
315
2334
1724
4986
3206
3551
1562
1388
3149
10089
10115
3544
8821
4610
639
6841
1633
6430
5407
688
647
4656
3979
10588
2402
7399
6918
4818
7337
4229
3220
10519
1715
4528
2728
8873
4450
6164
6723
449
857
7527
6793
4488
10634
8208
40
6783
1062
10486
903
5475
4702
1915
6834
4744
9526
10171
10027
9209
8251
175
9275
7116
8371
2733
6815
10663
7224
5901
6284
1318
6615
1348
9998
5301
1583
1061
9733
2019
10323
9439
6655
9419
2603
7215
3904
2482
8240
4177
1729
1927
3357
10641
7184
2884
1826
8973
4809
9602
940
10250
4773
5584
1696
9094
7791
1184
1620
10046
8457
8179
6454
4524
849
4910
6699
6992
10371
559
1616
2013
4563
1246
9588
8589
4114
2759
4615
4952
4933
370
9853
3887
727
7043
8798
10023
9226
5100
9431
164
5266
10218
2268
9366
8966
2801
1124
1394
1369
5605
5626
3775
6217
2906
9281
2365
6051
282
4087
6368
275
5965
5393
3945
8785
2575
2972
10437
3479
4671
5377
6188
8667
7583
6143
9936
4257
7750
10110
2569
9340
3877
4894
7130
999
3147
9022
2542
1035
7094
425
3597
8691
6818
1081
759
8974
8342
655
10032
1579
7183
10614
8953
6281
5817
3028
6471
2909
4529
2815
664
3407
4574
1694
154
938
2933
261
1125
3588
10257
1076
8486
9664
247
6023
8927
8108
155
3662
562
4589
696
3485
1643
3367
8771
672
624
1530
1645
10439
8151
725
7632
5449
731
4511
8501
9807
8281
7870
5739
4629
4495
8555
8172
5714
8482
1807
8042
6612
10688
6962
10545
3174
4294
4540
5462
1196
1049
6889
2574
1320
6468
6349
8725
1287
1328
7918
7218
8808
5005
2961
2440
10669
8017
7467
8252
2690
7651
4525
7117
962
4579
4438
6205
8674
2240
8434
5036
7052
7731
9564
2421
2133
7429
2359
8026
7205
341
737
8522
9013
8110
9635
1765
5772
137
4526
4961
2192
7541
385
2806
7529
9716
6565
386
100
3734
5234
7965
4867
680
3109
2783
5292
2061
10135
4360
5877
211
259
904
5335
8085
3967
10707
21
2464
6248
6823
3283
6301
9042
9484
8766
5647
3619
9336
8035
4568
10203
6656
10574
9809
3792
5039
5476
1551
6728
9839
992
3604
5472
8274
6788
7096
9203
818
4914
6754
6196
9831
3678
3888
9919
9954
9980
5996
8188
9414
3361
4376
7353
1144
5415
4625
2955
1681
3921
7099
4377
3323
9779
5912
10022
2760
9927
6233
6344
1281
6246
7941
1921
6239
3755
2802
10065
9597
7103
1211
10223
8104
6708
5259
949
9460
2094
2952
4027
10590
1750
2852
4696
7391
7181
4303
4743
6433
6396
2024
3937
2827
7992
5349
8607
8680
7029
6972
8064
1034
5885
2684
5233
7649
7546
7974
5995
2207
115
1663
2810
8980
4148
3811
7633
492
2454
4410
8338
5198
6713
10651
3539
2514
121
7484
4778
5388
6470
6575
4480
2251
6401
4703
1200
7298
1831
3694
2546
5153
1672
3300
1219
1091
1938
4288
6826
6000
10542
5548
2467
9114
7153
7170
2469
2925
276
262
10295
9117
10556
10520
5657
3849
7645
10551
5309
5224
796
4279
6816
2284
4399
1057
1436
6661
6573
7790
8493
5450
7235
4010
4930
4623
9943
1149
3076
9913
377
3292
3117
1955
2034
6986
7931
4841
7579
9096
5651
4815
4565
6821
7561
743
5715
8374
4171
1450
6380
2629
6641
2226
1971
8283
279
9501
2848
3413
6029
7146
2750
4123
6150
6047
9579
7394
9531
10705
3789
1097
8561
1798
6137
6053
7446
6071
8245
6522
7444
4596
10123
6829
8789
8562
9489
9516
561
4387
8786
3881
2183
4863
799
4431
10719
4937
10580
1045
4576
3580
5151
8287
2632
509
7626
5876
5190
2343
9690
803
118
8936
7769
2191
1688
3017
2419
2202
2735
8333
7814
269
10453
7774
7198
6351
1483
1604
1433
6045
6886
8912
4787
1734
4790
10063
4404
4634
6991
5423
6895
1522
3378
9816
5521
6541
10692
6085
9859
2945
2224
9337
2075
7229
5781
7900
4215
13
6647
5765
7702
10133
8832
7643
5470
3958
2508
4545
4004
8867
5189
4936
5632
9924
2788
703
2512
5380
8558
3131
9375
1574
3743
7664
2362
2031
1792
2556
5837
4411
3440
3457
5888
10248
5072
592
2203
6489
343
7752
8016
4420
6673
589
3974
1664
7582
3451
9872
6361
7691
2712
8844
3040
4755
7379
2194
6457
6577
5052
3530
3639
1041
8678
5399
10434
8721
1004
7182
747
6347
884
6418
8705
2084
1874
6510
9014
5246
7131
2312
9705
7660
944
5006
1759
433
8092
1742
2395
9108
1972
4005
6837
1148
6938
9399
9247
865
9745
8536
7372
10668
6011
7888
9753
6976
6500
4997
5098
7720
4553
9500
8166
4827
3285
5672
7922
4054
1575
8901
4180
5327
134
7228
7647
5316
4397
4638
6495
4690
7440
10166
8217
420
1009
6553
8518
1142
4740
3277
2059
2991
7470
7335
2840
9860
4482
198
4340
1966
3846
3487
3844
2601
9394
4196
8624
9228
8694
5586
7333
4237
5960
1897
9193
6030
945
1719
7843
3379
850
53
5648
619
1894
9381
1933
3483
7402
1660
9356
7756
9422
2375
4981
7308
6154
8298
2937
5003
2157
110
9897
8367
6378
7863
4583
9452
8013
2766
3874
483
3432
10029
10019
532
9673
9820
2346
3297
8207
4268
9028
5243
4763
5875
8335
2903
142
5698
5895
8574
1396
10013
1126
5623
8670
9599
998
3119
8731
3397
2591
6357
3997
4325
8671
4839
5979
6036
9242
1366
6484
1871
3860
2823
9539
248
2282
10554
2855
3305
1222
182
10632
7864
5529
3177
9282
1170
228
2672
6630
2907
5055
3855
7713
4585
10606
905
4094
3123
5274
8829
1839
2461
2273
621
2249
724
9241
9544
9740
5079
7309
6804
2252
9667
8598
2014
9849
9342
2149
6623
3143
4799
4908
7592
6320
717
1585
10352
3306
4291
8352
1823
3077
861
1829
1110
369
9901
10529
1285
2073
7734
7325
197
875
22
2481
9866
9722
4789
6698
8672
912
5381
9012
5303
4604
7818
7555
10207
2430
8098
7290
628
8358
4213
5438
1201
7519
3661
5288
7002
7806
2322
6296
330
7967
7366
2549
10388
10416
7520
3777
9001
1982
10536
1692
970
1537
10562
3613
7363
1995
9931
7488
10552
5279
3890
3783
8420
4988
9961
4853
3091
3762
60
459
8393
7009
2653
7090
183
1801
83
7726
5064
7903
303
2448
9655
6748
7978
4234
1872
9069
8212
3732
1970
6014
7076
2162
9246
10427
7168
4398
3274
1047
4742
8605
2662
3531
3559
7490
1112
6589
10018
1859
3312
2450
5902
4055
8419
3853
5569
7930
5424
3684
10272
1809
2302
3715
9303
2829
5159
5813
2211
2771
4239
7706
7960
9681
8282
8622
10456
391
3665
6720
7024
3892
2038
10095
1480
3575
5068
3791
8175
739
3046
7006
10249
6054
6635
5008
1516
2134
4465
3052
9633
2513
7781
2636
5275
1
4365
2886
327
4781
4812
6189
9316
2170
3137
10317
6052
10495
5111
2800
8961
9545
3847
8047
1479
8717
8628
3056
8132
5203
9851
7036
4706
1656
1800
4612
6817
8567
9641
6021
4409
9801
9370
6549
6016
1134
7968
3384
5617
4282
4683
270
8512
158
4686
689
5682
7172
4413
2099
9810
2934
5375
4651
150
5503
2797
6225
7622
5966
3222
365
10312
6280
8073
5352
10165
3462
596
6200
8200
1271
7370
7249
2746
1565
4534
7175
8292
398
1975
8774
4518
9916
5152
6270
7020
653
10052
4718
7317
10020
8313
895
1718
2939
1864
7243
5391
3338
3832
2722
6459
4684
6691
6031
1913
4805
10366
10168
4181
2898
6107
1996
5164
7070
9581
1560
8729
7286
5540
8284
9518
7145
3307
1341
3464
3362
5125
3360
845
3430
10309
4616
9189
720
1098
7767
5097
2580
9960
1825
5085
3187
6569
8987
2943
4632
1861
5304
6746
3819
4248
5214
6117
7872
4642
1234
8841
1239
3885
3265
4942
3754
6209
4845
2525
8117
2309
5041
8273
1123
4221
5576
9033
3390
5742
943
79
2455
1799
9504
2533
8365
10566
5412
434
1785
371
6190
7284
1391
10364
5291
10055
5165
6469
10085
7728
7516
1409
1777
5340
2204
4730
4472
6425
9952
8853
4711
8471
4386
213
3103
2846
3972
6554
3169
3061
8650
7220
186
1652
6896
4869
6650
2671
3060
2494
8507
4433
2553
8320
9989
2893
2050
1002
9830
4459
6850
6124
3824
9477
872
7687
2122
1690
9598
7034
701
6339
5196
2441
9024
920
2356
8748
6440
3299
5221
9946
767
8232
5040
1593
8864
1503
749
6405
143
5639
8800
9027
3635
4359
1425
679
8745
4232
513
8300
10560
6332
1051
1249
2761
5919
9906
6633
10630
8337
10003
10393
6634
7535
2040
9343
757
2808
665
6090
3415
8845
5808
3428
2871
6123
10480
9591
5406
2873
1945
7319
7803
1451
7674
7214
1787
10693
1866
6946
3171
10571
2820
1188
340
9638
2091
2258
1156
6707
1895
4959
6501
8034
9005
9432
5636
8450
6091
6847
353
7522
2092
7883
1723
6316
4968
41
5145
7453
8229
3401
9834
618
8462
2499
1203
4350
5779
7683
1659
1572
8243
560
6322
8984
2233
8941
5418
3656
798
4562
8197
855
1305
3776
1717
1488
2967
2429
3731
3311
9660
5236
9977
3918
869
10351
9627
7899
10047
6881
2584
7376
4146
10430
10704
9788
4746
3490
652
7487
4247
7727
5307
6389
6983
8975
408
8038
3301
8384
1576
9086
358
6973
7777
2424
6507
4621
2179
2748
7035
1494
8739
2586
734
5971
10397
7060
10318
4573
7552
1534
9817
4489
4953
2130
1104
208
7014
863
4085
4006
9728
1269
9907
8645
1171
9116
7279
8564
3236
3766
7521
2745
5427
8256
10320
987
4852
3267
8272
1491
9093
4766
6307
9040
5081
3223
3916
10674
1357
4363
8781
2579
7008
3751
8596
4333
3816
1821
6442
4155
8993
5522
5437
9739
5508
4946
3388
5977
5794
4003
2935
5345
9321
1513
10104
5260
1244
3386
6438
4715
1918
3238
5496
3013
3621
6730
10132
453
4352
7812
8634
6877
252
6531
9035
588
1389
3713
3511
103
5872
2386
1001
2011
6393
5887
10024
4139
7670
4929
2150
9386
7461
8784
1705
62
5049
10503
236
913
4379
4058
860
5525
8713
3207
7271
5500
10652
3152
3931
6478
10553
1101
8397
7062
7701
1395
1890
7998
4166
9473
180
3308
9034
9214
3561
2825
7149
2101
5863
8053
9023
5290
5750
5315
8504
5699
8275
4586
7534
1668
512
4864
8004
7266
1546
801
4391
8055
2971
9097
1096
7897
6333
5422
1978
5764
5254
608
3552
2257
4228
2255
7997
3484
8735
4224
7143
4990
8708
8071
9491
8316
5443
2965
4427
8560
716
7432
2882
3825
1078
5337
9371
1038
8041
1923
1545
4893
4041
5910
7986
6345
5831
6220
7057
5147
8467
4100
1434
9378
4985
6063
4951
6416
1248
5286
7022
212
10068
585
1708
986
4514
2044
7530
10463
3447
7359
4874
5270
4355
3569
613
2727
1027
5477
4682
195
3009
9992
5950
3257
1043
6777
1228
382
7834
4917
2695
4792
2435
5021
5567
3977
10105
9514
8183
7675
1122
1115
10543
2415
10239
4057
2849
4297
2248
3830
4285
3567
7251
1644
9308
8777
10697
6025
10645
8261
8459
10326
5009
10279
7332
7459
10424
3337
8131
1515
9806
5240
9594
1175
9019
5719
4537
6477
138
1818
9443
6542
5028
4396
5713
6758
6429
9428
4780
5071
6882
1474
2218
3055
3141
805
1439
1014
9732
3290
2600
2413
488
4693
5453
6855
769
2926
6276
6251
7722
7795
3465
406
2923
1082
10176
5318
2826
9359
5814
9300
9668
2602
9150
5361
1612
7138
4217
206
10012
7963
7409
8111
10206
9000
10333
3748
1236
4281
6256
1230
552
4921
5183
349
3599
306
9170
3651
1607
4551
7474
8593
257
4907
4149
5321
4457
2520
7665
9725
3975
5929
8817
4989
6790
10035
2874
3133
7208
9081
9272
5105
5403
3615
842
2177
5964
9264
3385
7971
10391
9549
12
9688
5925
3408
10380
3807
4507
7156
372
10509
8939
1532
4736
1802
3778
9921
4113
9987
6566
6848
5032
9832
9436
10511
3126
4137
8291
307
5775
10392
3547
1254
3482
7016
2093
3506
3652
4170
3411
205
8978
249
8675
7881
3448
5461
2803
7489
6452
2699
3058
4716
10494
6512
6701
8902
989
4875
9318
1322
4092
4767
4617
10358
2854
8074
9168
8340
2536
3956
2697
7875
4640
6379
7515
8818
8780
10604
7563
4204
6534
2537
6340
5743
10289
10276
2904
8970
127
9212
2502
5257
4485
5818
523
4038
8530
3414
8118
6462
5485
2857
5538
2966
10567
4770
3598
3555
6490
5372
7007
9944
1735
5445
4504
9138
317
3657
6603
7483
5228
956
9016
5736
1262
9841
3111
9926
7747
9914
2951
9338
3155
3237
5708
8994
8043
10428
10285
7132
1924
5376
9307
6675
467
10274
1814
3720
1044
6717
8660
8809
5158
1089
9884
9406
7135
7858
1727
4979
5219
2720
7211
9107
9794
2027
8185
5707
1667
7606
3099
6551
3102
10625
6278
1834
305
229
4490
8699
9277
3324
9550
7577
1265
7412
9699
3998
1920
1046
7213
9662
2605
9110
6198
2097
10347
2897
10281
3376
8831
2259
3289
5962
5024
7040
10222
4173
6411
4566
1711
9748
7824
113
4813
5843
10053
2816
7658
9757
4934
5123
5211
9382
9470
8263
8826
6544
1299
8692
10101
4002
6028
9578
2679
9622
4919
1022
5923
70
9268
5577
7137
5011
1577
1701
2112
4500
1559
9398
8915
7782
9983
5076
5348
8163
36
8765
5
5215
9412
7075
6104
5753
2036
5454
827
542
5058
5847
437
3573
2110
922
1591
480
7604
1784
5518
10350
6643
1168
4160
4073
5595
656
9327
6594
9568
5182
955
690
4800
7700
5284
7739
9990
10694
9790
8259
9676
6812
4458
3213
2096
5718
1611
9629
5271
5829
4614
4463
1552
361
9341
4762
893
9561
294
3042
7725
9218
7347
4837
4544
5026
5601
8328
8155
583
6800
6136
9387
3793
7383
4121
2915
8509
7982
9266
4033
5727
3054
3994
766
356
7194
8432
3617
3276
3989
10582
316
3909
10716
8954
8655
820
4969
1387
3542
6506
366
9482
10406
8299
9483
1578
6015
4429
5491
10640
3578
3695
1744
2615
6132
3533
2718
10242
6491
8383
7718
5146
1446
3600
9840
8847
7598
7048
5717
6268
4664
5874
6311
5927
9769
8083
4552
5662
4520
730
7263
8638
2709
10081
9796
2446
5149
7030
3153
8611
2781
5436
1523
1636
6537
5702
1334
9953
2396
2410
10225
7787
10660
1329
4462
8078
5417
4042
7326
10301
10011
900
1940
2451
1085
8177
9570
10220
9390
1270
9970
2164
6080
2335
2473
4183
6076
8951
6038
8515
1312
1857
3601
6467
3951
6079
7805
4153
1653
1108
3108
1019
9196
6341
7759
8669
4927
2618
4116
5561
7502
813
8124
6977
5280
3050
4561
677
6867
2798
2152
7025
924
3794
2086
9902
1024
2680
5127
7958
1466
133
8130
1597
4523
4758
789
9966
5035
9440
4956
7708
890
1267
4122
6556
8838
1697
1816
6737
3736
1291
7970
4102
7696
5582
9102
10205
8860
4001
4591
6048
7039
8813
2491
4558
5700
7424
9986
783
3284
10007
6070
4814
8381
4179
9600
1751
2458
6985
10264
1016
9273
2875
5706
6060
478
4231
3710
6558
8546
3655
7987
6639
3403
4220
824
9296
1345
7663
10620
5004
10128
8882
1280
5572
5997
5258
8059
2341
7477
7765
887
380
3993
6113
5070
285
3761
7831
7358
7300
9104
8165
8563
5038
7526
4076
5819
5841
5505
706
7764
10229
595
840
6702
1420
8591
7206
822
8728
2858
2947
6978
10718
98
10088
4415
10695
2159
7313
9469
5688
1671
906
3421
7586
3723
4348
2673
6434
2839
802
7222
2178
579
2756
6827
6420
32
9695
1193
6852
8448
5654
2103
10591
6620
7349
10410
1261
5299
379
5675
26
6192
6250
3688
963
4880
4374
8231
1476
9155
3995
9346
1417
6616
10617
3800
8668
3
6129
3221
10489
10710
9669
4980
5174
7455
9026
6785
5209
3842
4200
7240
10143
7624
8021
2724
4858
2195
8526
5114
784
6166
9225
1630
9199
3638
2436
8727
7010
10561
1979
7617
5917
3395
4848
2859
2930
6065
5622
3583
4797
10048
1206
1700
6624
7836
1880
755
6825
9517
8906
58
9706
8921
9416
2269
9869
348
7689
336
7988
6945
179
1099
7634
2328
10547
7278
2987
6898
10241
1716
3730
554
4111
16
10624
7450
10026
2791
7217
9113
3952
5884
7938
5217
3380
2185
6689
4262
3352
597
3919
6563
2119
1107
3211
4174
1158
9400
7572
7227
8746
2850
8510
3106
3669
8372
614
9063
5942
5857
9161
2950
9208
6279
9357
2529
6056
1208
2758
6503
2664
10148
3591
5044
9492
3024
7730
9929
10568
5176
2137
4322
2744
6581
1406
4414
2392
2890
1601
3303
1498
1212
809
5206
3069
6169
8
1806
8570
9665
14
3926
10300
1564
2243
8879
1117
10557
9363
3185
2707
3469
3315
978
888
6731
6318
5178
9804
3763
6370
2814
4383
3940
7193
1852
9490
1130
7346
10647
10415
3668
8345
1569
250
10232
8430
8127
5478
5310
2254
10670
2442
4138
9153
3648
10345
3880
3515
3340
9119
936
2488
475
9271
1536
9334
4069
4691
3437
2459
536
6601
825
8883
1860
5082
1878
10671
7452
555
1639
464
8269
8008
1032
3957
2564
9056
10629
8654
1020
7761
5255
7261
6942
9140
7140
3915
7753
3645
1315
1421
146
3905
6611
8011
6796
264
892
10192
8525
10378
5868
7500
7507
2404
1204
10711
3493
1707
3823
4306
5200
7979
3199
10720
2006
7388
2126
3426
7259
774
7559
6295
7417
3073
6607
5710
5023
10200
8140
2532
5504
5367
5430
2686
10650
4065
1071
5013
6585
8339
1140
5587
817
7932
5680
56
4608
2064
10008
5110
10357
746
7392
6394
7460
6241
1275
8840
4406
6302
1025
9497
8539
7244
1482
1838
9647
6548
1018
870
9657
5452
5297
7161
6955
3309
9373
2778
4582
930
8576
2864
9442
1349
10409
10188
1819
2213
2285
9613
5679
6940
2304
8474
6873
9133
3460
2307
10602
9499
5281
5637
1339
6069
1962
3509
3907
2581
2477
1143
3716
5404
6610
106
10442
4074
6249
3805
8148
9758
3470
2747
4418
7080
4046
2658
7468
5251
9559
2891
7142
468
4144
2544
2169
5433
7445
5810
2595
4538
5379
3969
1980
10642
1658
3858
6568
240
9478
2719
10628
7715
3570
24
4828
1926
772
953
7204
1481
3929
6798
8664
2650
620
1592
6739
5778
2383
2944
8740
7885
5716
10534
7910
4593
5631
1500
2260
2425
9825
10474
4784
5386
9768
3304
8020
8778
2637
8347
9449
9854
64
1695
5366
2127
9569
9643
9067
1237
4804
1470
1505
9979
991
6161
7152
572
7612
1408
3685
2008
2480
6101
4265
1362
45
5273
8007
4667
9520
1133
8937
9976
10379
815
7909
42
1965
4393
1083
8639
4503
7482
5177
7328
7950
7668
8353
3240
5109
3577
6752
9615
2460
6360
4349
985
6879
1682
9923
9252
7384
8051
8409
4714
7045
2517
4889
2172
10368
5597
4756
7685
6064
4750
8386
4464
2863
6009
367
4822
1100
7933
1240
5855
6024
7219
1293
1410
416
1197
3879
883
4704
6364
7544
7681
3302
6809
8066
4225
4764
7536
7258
9154
3038
8296
5025
7469
9528
8553
6041
4494
10541
4876
8413
5389
497
499
6269
4670
7262
8354
1068
2012
1689
6679
702
4075
2371
8848
3087
7677
657
3756
2393
7854
7361
7837
10161
10208
5276
3768
7162
8285
9654
1414
5160
1990
571
43
4444
5989
8653
6795
937
267
1508
101
4641
7373
1709
4685
2723
1023
3848
2616
5610
4877
9078
81
926
10506
6381
4278
8814
972
5119
9425
976
9392
4011
3810
7959
7305
9616
10243
2498
7110
4018
10483
9522
6680
10294
6645
1129
4957
1164
350
1961
2711
8863
7962
5963
29
3507
5767
2927
1589
1976
7548
1251
7357
2242
4926
3643
8825
8517
3107
2041
10199
5172
4351
4496
2221
3287
8143
5588
2042
3398
9183
8134
3817
7770
4456
4216
4317
3935
7832
2994
5487
2047
4295
8922
4539
2493
1086
8388
9421
10325
8182
3342
2644
9532
3809
399
7023
2635
4446
9025
4904
8960
1172
4437
10626
1912
7749
9021
161
9288
1782
10458
7365
9972
8356
10139
5329
8903
5786
4749
3589
9609
5607
395
5091
9286
715
6948
2867
2215
6010
6792
3837
5627
6836
1722
2069
9934
9621
4802
4132
4453
8437
6910
9933
9128
6100
2755
446
8325
3865
2501
6718
515
6545
73
7943
946
3181
1580
10099
2715
271
6784
2506
7688
9649
6165
281
363
3310
2138
2587
1486
1844
3671
4084
9626
3592
8270
2209
2197
3574
10672
4994
3538
9250
4668
6252
1824
6392
6359
7340
10365
7686
5305
1685
6229
8969
6181
7077
7859
2278
7150
7608
1739
8913
3402
454
3097
10411
5080
6733
7755
4167
1665
6729
810
6258
3883
7573
3335
238
2787
2958
7003
1830
7733
1174
3948
5078
8549
8799
209
1058
7282
6402
6932
2329
3642
5988
5825
5823
4296
4992
4622
8427
9446
7354
902
5289
4483
5311
2607
6865
125
5066
8803
3866
8545
1279
80
6505
3203
6228
5213
7210
3976
4541
9167
3452
4892
654
9595
3947
5761
4275
4560
6170
6227
6527
5970
4300
4147
1231
4342
7304
3184
8930
9879
5300
1037
5527
5268
9696
10147
8286
2401
1218
8822
5238
7336
5941
907
10141
3260
10262
9122
7855
9333
6199
879
2634
2010
8716
8199
3920
3927
6299
10432
4791
6526
8617
3821
7867
4679
10114
7315
8528
1779
4662
7955
5342
4460
6613
1943
2305
7737
2132
3910
6598
7322
474
4330
8423
8496
7257
3813
8582
10039
7408
7540
0
1776
1053
4419
650
4151
8918
3474
3000
5010
8022
6775
3840
765
9450
5451
4906
4697
2407
4637
10717
593
1925
2049
8965
5566
2530
6990
8062
4436
2754
1617
5598
917
6428
7285
5012
6062
1118
10195
622
10017
3036
5842
9899
8377
9828
2589
10311
424
1602
5324
9325
2387
10280
2054
3785
1337
575
547
3189
674
668
8759
6385
8054
9207
948
526
7413
9020
8683
2160
5531
8288
1967
2318
3744
6929
5969
5059
6465
9910
9350
9062
3605
3742
633
3341
5709
6696
7054
4884
2941
4442
10287
4491
10129
10172
7280
5926
2324
4445
10177
3985
86
8989
10414
6846
1401
9480
1896
4793
3035
410
2372
6127
9651
9760
5564
7710
6854
2113
723
10254
3454
2962
6571
6283
7723
8414
8943
6479
8920
5620
7480
9617
7438
2121
2646
7821
2576
2691
6970
1969
2052
7159
8601
8305
1543
4061
3540
5756
7556
740
7673
8550
8476
7693
5194
10252
7600
2262
6595
6587
4950
117
5199
8846
5938
7144
368
2767
1241
2280
7201
4473
4083
7876
8533
6109
5346
8595
3162
5265
4218
868
753
4320
10621
5826
10498
8635
6590
6155
5878
726
9729
7506
184
1469
5983
2238
6550
2085
4987
7071
8100
9222
8293
128
8711
6323
7866
4267
2547
7808
6880
503
8145
8775
877
2545
3034
1595
6171
8484
216
3473
2698
312
7917
8404
3677
6194
676
7635
8644
1327
9752
4208
263
10533
6814
8438
4106
7631
1942
5653
4219
196
1325
10546
2963
9385
8996
5611
9075
2274
2998
422
6497
6013
7055
2291
4037
6115
5175
2642
1669
6502
7927
9090
6897
2348
5776
4112
8820
4031
852
1573
10468
636
4426
5002
1457
10412
3081
3433
3176
4096
7403
4043
7560
2271
751
6981
4311
185
5353
8886
4185
6094
687
8957
8201
6651
866
362
5513
5891
7653
5658
10179
2666
4855
5992
6653
10071
3543
673
1788
9802
7762
2999
4850
4902
3212
351
3908
519
7829
1721
3475
10337
457
6703
6125
3572
2913
3614
1758
7375
6436
2929
4394
7813
5824
1007
1556
5934
5690
6201
1179
9267
3202
2804
1066
4924
3328
2687
6738
6525
5968
10385
9142
8418
8057
1419
2340
3094
9525
3528
9223
2619
9255
7630
4089
5534
10240
5094
1993
5670
7324
8142
9374
6193
5692
5752
5494
2977
8044
7703
3142
7275
390
2298
1440
844
6853
8900
4126
1460
6180
3541
10636
10450
469
2954
3025
3011
4255
6726
2872
7314
9738
4091
4913
10418
5578
7620
10425
4416
5250
643
6844
7236
6934
2201
2703
245
8237
7389
102
502
23
5866
8202
2807
1383
7539
5096
7847
7085
392
3154
9857
1761
5544
9710
4639
10120
1935
1654
2588
6761
8714
6310
8824
6395
1903
7377
2353
7828
8971
7655
9945
763
1356
3712
4801
4710
8891
3399
10235
5696
8473
2563
4688
1774
2490
9420
6982
8346
7064
1227
2250
5646
2669
8741
2630
5703
4779
6870
5550
10234
10082
8014
6374
10447
9126
5244
400
1198
8204
3841
2377
3476
8676
1438
9172
9822
344
5084
2098
4243
3996
6894
2289
6216
9372
1822
9445
8527
1154
7147
2081
1586
10137
1353
5410
8469
8554
5618
5492
2470
10170
7551
3130
598
2497
6110
9046
5774
3894
5285
8858
5661
8586
8449
9330
7498
10009
4375
1558
7221
6221
5512
1549
5341
8227
2780
9217
8470
3233
9930
9229
7985
5951
9679
2889
8290
6158
4851
10158
7192
6342
9127
644
1294
1917
7999
1680
7464
7180
3941
7719
10106
1842
3872
4807
6965
9787
3317
2570
7942
9506
413
7158
8948
683
136
10396
4045
9100
3033
9541
1435
7456
4947
4600
954
9213
5663
6482
5186
9297
8234
8146
3745
1185
8917
3471
3453
1557
1973
7593
419
8024
3371
1310
4408
8307
8494
5330
9905
973
941
3366
3288
10500
193
3603
6206
1795
3833
587
9174
5371
5482
2892
2639
8422
4575
5484
1985
6485
6693
6968
4009
5625
7318
4187
5306
3059
5795
6681
364
7124
6409
4385
10202
1160
2736
6805
6488
4754
5295
1676
10043
7666
8801
8266
1539
9156
2683
2107
790
7311
10607
7277
3611
8433
55
9714
9031
8580
9587
10532
10665
6157
2689
4192
3151
5649
5481
10564
4097
7476
5359
6660
988
1113
838
5170
9672
5948
6131
10194
409
10501
10403
4127
8154
4395
1215
8063
2936
2241
407
816
7528
1199
10045
4963
5515
871
9656
3365
3936
1998
2447
1832
4368
2175
6518
2114
2782
2299
7237
606
5108
6486
2331
7400
3502
9574
8191
3623
1499
4699
6770
4717
741
6546
1207
6481
9763
4776
3501
1781
1029
1888
4606
10661
7616
5893
8361
8656
396
957
1845
10
3767
8991
5982
10605
1092
7865
8773
2145
10386
1684
3856
5322
1506
7614
10698
8318
569
6019
6492
6779
5016
3136
9274
9735
2412
5362
1492
381
10596
5168
4825
8715
3699
8698
7425
9674
5638
7033
3770
8497
5150
214
10499
6688
1259
548
8241
4313
7956
6579
1873
9780
4911
8136
7661
9593
160
10369
3067
9141
5959
1606
5645
9896
5092
1238
2496
7105
1183
5562
9164
426
7954
5993
481
7390
5426
7068
7816
1296
6958
5678
8868
9548
3121
8133
1771
6668
7654
5136
4484
4466
9205
5573
6782
3964
2896
4467
1463
335
9451
9401
2102
8458
3193
10087
3049
6037
7793
3396
10186
2028
9032
6191
6012
5807
3517
10678
8369
494
4345
6365
4605
8666
5704
9313
1885
5428
7568
7716
10348
9663
9458
1153
5668
9283
384
529
3682
2609
1863
8682
8779
3900
2432
6862
9995
7164
7250
2578
8446
172
417
61
6260
7179
9648
7433
2253
3209
4140
10631
8373
3585
5007
8036
1223
1876
1810
8180
20
10296
3198
4794
7095
8488
9873
6732
7768
7595
8025
3912
2420
2216
3667
1399
2068
3114
7401
7310
4315
3442
3653
6343
7449
149
4107
6448
8874
6483
5239
2173
2227
9461
2996
8141
9165
2136
5313
6838
10469
9604
10000
3201
2342
5734
2337
9978
7393
4958
4044
4731
3822
2551
1833
4319
10297
2198
9746
8914
3031
1371
9294
4059
9680
1805
8168
781
8742
6893
9607
8810
9376
9684
7995
8559
4206
1828
2866
4336
5641
7501
6509
4421
4940
471
8385
1145
6772
9194
681
4603
10049
764
7862
2562
1763
705
2053
2986
7772
4971
2445
3074
5773
10040
7108
9682
4108
4705
4915
7537
4891
5148
3545
10041
4895
6187
8811
9251
5840
7969
10610
6152
4269
7775
7167
7584
7619
9892
8657
8783
3358
6528
2599
4712
8045
9803
1710
5844
3516
7889
5197
8734
570
4381
8925
6757
5630
5722
6700
7126
4650
3261
5856
3156
2821
9437
3631
6959
8976
7505
6931
1344
996
2314
8866
7053
3200
7763
2985
2628
623
4035
3420
5768
2180
4916
9511
4657
1628
7895
2431
2090
5935
2503
5621
7004
792
239
6288
1603
4831
3272
6608
5939
4628
9727
6810
7472
5737
3449
6640
1105
7639
9402
3127
5473
10090
6964
2264
6776
3625
3006
5095
7331
4049
8952
1677
9596
4707
7957
10077
6138
2740
3477
5332
1400
1892
2129
9701
8308
9720
4501
6179
1464
6909
5730
2288
8082
3700
8547
169
10353
3796
1666
10655
6148
5088
5222
7177
8362
7538
8483
3889
1930
6820
3590
2577
10589
5921
7032
5652
8144
3314
6631
355
6813
4316
7760
7915
10644
8945
9041
6293
5758
7486
4145
6403
2922
4028
7907
3818
4119
2022
9495
10310
2303
2647
4326
9407
4176
565
7246
8833
6745
10050
4266
5398
1314
2434
3389
10160
642
10271
3270
10481
9278
2219
10544
4152
265
6032
1796
4103
8441
10025
8910
1497
1905
1496
4982
224
1854
3571
6400
6306
223
10587
360
8609
3867
9045
7200
10676
2327
9507
693
3834
3497
4890
553
4619
9888
7637
3208
299
6294
8260
518
3045
8659
2474
7415
9287
7882
5419
2297
830
1307
439
7122
9798
10576
6734
7711
10382
1568
5116
2080
8710
9109
9216
9054
3750
9750
6460
9485
7648
2083
2685
9410
537
3702
8890
10236
3795
1127
8406
2063
10100
7041
4673
6692
8079
6695
2235
5537
4499
3129
1882
5711
9776
5312
2507
49
10107
7174
4019
8857
3674
39
347
10477
6175
9704
10185
9256
8787
