4188
6227
1729
6832
3961
3176
8020
9718
5029
7040
4421
9260
2680
559
5134
3605
2735
4984
2010
7972
10708
3894
4179
7476
1933
4085
3182
4388
10460
9823
2626
8167
4626
7168
3010
4644
2044
2695
1662
4190
4649
6064
4118
5587
5182
6457
7022
5437
3763
10122
4254
6724
1354
2093
10608
861
8327
6365
4889
5276
2799
4948
4030
4684
8222
351
7427
10079
6699
7807
4715
4536
9009
1047
4714
8425
2314
7530
9476
7354
5608
6923
7345
2527
10613
6163
10230
9406
7529
337
3251
10556
4772
2822
9286
378
2873
388
1537
826
6226
6526
5255
5178
1893
4413
6796
2061
5793
10543
919
8703
6142
7208
6512
9131
8321
7290
2146
2888
8847
7869
2649
9732
4957
2923
2488
10562
5435
2243
1730
3093
2056
7056
1212
9654
2232
5322
2457
10178
7633
10691
7459
2246
5747
10424
406
3474
589
7754
1221
9594
6281
4360
8916
955
8309
1434
336
7275
6877
135
6541
3924
1963
10483
5244
10233
4194
6705
7356
4848
10388
3554
3370
6239
514
8374
2602
10120
7442
10139
5312
9691
8599
1988
4668
4555
9584
1122
6960
967
1624
444
10031
6791
912
4439
8317
9765
2124
7029
5045
1279
2374
5789
3871
7763
9943
6505
7619
9834
9292
4426
6646
438
2738
2247
10221
1292
5786
3589
993
4510
1446
4344
2015
10410
1399
5595
752
2193
9149
141
7841
9645
8413
8822
1044
4896
2892
4548
8858
10035
5967
9400
3458
5816
8365
6656
3197
10304
3562
360
5366
9678
3558
1382
4038
9531
2730
7350
9268
6578
9612
4205
678
6549
6422
10067
4057
5105
1603
3160
7912
1586
1524
8337
6649
157
10168
5278
7558
2013
7605
58
6515
2349
10266
7999
2470
4705
4716
10663
4209
802
3944
9251
4936
5251
1455
1992
6025
9089
233
1743
9462
4474
7789
9294
9346
2214
341
8238
1590
2277
6720
5148
1438
9623
3987
3257
5687
8279
5713
4430
9375
1234
5852
9944
9952
10023
6182
10276
7284
7783
1135
4971
8874
1489
2365
8513
8042
4927
7701
6021
7195
6880
646
7875
3391
379
4353
3882
6076
1151
4352
3974
4340
10282
3211
1682
3567
98
8169
7154
4002
9313
6994
2993
175
10656
7131
4519
8004
400
7593
6691
4485
2383
4402
8002
3514
10537
958
1158
4796
7707
8553
531
6414
9555
8066
7736
8357
5704
3737
6387
9140
7391
4480
1736
8366
2473
3568
9024
9972
1320
2189
8408
8117
621
9081
5973
3594
4001
5014
6355
8479
8652
5126
10074
4914
2631
7570
9178
7339
966
2240
4552
6476
6045
1171
5026
3631
7214
6892
5386
10155
3919
3201
7639
7857
6770
4605
9525
3826
4361
6408
3957
5076
8149
5218
4946
9134
7792
9495
7486
7088
5996
1119
8548
2163
2295
6111
2283
1278
4533
2212
8189
6413
9222
5475
6096
1951
519
5592
9450
9798
7229
6846
10359
6471
7233
8571
3493
2453
1899
6461
7488
9382
2983
9370
2741
4484
5360
7776
2352
8687
8352
6433
2847
5722
5514
10573
9330
6837
3644
8488
1679
6585
7359
7499
7148
84
5187
4873
3968
2853
2843
477
2874
4912
6733
2614
9122
9637
11
4894
181
3457
10666
5862
2790
8770
9303
2151
5401
7421
853
4858
248
732
1107
6794
1641
4447
8039
2671
43
9580
2204
4163
10298
2773
7353
10252
8154
8701
5957
8106
3243
3161
6293
8286
3615
4088
8556
7012
1696
810
715
3069
8931
941
3420
10695
6219
1960
2291
9126
10111
6926
3080
6695
564
9528
3699
6161
5947
7287
6932
4231
93
1936
9092
1138
9970
2040
7582
901
9158
9923
5746
1671
7418
6067
6370
7943
376
6374
6183
557
3948
3940
3646
5612
3942
5681
5498
363
7679
5127
9828
1468
1953
8442
7538
1785
10182
8716
8060
2813
3119
457
3918
6790
6640
10526
2030
189
3669
7822
8147
8168
10633
2681
9498
10044
10646
1912
5357
7998
3339
7788
7583
6780
313
5265
9412
4037
3313
4741
8705
2544
10353
4673
6893
2184
3244
10065
2111
3729
487
2869
3384
6974
10208
1037
1941
1952
5534
5888
3636
10520
3233
7842
6207
10475
10069
1838
7648
10153
3962
6983
5082
6082
4528
7681
7826
10154
5705
1685
7990
4482
10175
3520
7055
5980
5652
3266
6302
2052
4782
4139
9988
10702
10407
7005
7512
7337
9655
2085
6560
10092
563
7370
6988
1837
1136
3746
707
2317
8514
6287
1677
9739
1597
3072
1087
6151
2033
881
1145
8153
2072
3086
4206
2306
4847
6312
166
4736
7641
4292
9451
7517
8735
5050
5406
1323
3280
9511
2120
9414
5377
1466
10490
4629
10014
8460
7654
9486
2187
6966
4561
9121
3549
10244
5137
10714
7711
6763
2068
9703
5993
1274
10206
5163
7383
5071
5040
7854
2364
9642
2559
5254
174
4780
4245
2523
3527
4631
9640
9937
906
9787
6189
6362
3996
908
6759
5219
8572
3357
4496
3091
9614
1575
7111
5399
674
4530
697
10093
2268
1864
809
1219
6296
2022
5167
8234
3373
1216
300
4738
8971
5225
3519
6573
3909
377
7003
684
598
5754
2994
1756
6097
2379
1855
7230
7207
4985
8227
6280
9805
9892
6294
7462
9039
443
2100
4397
8434
3736
7307
1688
6086
7099
4792
4897
2376
8521
289
6386
1567
10329
5069
7888
3036
271
1313
9165
1781
4553
3913
1069
6609
211
2001
1121
2577
8838
10200
4451
8891
5783
6121
9327
2696
1991
5666
7634
3759
8316
1050
2654
8058
1763
8081
3789
8589
5815
971
4721
6786
628
5208
8723
2472
3117
858
4491
9851
8116
2563
526
7180
7443
5315
8865
4949
6630
10576
4154
5247
4731
8547
915
1872
1955
6031
6676
7126
757
7125
7632
3156
9665
466
5454
1923
1003
4891
800
7258
3246
1283
1288
1900
9663
1011
3585
6930
3780
2663
3320
5235
3853
6975
9480
132
1605
622
5462
7985
9192
10570
6672
6268
8098
6556
10516
4466
2660
2962
2434
798
10196
7255
1046
2027
4929
3153
2550
909
4081
9966
10686
4174
9587
9720
2221
636
6044
1588
5101
2271
1130
2537
2736
4314
2891
8217
8283
4283
8090
7540
5603
1956
5718
6109
8083
9234
2703
1424
9911
7340
5089
1268
6039
7506
5826
5711
5623
6202
7424
7381
3235
7239
8467
6258
4393
6271
369
7747
8937
5008
6398
8120
1329
4688
1725
410
10468
2744
9433
6481
3510
9793
3326
5857
8240
2985
5280
8939
5646
8840
9818
6738
2506
4456
10542
7973
1802
9887
8009
2512
310
4819
5441
10085
55
4276
4862
2287
10204
2157
939
5463
62
7913
4338
10557
9986
9705
7865
783
7212
9103
8368
7834
10554
228
522
8026
6597
8207
5261
3191
3071
7989
5156
6188
5038
5872
4171
10524
7076
1699
6991
8371
10471
9899
5546
1177
6540
2048
5429
6289
10620
4998
6580
2119
9488
5310
8740
1548
1421
3053
2245
6217
561
2342
6624
10238
3829
6954
9675
4435
6969
7276
9652
2198
10040
304
6048
6828
10668
8144
6292
1569
59
1693
3445
9123
6908
10631
4091
3399
9864
3347
10469
470
3150
5945
6261
6633
933
4659
8461
9111
2716
6745
7684
6073
9438
2570
6961
8476
9066
3810
3986
3185
5956
9506
7920
8220
620
9191
8678
797
2209
10215
8869
3560
8188
9883
10261
9074
7818
9372
7965
6572
10498
10165
451
10484
6421
9840
7551
5302
4240
5997
6587
914
385
3171
2975
10046
113
749
1294
3611
4141
3106
7527
8836
3502
4794
6887
8274
5410
2025
3574
2600
2190
10267
1681
1106
980
1926
4541
6555
2497
5995
5042
8276
1284
2754
691
5184
7460
7899
8324
2480
6451
6298
3750
2839
5320
6722
9904
8132
716
6504
5122
3272
8893
9265
1287
9005
747
2575
6839
2517
1172
1230
9363
2977
8854
5599
2816
8710
4104
2384
10549
6143
10009
1281
9689
8022
3690
1918
9755
7629
6241
5430
1215
3084
6986
4044
5054
7500
2133
10038
1270
4180
6647
9055
1831
6061
9879
2941
8176
1789
6438
48
9221
403
342
7270
10482
8679
10157
7197
3548
4933
9844
5672
8948
10048
6291
10324
3367
1207
6174
8468
3329
1964
1125
4820
4679
2507
9761
134
6458
4166
7387
7863
3908
3451
5961
6485
1958
4543
4018
1630
1876
5309
5693
681
1925
5878
10566
769
1422
5304
3526
2452
10355
6875
10478
9632
7000
8511
10119
9099
5065
1740
3265
2805
6814
3020
5660
4012
6615
3714
7397
4557
5018
8906
1363
7164
8760
2803
10011
8105
9337
9895
5372
6199
2330
5735
1919
9790
8404
3686
9148
9485
3309
5501
106
6595
9835
9782
6779
10650
9398
9890
3653
1747
111
1195
254
6153
9836
8693
1585
4570
145
5382
7393
8801
4822
801
9741
10436
2436
10198
261
6536
4648
5478
3327
896
1128
1774
186
9719
5830
1576
10357
8991
594
2109
1153
7414
2046
8156
402
2041
3144
317
192
1225
3350
9367
1358
10671
854
8715
3304
7950
6713
5942
5164
6213
7301
8244
2676
8307
6023
3677
7858
4952
9516
8957
9979
1426
5841
7554
8478
8557
926
4681
3854
4035
3334
10219
7751
8472
7573
6173
4183
10413
1035
2613
1265
9458
1707
3183
1449
1819
7705
2704
9900
52
8555
1606
3443
6399
5364
9924
8531
4396
9310
4653
10081
4401
2827
5115
9804
3629
6869
3700
4766
7298
7971
133
9967
6625
3307
2471
7717
1885
8829
8516
33
1295
10142
9284
1282
10472
5207
9936
7150
6550
10528
5743
8311
2515
3115
6890
10479
6914
163
3155
3126
916
9801
7836
122
7765
4228
5414
10447
151
10150
4443
3862
9164
7312
4187
505
2213
318
9551
3290
2595
6517
640
2604
10380
1591
3752
10420
10611
3556
1751
4003
6669
4310
8195
7953
6313
4494
9560
8768
1565
5526
10071
230
4898
786
2308
4461
2814
5964
4392
1137
8505
8566
101
3931
4255
5694
9903
10174
1045
5934
3122
10099
8420
8275
10676
6269
8182
1361
6661
1544
5610
6074
5963
8008
252
7430
9324
2060
5814
6795
7786
969
2997
7691
4248
4615
2759
5086
10440
8054
6934
10387
4448
3707
539
3718
8439
6101
9875
10229
1499
8209
2697
1979
1807
7314
5607
2556
8614
2529
4597
10066
3393
2050
8875
4129
468
9622
10692
2494
9767
5706
8507
54
6804
10239
4579
10628
6165
10330
105
8923
8035
1961
1623
7051
8601
4235
2458
268
9441
3342
1555
8930
7522
1470
1340
6234
8096
9312
7986
4287
6981
5689
1596
6929
4932
3784
1486
3911
9067
6651
2574
8396
10580
1188
10616
5002
1252
8387
6834
405
478
2183
5965
8424
1030
904
6137
6793
4151
7915
9094
9861
2588
4440
2937
6215
1978
963
3179
2536
416
5562
165
7105
6921
8900
7095
447
7546
5017
6357
2764
9817
5166
2898
10149
9229
5110
6305
4385
8305
2065
3405
4504
3047
1173
1444
5889
5450
7828
6420
9833
8993
7010
4999
3133
2265
4973
6992
944
7791
2618
2324
1589
3442
8713
6943
4157
1401
6401
4814
2914
1411
6066
7800
5155
4000
3434
6866
4284
788
9733
10568
1209
291
8558
8044
1832
7333
633
2076
776
6936
9989
4544
1508
279
6033
1733
9757
921
9854
5855
9795
8527
9641
10638
8761
4131
354
10713
734
1705
3118
6544
3440
568
10698
5987
7574
9355
7203
8962
3453
6677
3602
10718
4473
741
2712
10061
6334
6266
9673
4335
1611
8859
6435
8148
9102
8648
10441
8448
6417
6256
10109
6728
1754
6816
4881
6976
6855
8075
8520
1335
2940
6383
7158
10278
2899
1602
7218
7490
4275
9424
8161
9266
3199
3372
6057
6307
7664
4692
5684
137
5075
6942
7892
4243
2920
4343
9315
4508
3742
3735
3678
7089
4821
3768
6681
4047
6636
2743
2710
1815
9893
5634
324
1051
2576
5729
2623
8977
8722
4882
10260
8743
4722
2866
7369
8345
3977
6424
9305
2519
5877
1088
3187
5321
4419
1583
5408
45
7137
5099
2510
6751
76
2970
9595
5664
2491
5198
7321
9218
2982
2132
5100
10590
9071
10033
2091
4532
6698
5943
7450
7697
2573
4198
10563
10063
10102
9299
10584
180
2066
8820
6964
2535
5749
6310
1615
7658
8749
3061
6224
6996
995
5151
3903
2881
6701
5413
5030
7217
9676
4036
1310
10360
8578
3376
4710
4062
391
3603
411
4964
1604
3378
7617
3273
4777
7241
139
9267
5897
9746
7101
8193
2819
9185
1038
4026
4294
4161
5189
996
9046
3993
1004
6240
10593
3044
3383
232
7400
7563
10457
3110
8443
1512
9603
1403
4273
9378
9467
5740
3255
1462
8846
9317
8113
983
7271
10682
2084
1272
7070
5959
773
4464
170
7861
5914
8771
545
1198
2227
8560
6036
3577
7688
6998
3857
10151
66
5188
1081
6404
4500
671
4563
6416
2256
330
7041
5806
5061
9357
9496
578
2099
4160
1065
9425
5810
9556
3811
1749
6465
5232
3869
10550
503
6605
1073
9196
5846
8950
4787
5850
5840
4969
10597
1825
7552
4366
4225
3936
1439
7147
711
1336
3486
10390
4844
8551
8590
644
2599
1932
8370
10551
981
6001
6755
10589
3621
7190
2248
3505
3431
1672
5129
4467
2539
571
5763
3099
8293
8297
5356
9453
10274
10634
6042
9204
9530
10179
7581
7142
4506
6125
9435
1380
8315
1836
2304
1416
4432
10020
9188
9136
9356
2006
8664
482
7116
7867
273
7871
7452
9280
10409
1970
6027
1990
4252
5600
5907
8533
10192
2884
9830
10308
5062
3335
8027
1360
6493
7251
10228
4486
6347
6464
3932
2724
3212
10075
3388
9116
923
1296
5191
5497
9706
7465
10364
9677
3999
2045
8119
1695
6114
3756
2555
3064
1907
281
4055
8586
4577
1852
5204
692
9050
3421
2428
3859
862
4752
5158
1647
4116
4193
2514
82
4006
4845
1071
9534
5078
5658
2591
227
4346
8196
1161
7649
5083
2580
9947
196
2074
6827
2429
10455
3504
2414
5507
5540
6230
1627
9709
1041
9214
6938
3102
10712
8755
2777
4321
873
7914
118
2532
4864
6156
4109
8868
5865
1640
2630
2409
6282
9160
6403
3694
3521
8235
1744
5221
709
5829
9708
5548
9132
3300
2584
1827
6897
3643
8255
2956
2172
5503
9282
3488
4373
1552
4007
2191
9730
1362
3888
3728
6574
631
5301
2478
10084
5395
6693
6509
10263
2720
2152
8377
3247
3058
9968
1185
5616
7643
2499
1007
9006
5572
293
4842
3748
5908
4793
6985
1553
2402
6010
305
4230
6052
9775
10059
7994
743
9328
4582
643
10073
4210
9444
722
8130
4034
4264
6845
2856
7680
5209
160
2620
8757
4342
73
4280
10463
5005
4939
6912
2106
9932
7411
4707
2508
4723
10401
903
7954
1525
10648
8910
4591
1057
1451
1723
8376
4690
4902
3277
2007
10450
8640
7550
5052
1364
3353
5383
397
6209
3213
4470
6139
5650
7127
238
6138
7660
8006
9198
7327
5873
4943
3588
3916
5714
8133
2558
10534
10006
4323
5818
4921
10481
5142
10494
9231
9827
6452
6935
6072
7326
4099
2986
7416
607
9120
6601
9289
2126
2019
424
7882
9885
1305
3039
472
3734
1542
6245
7169
344
8454
4518
8725
7598
4549
5428
10041
6620
8109
5295
7152
9639
4522
3861
7556
4840
1675
555
1620
820
6683
8115
6670
5338
2388
7200
3172
3813
8471
4515
3245
9135
6428
2990
9625
2893
8737
5695
4143
5053
8802
2632
1484
7659
6093
2597
7279
4771
1796
3286
392
2701
10135
502
4608
3830
1556
286
5938
7220
5649
2932
1666
8872
7138
2090
7967
4339
8924
7497
10015
9994
2276
2385
9876
7342
7445
7065
1379
4207
1001
7721
6675
2095
9529
6559
2818
2900
2912
4158
7976
1609
3917
2047
7178
4403
4665
4263
3352
72
9750
5468
4682
8000
2976
7181
4399
4728
4048
1097
1884
1080
7211
5637
5480
7507
3490
2422
6799
8097
2088
6050
808
3291
7249
803
3613
9333
9262
2180
6311
4441
2530
8879
8183
51
500
9602
823
2005
4879
1582
6888
10434
5773
6267
3814
1500
6513
4598
10144
5551
3655
4655
7982
3598
7092
6507
1464
4827
929
1353
110
2758
3147
10060
9592
3666
10131
8320
5170
10480
8386
778
4558
9604
6412
2440
9583
7170
3296
9621
4165
965
1182
9633
1676
2008
9543
2252
6279
2742
129
8278
1701
7772
10217
4757
1432
3985
85
3089
6229
843
3654
5472
4967
5510
9113
4885
3950
570
1691
1636
4860
7502
10138
7808
177
6629
2961
4704
2524
2255
5064
7104
36
3261
9070
9788
4980
9514
6117
9098
922
6175
3081
7592
7362
1476
9076
1275
8219
1665
9236
1199
2192
9696
7102
2380
3143
7840
8419
5668
1746
7785
8379
9773
9419
7422
6113
2426
3786
6948
2757
3542
1437
1375
7534
4941
6244
1460
3933
316
7618
3075
3557
7621
8631
5266
9154
5226
4351
1570
745
2965
5665
9540
9013
8594
2804
4431
6390
3769
2685
7238
2270
9263
4312
419
8732
7498
8772
2169
8378
2915
9597
562
9631
1162
30
6329
2490
1861
6090
188
10689
7907
1867
4843
8657
1248
9144
8807
10319
3523
8961
8441
9379
4797
8569
3874
231
927
4362
108
9713
5784
8480
3599
9255
6091
5543
8177
4512
2518
2234
8776
8260
9314
8496
9629
5512
2368
9184
9725
1625
4748
10544
5805
9984
10209
4333
8229
8389
1389
3717
10101
5407
7876
2689
5770
7266
5709
3427
5174
4382
3256
6857
548
6320
880
6906
8298
10116
7288
7224
3902
4097
3821
10184
3130
1487
8609
5212
5922
3204
1629
1344
8744
1338
5350
4208
5801
9884
6295
8778
3765
3529
8093
9061
2463
4521
6873
1357
2104
5072
5067
128
1441
283
7174
3284
9051
4278
9872
9397
10201
6157
6187
10426
6275
4418
2135
5958
9912
2130
3960
5998
356
8308
4286
4834
4093
4823
7960
7752
7704
4815
3302
8650
2858
5917
10661
5948
5930
5951
9902
943
10220
3531
2594
6889
4452
8933
10497
2264
9647
6363
6184
1175
1913
10133
2455
2709
8918
1614
4318
1211
3843
2419
2852
1502
6864
8745
1700
5859
2973
5839
8698
7525
7846
3131
3651
7108
1974
2009
3104
4762
6735
527
706
4768
4974
7771
8524
1839
1008
1187
1429
3052
4078
2954
4606
4859
4167
3449
3345
4923
2103
2445
6437
8165
2715
6789
549
9383
2560
7770
5579
5640
2609
8223
8639
3681
10688
8694
9150
1981
5926
4098
4759
4299
5778
10283
6868
5881
761
1734
2117
5731
358
5043
3174
8529
4102
4590
10423
4258
9220
432
1927
2215
2026
6891
262
5798
6231
5481
244
9434
10129
866
8264
5036
1993
4127
931
1835
8935
3221
2029
7823
9800
7715
1085
7693
2378
3466
7409
8843
847
5260
7963
2487
1954
8718
9537
2733
3060
10575
524
6325
6530
8473
7420
3550
6852
2444
3005
9846
10310
2220
9175
9079
9965
4621
1503
5391
1612
10247
2792
8867
4944
6104
9118
1386
8635
8884
9216
299
1881
9888
1650
7893
6717
4507
6762
10565
2911
695
5173
3858
417
5132
8440
10531
5214
4293
1566
285
4126
5363
9078
9177
7536
8449
1656
4417
7640
4304
8835
87
3739
3969
8355
4662
7866
7191
8040
9636
6614
10641
9334
4471
9245
9638
4071
7026
5107
9429
10623
7539
7159
3515
634
1347
10361
6508
1367
1967
7511
1410
22
8043
5035
5376
4928
8433
9857
779
7571
2467
7941
1277
4700
8517
5896
4237
9949
1610
10345
2761
7175
2781
3625
608
3833
8997
2960
3371
3928
6306
1241
115
9907
9659
9945
6801
5742
5181
2416
9100
8876
6490
8658
9381
7560
4808
762
7292
1070
8092
3303
8670
10372
9117
8030
1532
3268
4329
4043
7073
7779
3013
5000
9
4646
9862
8140
9742
4175
10314
2592
3741
7678
4831
5197
10086
4875
9688
6603
615
6776
9298
5025
1541
1851
2844
1036
3311
8825
6904
2140
3573
1027
8811
6081
6436
2601
8824
2359
1303
10211
7464
6783
2089
10431
5353
9142
2062
603
5343
1174
3033
6562
8518
9664
3582
7868
1914
10193
1791
3478
6639
3584
3433
5845
991
1621
9934
7993
6726
3068
1205
7588
2230
1474
9238
3764
10382
9180
4652
7667
1889
4547
10699
10612
9849
2129
5282
2829
3688
10596
512
8265
2123
2967
9226
1938
1592
7493
6191
9072
7253
5940
4584
1983
7428
4051
7902
1142
4367
3745
8112
7961
6881
2413
2889
4063
3501
5849
1859
1708
3274
5885
3675
6216
3237
8504
7503
8211
1423
10272
9615
7247
796
7622
4376
7367
9104
331
5396
3225
1016
7616
7043
1513
5707
6315
6844
651
992
2554
8481
9644
6884
2110
9515
109
9536
10112
2469
5249
9423
9624
8915
9471
1845
9095
5269
4115
3963
5211
1139
669
3209
8726
6979
7767
8358
70
5439
5992
7759
3253
7438
4497
2485
7802
8544
7611
5509
10341
5007
5400
4253
6567
5068
8351
2272
9991
6019
6909
9710
5179
10716
9119
7692
6388
9780
10654
8063
3914
5748
1887
3387
5335
485
2840
7291
1798
5340
7753
2702
3074
8960
6346
6434
1670
8628
10262
7437
7234
3923
10056
2666
672
10
4077
6503
8995
3406
10477
5558
2476
5990
1472
25
5682
4693
4015
7845
6393
5140
124
7665
7361
4411
6068
5766
7896
6235
3860
10269
3140
7113
9297
9527
6809
8336
6967
2226
10191
9477
7784
8333
10366
309
5699
920
239
9749
6411
5041
7173
9004
1717
8061
7098
9031
1414
9261
498
3090
6533
5984
4297
6116
2032
4144
3054
3459
9648
595
3271
9069
386
256
9740
7384
2108
3721
2435
582
372
10381
5911
4424
1018
2162
1015
7727
2092
8036
2004
2611
6177
2408
5916
7364
6371
5183
1653
3733
8138
856
874
4587
7935
2619
7614
3838
10242
449
1063
2394
1064
3152
102
7917
8367
5171
9867
7916
2636
5900
10429
6112
2250
4406
6491
9565
4511
3883
6859
6338
2925
6680
8677
10007
312
4764
7744
9392
2055
844
7132
5880
10492
1458
5169
7708
4215
2722
10305
9704
1178
9533
1816
1155
7294
5325
4560
1645
3292
9841
1526
4364
3792
10290
10146
241
2438
1250
2598
3202
7568
5586
10249
6445
8110
9393
9549
39
1607
600
3836
1757
2063
2161
4087
994
346
3509
2275
5106
988
2988
5936
7019
4874
213
8852
3097
4137
6671
421
897
2285
6409
10451
6990
9845
7110
8823
658
3146
10029
10489
9427
2972
1124
9770
4918
5044
10331
4414
1005
332
2586
8592
2582
7879
2674
3757
10207
5635
21
10000
5630
2363
8291
9806
8767
7187
7597
6352
4309
2477
3753
6389
4465
1378
6098
5853
5764
2142
3709
6752
2238
6423
8375
6895
8642
7031
1762
6075
1463
7904
8180
8013
4826
5847
1813
3240
4409
5941
6126
4850
4966
10618
9910
721
8053
4630
1415
3920
6348
6826
9211
7797
365
4066
5252
6924
10346
2664
5298
10124
5620
1169
6204
5547
8659
3462
253
6463
5902
7698
251
2294
7446
8306
5882
9482
3328
4694
3781
8349
2785
6667
6483
2233
3794
8403
7107
4487
1242
10679
7608
573
2706
6317
9274
8191
523
6201
886
1086
364
3341
6005
7256
974
3930
4968
1530
5886
5117
7966
5904
2684
3596
8170
1694
1937
6062
9660
4347
10338
4298
3293
9717
8983
9409
713
5929
3322
4740
10077
10326
7603
9735
7830
4691
1939
10281
1549
2081
3578
5263
8897
8128
2658
10328
520
8450
2118
4313
7225
7580
6469
2987
6951
7323
6358
3689
375
4501
1214
8654
8392
5470
4846
3116
3662
3703
6099
945
8059
3190
670
7798
3027
7036
6802
2534
7468
6570
147
2672
2692
2038
2347
3791
10432
328
6232
3642
530
10486
10013
1453
8878
8684
7008
15
1391
4348
5921
9825
9513
4975
740
7579
3310
1934
2370
32
1433
8870
2989
1300
14
9997
8839
3738
1788
6848
3706
690
3632
10285
5203
8724
4978
5300
9670
1853
3770
8803
10172
8175
1017
10416
8010
431
3063
5123
5390
8257
5838
4041
6060
819
3227
3249
1083
5808
3885
5836
3173
1255
852
3456
1574
9044
9814
3508
8766
6727
5560
6886
1339
9544
6492
3214
6987
2425
2571
822
4138
8774
6659
2760
3389
6548
5281
3995
2219
8290
9535
9219
5146
8966
6095
8605
4107
1753
3939
5314
5485
4576
4674
10349
9052
2415
4990
9097
288
4203
4350
7183
650
6495
3580
4330
5492
9599
9057
6022
725
2173
2637
1326
3381
2067
6171
10002
8151
393
9194
3622
727
9722
2650
3169
2322
4332
3259
429
6453
10367
6708
8619
10170
4854
8372
2808
8577
5537
4761
3994
7080
10395
4246
2727
9711
7023
817
1911
7758
8646
9319
3674
7718
6131
760
4490
6899
1886
9865
5642
1264
4877
10640
10199
7309
4995
610
3592
3663
297
6102
1631
10506
8206
6070
3564
7997
10325
6468
2035
2860
9871
9520
6529
6228
2861
1888
2420
5016
1157
6709
7526
398
9209
8799
5583
8936
8166
8323
10354
5258
2282
3855
8271
2128
3205
5216
5899
8689
1396
2222
4345
1321
7610
4017
8422
728
1101
8251
9579
4025
2087
9250
2454
8611
9559
9106
10508
5227
8943
10512
7242
5128
6222
4965
1996
4152
10706
4114
1123
538
1304
4625
6978
6162
7528
2122
9724
8697
5483
2178
9901
6744
3849
5569
9880
8541
679
7852
8046
6447
7946
3437
4499
7122
10696
5954
4776
4019
31
6210
2752
2836
4394
1289
10021
2895
325
4677
10427
4320
2831
7685
433
6278
7683
3108
5791
4935
10605
7642
1436
2492
2396
3135
7434
9748
2661
1759
5898
9685
10377
655
5381
9195
8800
5271
6600
2205
8785
4669
6071
4829
10235
7349
1196
10461
3983
4657
8225
9483
5121
5768
7237
7694
1520
138
5928
5710
8970
3267
2281
9343
751
3692
2642
5825
4580
7732
6718
7613
4135
7699
10348
9043
1203
2812
840
8246
5924
4546
182
7401
4064
3359
8570
831
3541
10452
5387
9974
4805
5415
4325
3008
5055
6823
2292
729
9443
2367
9063
3331
10539
5147
6133
8172
7777
3978
1132
6962
5932
10411
10256
694
9384
8625
3547
1817
3800
2166
8904
2344
5332
4833
569
1870
3258
4976
8380
4807
8212
3749
7355
5446
3949
3964
888
7725
4773
7117
8929
9405
4454
6164
9445
8328
9566
2489
10430
4801
3640
4250
1298
5477
7959
2297
1467
2690
865
1068
1147
3177
8228
3096
9608
7399
5792
2223
5626
2484
7709
4065
3693
8668
3438
1092
3159
7780
4730
10693
1108
9510
263
121
1504
7745
409
1755
1878
6407
5094
7382
7794
7189
10619
3744
6264
4370
9521
10603
7977
9481
9962
4502
703
8388
6872
1715
9308
9455
1118
3543
3454
7302
6959
2446
1869
9288
7604
9365
1849
10210
5667
2235
6250
7235
8111
1167
4262
2447
9868
1104
3850
4136
9112
7548
1082
9832
2462
4636
3503
8089
4074
5986
3216
9554
7186
572
2782
3234
6867
3305
5305
1667
5975
8019
8857
1824
3647
9210
9047
1365
5989
6591
4640
6129
9698
3893
2301
10493
2838
6028
10339
5521
5431
4651
9201
10659
144
2315
1587
8361
8015
1193
8963
8475
6950
9896
2979
10358
6538
245
5785
7313
7324
2845
5935
5250
627
2418
7084
3513
4040
6037
6725
9744
3840
2311
7423
7149
4301
5686
4016
4718
5046
7761
4717
183
7479
6100
3210
5835
7096
7652
8866
9578
2705
3134
6547
161
3534
8949
1359
7843
8690
1286
148
6956
770
8649
4642
8108
1325
302
3795
9743
1511
2775
8031
3344
6332
3018
890
1231
10658
3955
7311
1309
6674
9921
7114
2745
5651
2974
1692
533
5811
1099
8779
9920
10632
7484
6519
953
4529
8669
9908
937
6955
7448
4745
544
8889
10720
4398
7504
5402
9695
7024
9322
2930
4620
5732
7837
4449
275
1482
7285
7332
6160
7085
6525
5021
7584
1986
3250
2439
1515
10400
2945
2928
1019
1010
4505
10087
2610
2115
6145
5120
4809
7261
5565
120
10642
7962
1507
2329
3867
827
5058
566
10132
7672
4708
1233
4574
9927
6460
4374
5539
6205
8344
10408
4851
2158
3282
9813
7412
3038
8691
8444
2699
1146
9190
68
5733
6369
8497
9281
3772
8502
10327
9426
7281
6193
334
529
3719
9508
347
6094
1333
7996
178
2644
4901
8727
8575
8880
3200
5229
5919
10476
6243
2707
1903
1712
5141
5589
4887
4095
8781
255
10626
10080
719
4818
179
4049
970
6569
9816
3423
8810
9619
6854
7325
5066
7968
9368
9362
5636
7410
2335
3276
9386
10222
495
9460
7394
5858
7682
306
2498
2481
5334
4799
7071
5425
1902
159
3804
9124
4535
8700
1218
4181
7924
7078
2339
9440
6622
3062
1598
5614
3823
8485
1697
7878
89
1180
2403
3404
4783
2360
7380
7544
3019
9679
9350
9547
673
265
6440
7469
6233
6617
9054
4513
9671
9254
5417
2356
6606
4033
5245
3468
8243
8464
7396
1190
4285
1094
2449
7900
6017
9751
5490
1663
5674
6702
5380
851
3610
6360
149
869
8942
8673
5420
4890
2302
7625
7295
3285
10571
7567
1059
638
4566
8638
1469
9003
6958
623
5293
7347
3604
7062
8329
10024
2432
9145
10181
5009
10064
2640
8568
1969
950
9109
2767
887
3239
8459
5192
10188
2461
6394
3511
4288
5679
9568
9016
8003
8125
1648
6083
7775
3413
868
6896
2340
9059
4810
10437
7037
10159
1232
3841
9672
2568
8798
1170
6700
8198
3953
1477
4173
8490
197
9026
1573
7553
5869
9205
7602
1584
2016
3879
8254
5867
9591
4029
6742
5819
6736
8634
10583
4303
2770
3866
7377
1962
1854
9913
6270
6166
4981
9487
2780
10536
2516
586
6510
940
7991
7541
3085
1595
4706
6928
5581
5416
2249
10152
18
8294
7466
9189
1237
9065
6785
784
434
949
1390
4046
7874
9877
1395
9101
9143
9463
8665
2170
6750
4219
5347
10564
5730
6288
2375
6118
9335
710
9021
6361
6716
5048
1984
9152
2723
9915
1879
2863
6907
8500
5359
4770
9170
5307
1075
7801
6168
5224
7510
9166
3317
8418
1608
6079
9347
1628
9244
9436
7657
5696
4645
8621
6621
6971
666
6553
3687
8094
8509
8331
1890
8624
6014
2217
8247
4224
2496
4661
9478
3113
489
1778
2828
8595
1141
9146
6534
7898
5671
1818
718
201
19
8348
1262
7719
8231
6478
8714
960
3648
4305
236
10711
1186
2783
7928
4080
6242
10286
8752
6273
3283
1959
3984
8999
7853
1239
8519
9548
6444
8896
2947
6337
8775
7750
3401
1418
7992
730
2694
7385
7331
10284
4878
6372
2269
535
6947
4032
9702
8596
3495
518
7357
2407
3616
9905
2905
4803
3639
553
3408
6623
5230
1782
9388
4907
3229
3252
1154
2698
8501
6664
5422
3697
604
917
7978
10607
1319
10145
2675
8756
8018
10630
4920
4359
9279
5287
9946
1770
4751
3887
1568
3079
5669
1385
10438
7760
8545
5741
3601
5827
10625
698
541
9341
5953
5739
6319
3354
83
5662
9769
2083
910
6259
8964
7232
642
8834
10705
9484
8643
9264
6654
2717
2728
7607
7257
5502
3559
8204
6933
7722
1053
6115
103
8612
8070
5355
8765
2525
7726
832
1266
6757
5337
6303
511
2565
1148
2585
3029
1402
5721
6179
34
4229
7513
5813
528
790
5955
4789
3088
581
6772
2719
9925
10037
2411
7509
2259
5527
8851
8310
10399
5604
3348
348
9692
5779
964
8907
543
6696
3151
3806
6641
7134
6488
6642
5331
6913
3361
2593
9611
298
7600
2902
9662
4607
9894
6539
5910
9163
10548
2546
10232
167
5152
3337
3623
6395
7816
8452
3346
4106
383
3783
1285
448
5033
4992
1821
7227
4450
2553
10253
10522
5087
4184
3904
8895
136
4977
4070
7485
9472
9096
5210
3492
3424
7838
3288
4423
3880
7676
8055
4588
3051
6686
4830
10670
6528
1616
4779
6792
1972
6055
9815
9607
8052
2034
8017
10496
5327
2897
4444
1739
10147
8373
10246
871
9774
2971
4005
9338
9366
6919
6568
590
4568
10288
5138
5571
1400
8576
5629
6349
333
3007
7265
3496
1126
6706
6077
5894
7472
1454
6046
1465
3269
6459
8821
10653
6767
401
4324
8214
247
8487
7790
574
335
4319
682
5202
6470
3579
5113
13
9658
497
10118
9183
872
4168
4612
9045
6297
10391
1079
6314
677
8432
6221
5983
7007
8682
4075
10091
6141
8645
389
10517
4695
7069
9086
2531
1857
9387
9270
4481
9609
5751
1764
5978
5125
3238
2459
7764
7980
9064
7303
8295
9700
2236
3066
3435
7849
6707
8662
3891
6309
5329
7336
4371
1945
9869
828
223
962
9272
576
1652
2433
5095
6800
1271
10223
8660
4201
6472
3482
2504
345
10456
5091
1997
4429
1883
733
5717
6335
8608
8289
7520
2059
9626
10265
6524
7009
7716
2772
3167
8602
8940
3851
8126
9917
430
9390
1794
1942
772
1528
8470
8819
1034
1116
5999
4192
2750
1767
4212
4702
27
9342
10123
9959
9010
8216
975
5405
5028
4675
456
2176
7860
5056
3208
4996
125
6265
4828
7406
7870
3015
1461
7330
7352
799
5624
6635
1299
9389
7215
5385
8192
1773
7743
7027
6341
6351
8637
6087
9987
10412
2186
5690
8359
8224
9258
8864
8579
9650
4477
5597
8530
6432
882
7890
4954
6682
2254
7482
10301
7226
9507
1028
668
2228
191
4384
7532
7521
4601
6784
6063
10088
3105
91
6743
9992
9017
5375
5520
8965
6107
6223
4058
6053
6326
4089
7182
3846
4153
153
3330
1317
7587
2149
4856
6753
8932
9855
3289
2627
6415
8817
6200
699
1534
2260
3870
7296
2959
5703
675
7196
6684
9870
649
3295
1501
6546
3465
2944
5680
10459
8263
5530
1308
5884
8135
6016
1246
8427
6980
5469
3878
4045
1488
4277
1875
2886
3409
3834
2369
8984
8748
6373
3540
5822
4559
2713
1223
7344
6381
10050
9499
8508
6949
3929
5354
10082
5285
6136
2779
7052
319
168
3672
10582
4852
5892
4375
439
7952
5133
7623
4176
1240
1858
5109
10425
3232
3215
4637
5960
9080
86
3889
9820
99
6284
2078
6277
8905
7121
6134
4061
2606
6214
4056
1617
8793
9727
1768
3412
4236
7244
8591
2800
5496
7932
2670
1012
839
10126
6566
5368
2273
8717
5397
5246
10502
3224
812
6004
6331
3003
8114
3967
2679
9007
8330
513
3825
2992
169
2748
6479
7259
3630
2740
3461
278
5765
5306
5319
8489
7248
968
9345
5177
1531
6012
7533
8261
9249
6368
7737
8532
4073
3831
5330
6810
6382
9206
3724
6402
8630
6589
8369
7129
1683
6396
1478
2443
2933
5925
4664
8699
7799
814
1312
4460
10609
5313
4217
5268
2562
7782
2875
6324
9504
957
10510
2381
878
1716
2826
731
9576
2175
7267
8719
9829
3396
2871
6379
676
272
10655
10108
6506
7897
5339
2421
6765
3900
2771
3575
8574
1510
6152
656
9127
8792
5500
4013
3809
2870
850
1563
6286
1249
4922
5724
5277
10302
7119
8146
8354
4687
4244
467
911
4259
4216
5060
10351
9041
463
7555
3609
4199
8143
3822
3083
4739
4749
4647
4857
4720
10255
10532
7825
10598
3017
2842
10444
65
3778
6328
6047
2261
6940
9810
6339
2841
8415
4680
7564
3682
6860
1646
7774
2542
5576
2806
8118
6771
2657
3380
8955
1551
9138
8708
7
3479
9546
7155
7887
7934
4445
10336
4774
6194
3533
1600
4667
7316
4551
6931
10513
6965
8791
10707
2262
1331
5688
6611
2266
7566
5242
9532
9461
1245
3910
8131
3432
1840
6939
8292
946
5591
592
9684
7250
5215
653
5233
6862
6418
3587
10636
350
4703
5969
6712
3057
7228
9049
3382
6442
7514
5081
8210
10406
2938
5130
5434
194
1381
774
6714
934
4760
3619
759
2931
6088
5292
2846
56
6838
5656
1731
8925
3954
6477
4609
4610
6918
8656
3907
5063
635
5114
7435
3516
9756
5234
3701
3979
1479
3970
956
2279
5102
6257
10183
6851
8048
1419
1112
4368
2077
599
10121
5578
3545
6035
8129
4270
3591
7478
5365
8853
2991
3518
829
4274
3797
8266
8493
7644
3634
7720
1090
7713
8285
4550
680
7628
540
5118
6619
2208
735
3828
7703
9916
6608
3796
2872
8127
8325
6034
8394
6380
6688
4383
879
3447
9526
7677
4028
9421
4699
9156
4247
10294
5750
8808
7304
3971
4377
243
8203
10703
249
9680
7201
7268
6782
5084
5471
3425
4600
6353
4623
3754
2332
9808
6085
686
2164
6898
3815
1327
7594
8088
2286
6254
5564
3374
7388
4594
683
2465
9600
2431
4455
8258
700
8849
4627
5291
353
5790
9919
7471
8202
1377
2167
2833
7048
6120
1669
7979
6144
8417
3236
10560
551
1572
8969
7408
1865
1337
2832
4211
2316
7280
373
8844
4940
4076
9208
4726
1711
5769
7864
9224
1860
10525
4279
38
4404
5842
8941
7306
1229
3124
7651
617
3178
5394
6721
7674
3050
3600
4416
4785
1062
9377
8956
4867
6773
199
10100
1052
471
9348
3935
9325
4951
4391
597
126
1291
1882
6181
9628
7083
4926
9415
1127
5631
8777
6486
1413
6797
9539
6819
9581
10677
2475
8086
2328
5912
3576
7260
3025
8050
1894
8674
2280
2196
4903
5797
9681
5767
4354
10323
5131
9502
3627
9666
8750
7572
7804
204
314
8675
2714
5464
1352
7308
10470
3441
5318
1546
5574
1143
654
1259
4196
637
3848
9948
8860
47
5070
6263
9110
3537
8751
9442
9447
9432
848
5336
1808
9618
4112
6147
4031
10107
5346
5913
1634
9040
2502
8409
8335
8542
10320
8543
6849
6321
4614
4767
8393
10163
8809
4542
8045
5552
6176
8399
9306
6212
9646
3206
3668
4635
1776
7035
517
9736
1456
2244
5085
3512
2442
10581
8334
5037
8782
6304
5049
1745
9777
2390
4068
4242
3998
1192
8830
1898
5236
10572
1159
8091
1061
9479
5499
4732
5944
8898
208
10378
5222
3184
2590
9028
3566
1780
10034
6494
6327
7814
10350
8736
2557
8861
1519
5389
6197
2372
6806
1222
154
152
8903
3385
2732
5757
6527
2837
3723
4915
6262
7403
2883
6058
10375
5199
8491
948
1561
3775
8326
5423
1944
427
806
2211
8282
9293
9898
9202
212
2343
10419
7058
4709
10610
3450
2513
4989
7545
1777
6989
10058
9062
10681
3499
2528
4400
4103
2071
9182
7728
7806
5677
8033
2569
2711
8107
2486
6135
1554
10227
907
9933
7850
6879
2835
2391
9693
217
6024
10070
366
4676
4573
473
6300
2207
4910
6523
3356
3203
2903
4462
5923
9174
10226
465
4260
119
1447
3608
6443
2919
6537
7630
905
7945
9909
2854
5856
3771
7815
9171
2482
7734
4387
6863
7193
7145
3077
2801
6850
10318
1965
8016
4272
5876
3429
1863
2327
9087
1514
1072
9838
274
3046
10039
1760
6729
998
4959
7246
5517
6927
9329
5556
4596
4110
5638
9582
9133
1940
7873
834
1594
8159
6662
6489
1804
10125
3660
2206
8319
8786
9321
10003
10464
9243
9038
445
9728
2608
3000
3484
8056
6502
1593
2031
7723
7905
5678
3263
10433
6775
7221
2054
768
6972
6853
5333
4108
5345
9273
3586
3470
311
863
5573
5580
4489
7781
9797
5870
7516
5971
6158
2815
8980
4911
3658
4798
8364
374
4498
8346
4052
1535
5698
1392
6496
3671
9077
4733
8603
10280
1109
7474
8741
2953
8270
3045
5895
1975
5575
9955
1343
2267
1848
5606
1543
7319
10545
4972
1999
10264
3614
6655
10523
6690
1702
2929
9971
2073
3241
3530
3641
1766
9826
5019
2639
1703
5753
4868
9285
9029
3710
9352
8281
8806
8706
4117
4784
1995
8620
9428
6009
5582
7236
5253
205
172
8338
7264
8913
3023
2616
10248
6056
7068
9569
4182
8663
9331
10158
8249
10137
7559
5461
1727
8065
9564
1224
5874
9509
9501
4142
5795
3363
5832
3448
1269
10333
4589
5317
7955
8213
5771
717
4069
8445
50
6466
5988
10415
4790
3991
8804
9938
3720
2751
78
4475
323
7886
7690
7243
5205
8356
3945
7389
4326
8733
1346
9731
6462
1324
3665
3078
1642
10657
4463
4934
7495
5096
2021
4220
9649
210
8563
7223
1809
2789
5328
7160
10645
4308
1140
9410
5611
7166
10347
5150
6841
10697
3897
8230
7143
4904
6575
9657
8626
6920
661
558
4145
10602
3460
10213
2879
9193
2336
506
8951
1558
5643
8411
3469
4836
352
415
10624
8769
3711
8226
5460
616
10105
758
10332
9474
3725
2926
8301
2718
5775
8795
4639
2251
756
8104
7926
8221
1844
1435
4008
2859
3120
1133
3695
7299
10030
8622
193
10098
1247
4213
8205
5426
2017
7425
4604
3024
10218
9928
2896
6766
1267
1779
7063
198
7263
3652
2603
7739
2693
8437
10662
4437
6604
8141
3788
5421
8671
10368
1
1420
7456
4711
8236
6941
6588
7392
9606
3798
4592
701
1066
7919
5821
2579
2795
5445
8284
1657
3306
9570
9620
10259
1847
5228
2942
5136
8975
6345
4839
660
5541
1350
7017
5542
1408
362
6586
2793
8353
5267
3628
2313
458
8503
7491
6719
3349
6198
264
9553
6322
10254
1966
10559
3308
8618
6123
5628
3758
6015
8259
6818
2659
5513
1026
1713
3483
9137
6454
3477
5256
7856
3148
4125
6178
2354
3112
1280
2520
6482
10231
6065
229
6905
10136
6410
225
9416
4537
6439
7662
8629
3137
7042
3973
3667
69
10161
830
1314
4686
9822
5273
6149
3544
8788
5525
4251
3898
3400
10216
9173
6542
9259
936
1724
5001
6756
2984
2907
4514
5097
6835
9153
9399
7969
8564
9125
9778
9075
1538
3947
1351
2239
371
4233
2587
3881
9373
9151
8526
2253
4405
900
771
9159
8062
3727
7429
2552
5843
5647
6564
9176
2182
4872
5024
3886
3129
8087
8976
10016
1404
4813
5348
5022
6251
7731
4763
7128
1490
9960
2607
7176
3231
3287
705
2505
3837
6774
7620
5456
2141
5619
9914
4622
3139
5653
8613
4838
4378
10466
6821
6579
8187
6870
593
5609
7020
1654
2355
4554
5493
10617
10561
3787
1491
3712
9491
3817
6501
257
1077
2321
10585
7859
5403
9033
8598
3626
423
4811
308
10026
1220
3980
6043
488
9585
5985
2545
5657
5039
8633
1833
10019
1880
7848
9060
3386
5831
10511
7162
7839
7557
2225
9651
7921
5059
4191
855
6431
10001
1830
1483
7144
7066
1387
7909
7432
10316
726
720
8218
985
2350
2113
6582
2181
5890
8954
8362
10337
7451
876
200
7480
2237
6249
6995
3338
5593
4172
4656
8712
7177
5977
9714
5092
203
8702
4683
5759
7872
4540
6902
2323
3136
8647
10652
1581
5655
1251
9475
6650
1179
10214
9469
8101
764
7987
1201
8080
2747
9200
647
7492
7606
2721
9227
1527
10185
10270
10134
4130
8729
8967
4953
5488
546
8692
6170
10649
4412
2456
708
10393
7927
10567
8887
1741
7696
9058
7883
4290
2547
7461
2012
9918
9449
79
8763
7075
7328
9762
8492
6598
7014
2817
3473
5533
3436
9128
7087
6723
5920
130
2673
8886
4004
5104
9157
94
5863
9886
5761
8546
877
8072
3031
785
7609
5103
9763
7172
2310
8011
5774
7079
10243
6781
1022
10673
818
296
1498
10334
270
2746
8435
5369
9558
9786
479
10078
9747
3163
5515
28
7948
5981
9300
6734
9169
95
3922
775
5760
8973
4336
7762
5972
10685
3507
5206
2807
3333
2137
2101
436
867
5374
3452
979
6018
8588
10072
6206
499
9973
2791
5645
7060
10205
9239
9953
8789
4232
10369
4317
74
2412
9042
584
8685
4866
3782
5432
7146
4758
8199
10189
2605
7911
7668
954
4888
8499
5590
9091
10166
1257
1058
1506
3195
7931
9162
3713
4021
9456
10383
6737
10365
7453
4331
9494
5893
2668
6715
892
5737
3489
9011
10518
7700
1307
8340
5349
7930
3747
3294
9073
6825
2797
5639
461
5243
9667
3937
4876
4140
3325
6856
8391
7032
6747
3664
5931
8695
4094
5659
1110
7778
459
6220
3127
162
8746
381
6531
8978
6694
7949
3377
3617
2809
1505
4146
4256
9760
9929
9897
3188
7906
565
4128
10374
3975
8447
2500
6645
2024
1517
7576
7417
6051
396
1920
4306
7371
4453
7433
63
8559
7645
6894
2641
4945
10644
7100
237
294
2424
8458
10647
2688
3100
7002
10164
9754
978
10396
5393
10362
8815
9107
9843
2202
639
9682
140
6253
2337
3365
338
2564
5594
3555
10680
10445
10022
492
2998
7074
554
9437
1626
2825
8641
10036
7202
3009
5144
3864
7712
1758
9975
2917
280
1258
9601
7198
5596
10237
1709
4754
8985
5701
7653
8615
1290
2201
6
5367
4438
1098
989
407
652
795
6558
10514
2437
2966
7322
9457
4698
8522
4672
3087
4671
10057
7964
8381
6106
1982
925
221
10141
240
6557
4556
7120
486
5433
8818
3042
4618
7524
7768
6984
6561
1680
8920
7454
1200
5051
90
4595
641
3607
4113
10277
3314
10115
9575
6957
9364
1349
7518
2401
5588
4678
4837
4743
7064
6679
5467
4527
2351
10311
4931
6710
8972
2521
3539
8523
1633
10110
4503
7025
4060
4039
5316
7473
4742
7206
7877
2963
1704
6455
10202
8901
8057
3618
2014
0
1384
5213
8926
77
9712
6764
7891
9590
7269
763
8339
23
9824
8034
5844
4356
7833
7766
9418
5487
404
8486
4147
5939
9085
9981
9241
1485
8911
4756
8739
2596
10160
7940
990
1649
766
4924
6248
2625
1989
1930
8680
3418
8928
370
7103
7561
7910
1417
8812
7046
8302
9275
986
4611
5466
10404
4689
4268
5974
2156
2583
8734
5003
6110
4775
67
6475
7293
4422
833
6874
2978
9448
3228
3649
5153
4892
8277
7061
4295
1968
5032
7844
6761
1032
5358
7773
9771
9023
1922
5473
3824
4825
4428
1684
10622
10428
1601
5970
10555
5683
8173
7749
5726
8073
1897
1263
10414
7449
2862
6208
8121
1152
9141
9721
190
37
7444
3650
10130
7661
9563
3355
6480
3863
5290
10356
5180
6167
8436
7034
7283
3028
321
8607
9235
7372
7470
8383
7735
7813
10505
4539
9931
3073
5861
61
2468
3411
1060
9161
9036
10600
7254
8959
8410
7097
4241
4302
7390
2766
10370
5074
5451
8
2922
1841
3659
4010
3414
8001
3535
8909
9878
1661
2241
7663
6499
10342
7045
9439
6861
104
3875
9930
7796
2830
282
7004
3569
10547
2
2153
1103
2319
2682
3661
5979
6520
2652
4571
7018
1407
6159
8573
4997
7165
7161
8946
3992
3958
3157
7918
8174
80
5879
4185
10587
7436
4315
7135
7569
4227
10446
3976
4239
171
9699
2951
9950
4020
6003
3426
4960
5165
446
7975
2361
3094
2188
7240
2678
6599
10273
1547
606
10275
3004
3563
8890
9701
9906
1238
5195
4022
8528
2200
2333
1522
10309
343
7123
1184
10398
3323
3318
9257
9596
1613
2318
9002
1957
7729
8651
7273
8587
4970
10012
959
8322
1826
10068
10667
1874
8704
6903
5352
4159
10025
2589
9395
5531
9858
7695
2341
2561
8653
9320
3679
4666
7562
9228
9283
9789
5201
9723
6805
1023
9307
8466
5112
4197
1150
702
8583
9964
4086
1947
5079
7787
1204
176
7038
6419
5474
3528
10103
2946
5613
3107
9068
8465
3760
8171
5438
10538
1040
664
1714
8273
4457
3938
8953
2957
4483
7601
2144
10574
4433
10376
3645
1113
10143
591
53
7139
7049
9155
3170
8604
618
10177
9233
2155
8200
5901
3410
4124
6008
8805
5090
7329
1643
7706
704
4616
5088
9252
1191
10051
2377
5418
4562
8506
4991
9301
5159
4633
9466
8494
266
4750
8350
10392
4916
2522
4950
648
2430
625
9957
435
480
9464
4150
9030
2386
3847
6252
3041
6778
7272
2080
5196
4327
5
6377
8446
9541
10049
2020
9734
8163
2177
88
3807
6484
9199
9022
7077
7346
3524
8462
10394
2145
10499
5143
1820
2538
9809
6583
5362
7884
8178
6612
2148
4670
1803
6768
6511
3637
4884
3343
7481
2028
2298
1067
6657
395
6999
1493
2389
8145
8029
6354
4178
2958
750
10665
6146
9831
5712
1523
361
5504
5398
9084
7199
794
5812
4123
5272
8550
4365
4982
10454
9489
7733
1013
8185
6474
10675
4155
5670
2288
2645
6777
609
469
5807
2441
7368
789
7656
6318
875
821
7724
10501
1316
3351
6689
1618
7210
4955
9237
6977
6543
5524
6446
8636
295
2802
1659
40
3218
6385
2615
8262
605
3417
556
7595
8894
2981
10010
2653
1571
5673
8667
7984
5641
8287
8784
8584
382
767
4817
9139
6565
935
696
972
2139
2366
8927
4791
4009
7278
9391
4509
1149
7925
5452
8498
1033
5976
1078
2622
5584
662
4363
7011
4650
2612
846
6238
1194
2125
2725
10507
2150
3222
765
114
7937
10297
1904
8730
8565
2357
8390
10258
5193
930
1790
2096
509
2677
9326
2405
7398
2393
781
2541
216
3776
1994
4624
6551
8747
663
1928
6218
5274
6375
9561
8416
3012
10552
3407
10704
7192
7050
8827
146
3260
9958
2834
1492
7054
441
5625
143
6946
2955
7851
7282
5175
9223
4979
1442
6915
2526
6038
6132
9407
3624
2346
384
4755
5379
8783
2229
2479
1895
6172
1095
8797
885
10186
6628
7714
10503
1540
7262
6944
10291
4523
3708
4816
7141
10176
2823
7133
10588
9351
3952
2762
8992
913
10533
8644
5804
2464
7508
6871
3895
9999
8539
4900
6594
8474
2011
7297
9417
4177
7624
5465
10595
7756
3590
9803
5027
6376
6910
8152
9296
6350
723
4725
9035
6970
9737
4602
3597
17
10421
8395
10474
9942
2811
5632
3593
1728
9635
1043
4697
2821
5297
4564
9669
64
8064
8248
1632
10224
7812
4164
5918
3123
3379
3125
1545
6748
10352
1797
7109
1562
9187
8453
7167
9430
10417
4226
2753
9459
5550
7543
1236
8968
5286
9287
7252
3142
893
2300
322
2053
202
1445
10005
2406
6283
6391
484
10017
460
5727
6607
359
3966
6584
883
7599
9891
508
10592
10373
9090
5093
5621
891
5194
3336
4734
1690
4169
8947
5788
8580
6831
7793
1732
5047
4786
5020
1000
8945
3141
2147
8709
10241
7542
10114
2633
4372
536
3392
8312
9500
1306
3281
10709
4983
9385
9686
3965
8477
2788
10303
4883
4059
7627
2964
9380
793
5124
884
8267
9361
10180
9852
7537
4214
455
2086
6180
4565
4289
1428
1074
3761
4358
4795
5457
4886
5186
6285
3905
2334
10335
1235
8139
6627
5567
5776
2154
7415
6545
9181
3111
1227
394
8944
1892
7590
4569
2165
9230
7596
1394
1373
4119
4583
1055
2635
10225
2051
4425
3193
8981
1795
9550
8099
4238
2094
9799
2617
689
10052
2448
5663
7817
5010
5160
4300
2098
8208
6364
2638
7803
2778
10669
3538
3217
3570
3262
5424
3395
5758
3872
7686
4917
6811
2511
357
10651
3463
10535
2739
3162
2003
7405
10004
3536
7637
8232
8525
8280
8076
184
1655
9473
3098
1529
9860
2857
6739
894
6308
4572
3362
7156
5950
8581
5982
6953
7501
3324
3055
4895
8157
3565
4660
2216
550
9866
6500
7615
5559
7457
9147
7974
2543
3715
5482
6704
3740
5264
918
6788
1948
688
453
10095
859
12
8241
7334
6968
9873
7483
1217
4545
1735
2646
2121
2305
8707
6813
5817
9512
6973
8855
4369
10604
2039
9982
7318
4641
7072
6952
4804
9653
5627
4586
8239
3896
3076
7219
207
2179
5937
5553
10245
7130
10402
450
5013
8696
5676
8597
1564
2278
5279
10083
9776
116
6430
5692
7742
10672
2353
6731
3702
2687
6359
4958
8137
6833
5568
3819
8582
7923
2949
1977
9674
9976
755
805
10558
845
3633
5800
8863
6638
6803
5270
739
9179
6429
10321
8190
5875
2451
1924
1025
10171
8457
8850
5906
476
889
2729
8562
6195
7970
7862
1208
7413
5617
10128
491
3844
7431
687
7277
8796
5570
7810
3956
7039
6032
9990
787
10240
9240
2726
7535
6602
1622
4100
7549
4442
2168
5139
4202
6260
9349
490
1639
4072
6632
9859
6084
9850
8304
5308
3095
5915
9256
4870
7983
2143
8987
8888
7188
5644
8162
659
1619
2749
9935
1805
2581
952
1674
5080
3901
1812
5283
9253
6054
5476
3691
4200
4493
1750
1341
5015
3803
1689
8881
5486
6425
10379
7379
10113
1873
4132
10462
9842
1111
8908
3635
1971
7612
902
6883
8201
7404
6301
10639
3731
4938
2551
2194
6040
4322
1345
158
2647
3551
10167
10340
1243
9993
6333
2769
10169
8998
835
9408
6900
5373
857
437
6665
837
1210
4386
10148
1842
4111
8986
7895
3297
2968
6344
2737
2307
2669
4930
2399
3766
8754
521
440
3730
8914
3301
2995
117
8484
10578
2996
9812
9167
3485
4265
3030
4478
2159
4410
3839
4296
3403
9129
6059
1806
836
3103
10473
8406
3475
1800
1718
6119
7348
1374
8343
8025
3498
3494
3774
6836
7395
2656
9791
8892
5323
8512
9001
2218
4156
3476
1814
10140
5351
5371
9779
1560
3820
1810
1163
8515
5161
4765
2643
3705
3657
4663
7638
8179
9114
9785
3026
3500
5176
6456
560
2185
250
6343
35
9847
630
997
924
10635
8982
8758
8268
8401
1579
8979
665
9768
2210
1521
932
4266
3808
1915
4937
6400
6516
4458
977
29
9977
8848
4993
5824
5494
5489
6740
2683
2621
7373
1322
7407
5725
387
2882
6150
8681
6678
5448
425
1014
4381
368
9716
5324
6392
5344
9014
5716
6847
8181
10028
420
804
1165
4468
1031
9088
7666
2763
7647
3972
224
510
127
4538
6829
10287
9697
8347
4395
9690
6817
8032
10527
4869
9490
3716
10271
5803
3884
2358
1115
5231
6154
3446
3368
2049
9316
6340
657
613
3620
3696
667
8686
3773
9819
7738
4617
1906
5633
8398
8186
3248
7157
10683
7855
4408
3517
10664
3360
2309
2257
2776
3223
602
6732
5605
2533
462
1297
1244
5962
5946
3988
414
4234
7106
7205
2131
6448
6840
3873
928
9083
10194
1799
1054
4223
7956
9278
4014
4011
5098
9309
7944
6576
5720
1029
525
6692
4261
2935
9215
8877
8814
10418
8100
6366
10453
9082
2655
5563
493
474
8538
5691
9523
9203
1856
9726
2910
8299
1496
9115
8102
2097
1412
2450
6002
7033
8405
742
807
10403
3415
57
5275
6030
6186
2348
8994
3856
1409
1998
9969
10491
9577
4988
9995
3941
4713
7179
629
3189
3553
9848
5891
4434
9402
4855
2171
8385
4942
7831
6798
3989
3732
5388
4832
3394
8666
6982
2023
10127
10701
7015
8534
7591
10344
5149
4719
1896
1425
4575
8952
10694
6108
1644
5883
3016
5837
7889
2326
8711
5519
8067
2404
987
1577
10299
1775
2258
7016
4024
7821
1843
7286
7086
7646
5752
10599
9242
6937
3315
2864
5412
9758
4222
1638
3101
10546
10606
9574
6323
2948
5566
8160
8661
8049
6006
9796
791
10089
2578
3934
4195
5241
10076
515
4380
8831
8862
8421
9519
1129
5361
4643
3340
9783
7376
7885
2628
2495
1866
4469
4204
9951
4893
8728
4899
4446
9963
5772
8122
9961
4311
1261
2199
7847
1398
6140
1721
6336
7494
6441
1430
6552
947
315
8721
1131
9353
552
824
8124
7922
6247
7171
5384
1406
7118
1710
219
8397
5828
4526
744
6397
3982
10553
1719
6878
3279
6824
6822
7795
3926
7274
10257
982
6554
4987
2299
9881
1801
1443
3192
5303
8921
1871
1908
6007
9018
2890
864
6673
6190
746
2651
10465
6808
8885
142
8269
5217
10371
4389
2197
2667
6011
442
7341
10250
2950
41
2904
973
5780
7741
6078
1737
580
8672
6128
9605
8540
5796
579
5529
632
9572
7447
6427
6487
1048
3899
3164
7938
8428
6631
10389
1518
220
10435
3402
3487
9247
2731
4082
10322
5023
8024
2708
3001
7053
3572
3397
7338
984
7769
4221
5933
6592
44
9360
5162
6945
5495
9837
8816
5154
4083
1929
5077
8753
6758
3912
2289
3419
8958
9630
5887
3375
6127
7305
3194
7585
10569
825
813
1687
3612
258
7057
3181
234
6367
9396
10719
4729
3422
782
736
6532
6026
4337
8155
1771
6876
10343
9422
8537
7463
2231
6911
2112
9784
2392
3158
7245
1372
339
4712
1197
9186
8123
8617
1042
4148
7455
6450
5577
7006
4654
3743
10045
340
1784
626
9359
1189
3927
10674
899
10591
7386
3455
1901
614
10042
3472
7894
3390
9996
8197
3552
5799
5554
9571
6820
777
6211
9863
6660
2466
4861
49
9954
1910
4781
6237
428
7578
6885
4189
5506
1494
4334
10307
5455
4744
1100
2918
5538
10541
8300
10579
3070
10577
185
4027
5949
8012
10313
7673
6069
5116
173
112
1293
780
7577
8871
10467
1376
5834
2943
215
3298
8007
1181
4407
4908
1431
9025
2345
214
1706
7881
9269
2138
3704
2916
898
4218
9745
4956
10515
1985
8780
6148
3128
6522
9465
6865
301
4269
8549
4871
5034
222
8142
6080
3138
724
1202
9401
3906
10529
9889
5618
3606
8600
290
10700
9311
2691
2303
242
8164
3583
7496
1356
6049
6518
3332
3785
8250
9420
2894
10312
5745
7365
9821
7669
4613
4149
10439
7687
6613
4913
1089
7957
426
3799
3196
9411
6192
5220
9213
1480
1635
754
4746
6687
9752
9108
2913
10197
320
1850
5602
8402
3186
4517
10317
811
5823
4291
4516
7755
8014
5744
3959
4495
1388
10106
3278
9032
9874
2876
6020
8787
8095
10300
5536
9545
1105
1457
3154
5555
3981
9807
4436
7153
7028
7091
6000
7082
4727
567
3230
2160
10687
7671
2410
1891
2070
3561
2371
5715
3065
1342
4427
9593
1473
8794
7929
7981
1698
4865
7880
8079
1039
8842
8041
8510
1980
4162
5442
9542
6124
2069
2877
3755
9403
3321
1943
2075
3011
1786
1823
3275
612
2423
5157
9323
7067
6274
1973
46
9248
9394
2909
9318
1559
5708
8074
6749
9302
4092
7958
3676
3876
8400
7748
532
6610
547
4737
100
8974
9589
2036
1393
10643
596
4459
9616
2483
2382
5787
9295
3021
8296
2867
3790
10097
7586
8988
942
7675
3035
2848
1931
6643
1318
2851
6426
2921
3925
5311
611
3892
9027
2969
6498
2999
3946
4619
9493
156
3506
2509
6842
2810
9354
8585
2624
1660
2901
1862
8069
841
1475
961
7531
2116
951
587
4084
3722
6378
645
9105
6882
2312
2290
5294
1726
2885
9336
