2337
3052
159
7019
3620
6682
2884
4405
10639
592
10365
8653
1355
5212
8385
554
999
9799
4525
9422
8535
10062
1524
443
3918
7016
1588
718
9027
3539
8193
3781
171
6496
8266
2669
2809
5831
8355
6329
964
4887
18
2242
2962
7254
5613
2724
8452
7482
3121
9035
3375
9748
565
8034
9752
8342
7116
9549
6092
9310
10403
4176
4589
5576
6224
8913
10551
780
8630
9522
8879
4476
3875
5840
2711
452
2947
10068
6962
5745
7089
1912
557
8895
2078
5988
521
5300
1718
6286
2459
1221
7632
10137
7171
8641
540
5664
5006
1686
2880
4418
1845
4074
6245
10322
6573
776
223
311
3290
10141
1495
4322
8336
10437
3349
7324
4708
6400
2360
6614
612
6037
6810
1007
6830
9356
5259
5037
5003
9612
6282
4620
9131
2903
7005
2910
3288
6798
561
2441
5332
700
3901
1661
4091
8791
9378
4778
5265
4788
10192
10606
8230
8194
5432
5805
1303
9925
1488
6155
9581
6300
6151
7606
2908
3562
7163
7398
2620
9262
8150
8216
6954
522
4355
10478
3215
8484
7648
415
2535
211
4765
4304
5963
5362
2883
5821
5340
1725
9923
2915
4779
713
10673
7273
9311
10165
6983
3722
7551
5411
9
10700
7332
8408
6781
4090
10241
10261
2741
3027
8491
137
9784
2132
7948
7531
5481
3772
3016
4333
9772
10340
4394
5584
10378
3864
2941
391
5996
6465
8356
4695
8538
10595
6256
2654
9956
9186
2042
1262
3236
673
457
10675
8963
1952
10574
7232
6575
4323
1088
2077
2588
9276
2146
5843
7793
8777
3693
5921
2241
8071
835
1606
6417
3517
2648
4988
6541
10183
291
507
8968
4614
1704
3697
525
8989
5092
8906
10565
657
7552
8259
2297
4800
8149
6787
4701
1334
9203
4371
7763
4483
3340
5612
4603
8166
3156
7968
7518
2694
3574
1321
5166
3933
7214
4044
127
5268
6545
8397
404
6454
3979
7529
2046
1749
7337
7373
5398
1971
2463
603
7509
5416
2713
8557
10465
6038
8800
8301
688
7924
3984
3184
3131
2611
5761
7961
8201
4216
7626
849
8461
3723
8917
7480
6840
370
2973
1377
7170
33
4493
6345
6181
1715
3046
5072
3687
7185
3624
4943
9617
9305
9928
4546
124
8119
5702
3478
6907
6399
5740
2009
1528
1012
4694
6720
4587
3267
7033
9105
379
8115
8744
3192
2289
5183
7039
6990
5731
28
5101
1752
1183
2723
7660
5203
4138
4105
2224
2409
7701
914
8731
8718
4381
4359
10283
5587
8894
496
2716
5725
3128
3524
8591
2130
3926
1143
3518
9801
7646
3867
10661
32
8847
4120
2674
1793
4379
9823
5784
349
7450
5057
8437
9533
8868
3791
9863
449
7148
8995
9433
2334
6351
3320
7822
4852
6478
2032
2333
4720
9028
10377
8175
6388
1085
152
4897
10519
495
9494
1369
3738
9897
10231
8479
1247
8135
7097
7241
5607
9500
3238
2229
3005
6795
7519
3695
9537
5894
2112
1585
1671
3868
5461
7865
7345
8590
27
5215
10212
7709
6353
389
8448
6304
1589
10558
5391
3716
4018
648
7429
3842
4826
15
2413
271
1001
991
2609
8938
5460
2152
9720
9889
10119
9568
4411
4070
9129
7011
4340
7216
8280
2781
332
7521
309
567
7864
3799
10591
6130
2707
9438
5953
751
804
7681
4365
2839
3009
2717
4354
6766
1705
3769
879
1466
1945
8577
6716
6342
8786
5705
1714
4198
3537
7169
6309
6883
4236
4243
2544
402
1900
5879
9439
8058
4571
3219
10151
2104
3147
6928
3627
8940
9016
1779
4401
10503
265
8037
9920
5501
384
4766
8907
8187
1372
4484
3995
8633
2222
7496
1339
4337
3203
4431
3585
4596
3974
7639
5869
4567
3977
4332
542
868
10534
126
795
6074
8047
4890
1253
2790
4785
7327
9596
767
6869
3049
7374
8507
9723
6494
2881
2090
3809
5522
3570
9360
4043
8551
6889
8855
2644
5630
1991
4204
861
6393
1702
8513
1990
6750
924
6563
2172
233
4755
8130
6168
1362
3808
725
588
4911
7974
6124
8010
9014
7497
9271
5277
6519
2616
1947
6418
5363
5319
1552
7634
7723
2483
4002
3466
7020
10293
5575
7977
8343
2834
8556
2
8369
8173
2816
1219
4001
10413
2496
5671
3480
5423
140
9999
2386
8199
6377
5167
3782
813
4467
1972
4702
3954
1061
4919
6334
3230
8081
2408
8687
4964
7371
1946
6827
4570
88
5171
871
10449
3454
2949
7255
5199
9916
2145
2791
5233
3728
9633
9159
10087
7481
7656
4328
6024
4362
10133
8202
4266
7516
1995
10319
1025
9611
2063
6882
1097
8520
8496
4281
4272
2332
905
5470
5846
8603
1789
5321
4583
6204
9544
2140
5142
9619
489
6332
1683
4994
4327
6086
7129
7938
3139
3353
454
3038
300
5855
3657
2084
5916
9492
1119
5488
712
3972
7040
6102
4253
4999
5620
4838
8573
1617
8228
1393
4531
281
7321
7557
9976
8349
1647
9864
9240
8990
8359
6360
996
7695
4348
3107
7108
7132
2471
4029
3346
83
1650
7115
10525
1956
9767
9252
8398
2374
2706
10505
3111
6246
6083
1309
8324
8346
2232
9411
3614
8512
9118
10543
2184
2766
1464
1137
8050
6924
4517
3396
4220
9173
1167
8032
1684
1482
3601
8294
3253
9532
3488
1964
5218
2160
8928
9663
675
2817
5181
2584
3007
3638
9231
7550
10641
2238
1203
8861
5643
3698
558
4898
1895
631
7994
6211
1993
6732
6201
6137
528
9519
3944
10718
6725
4479
1443
10045
4671
8959
3820
9343
3374
9821
7437
6991
2491
3639
862
5040
1926
6333
758
3335
3699
8242
5932
4789
9324
422
3602
10292
6849
2345
5704
5578
6851
759
2746
6232
6231
1028
1836
3773
6867
1394
7042
1917
2798
5113
7433
7447
4386
6228
1688
6984
1890
9303
2887
4527
4653
1197
1182
6846
5204
4225
4312
1652
748
9903
1072
4158
2523
9592
3847
1827
9152
1506
3739
7528
10368
753
342
2257
5185
9827
2551
6818
6442
2210
2604
8087
9879
2318
10174
8958
1696
6556
8650
2503
10236
9838
8672
1901
218
3745
6788
5830
9624
10648
5381
1145
7538
4963
5314
8662
9116
7350
5621
8291
2672
3084
3366
5892
9164
3802
5717
3426
9875
796
832
2858
3176
9167
2434
7006
3364
5472
1093
6936
867
8820
1601
1452
1220
6806
30
6159
4387
6938
4056
7010
3476
7277
578
4422
10084
672
4876
2534
2638
8896
6120
5598
2465
9704
8587
3796
7517
238
10430
8120
7455
10315
4846
5766
2972
10107
1556
8946
357
6698
1734
8489
4769
2091
203
10670
5877
2615
3429
1133
2612
7515
6534
7208
3070
7461
9893
6759
598
1070
8299
2777
3198
821
9155
9732
4292
5868
382
8358
5048
4655
1255
2341
9803
4594
3884
8426
3718
10637
1876
5803
8822
5001
7543
4960
2384
1963
10167
8215
8449
1366
7408
8878
2538
4152
2525
6356
4444
1860
10089
8348
1784
2530
7072
7937
6463
2423
5220
2628
9904
6193
5538
7643
7211
3982
9275
6770
6783
2696
9734
3706
2164
10004
290
7061
4335
7221
10114
2494
10518
4188
7889
3619
9713
7629
10029
5989
6212
4296
1933
8581
987
10440
3726
10389
10005
1329
9409
4604
3606
6591
9657
9712
625
1191
10444
7559
2358
7866
7483
4976
2775
6847
2506
4222
2938
8763
9601
10451
1923
7160
1204
640
6121
4485
3557
10694
4947
3607
5213
5814
2759
5360
9505
6565
1268
9171
383
7112
3561
5768
4645
4539
7050
5385
10544
387
4574
6633
8799
613
644
9794
6552
775
6495
6314
2329
10341
10347
5986
10651
4787
8533
8516
1067
6919
5560
9590
8586
7334
3465
255
3703
8354
1660
8502
3811
8237
9080
3887
8677
4869
9376
7023
3715
7775
6631
4089
5985
4917
6233
10008
1865
7678
7243
5483
10006
2608
4513
7698
490
5508
6890
686
3299
4505
53
1708
6315
7987
7100
9057
4822
10065
5182
9054
8341
4202
7294
269
4757
2011
2562
921
8953
7213
1797
9219
2216
5455
4038
4376
6414
10693
2677
10256
5267
2350
440
310
684
3774
3102
2179
5600
9669
5635
8675
5718
350
984
3143
3553
3940
2907
6468
9117
7779
10542
768
446
8813
3671
9743
2223
7569
9874
8980
5243
6679
1530
9174
517
5284
166
1515
8074
1700
6953
1638
1954
1768
2150
8857
6374
3050
17
2200
1581
7622
5448
2156
7498
1432
9800
97
10213
7240
773
10587
7280
201
8523
1611
4098
9377
9898
7058
10433
7142
9830
10527
163
473
7049
5389
7862
6023
8327
2793
9963
7370
6178
2353
2804
8340
10649
8430
1023
8103
2823
9212
3045
1154
5248
4390
5900
6637
4399
7574
8332
1246
2860
9279
3435
4644
5952
5834
4761
3165
6164
4301
272
6289
7935
6056
3393
9588
9211
9726
6809
7717
378
2981
2135
9829
5799
6041
5205
4329
10624
7986
7212
6165
8664
3362
10115
10058
6265
5458
4558
2553
2180
7094
6892
130
9616
2828
7092
8850
5811
7384
400
7353
7579
1073
9074
1615
611
8757
908
6855
5027
3030
1512
8839
5222
6472
1325
6557
10027
1398
3501
1180
5763
8983
9881
2477
6891
1631
7231
2438
6885
4453
8555
10036
2819
6553
10059
2761
1395
860
7640
4832
9185
220
4611
3057
6071
7305
8221
9277
10563
4775
1458
4262
9258
9918
6504
6640
8945
4627
10079
8966
3055
3094
244
10486
4437
3428
4915
9954
4850
5465
4629
874
3178
1465
303
9860
3324
10482
1634
6328
5401
4612
937
7048
4492
10447
438
2806
7271
939
164
7726
4648
3268
1751
4441
3731
488
6516
8655
2287
5839
9042
3535
10654
353
9832
4773
2405
5348
4895
7645
3278
1437
3659
5852
1305
2664
7390
8084
5727
10455
714
5531
4839
3313
8320
4501
470
900
7787
4753
5776
9034
8490
2508
6059
637
7556
2702
6154
8376
9029
3522
106
10702
3550
1266
8399
8713
7443
7908
5263
4193
7855
9921
2218
516
5095
9180
1497
7166
5132
5614
7520
1500
4264
5197
3217
3356
5918
5526
8218
4459
5876
6821
3115
5252
5333
3767
2891
3651
10562
2170
8755
4824
10069
1643
10176
4053
1550
3189
10239
7046
2734
9479
7303
2279
10436
9281
8380
1210
5206
7154
742
3897
2033
4499
7235
10642
911
6434
9783
710
730
9513
8524
550
5330
3153
5823
3425
8038
1039
4578
4067
6324
10075
5339
2771
3677
72
8015
2500
6221
7554
2195
7741
120
2126
7085
6987
7161
2252
8779
10497
9243
1795
2277
500
2603
4269
4171
6767
9950
10456
727
3879
3068
5042
185
2827
3446
1841
3020
6543
8566
8422
8506
1812
1181
10492
3869
8284
3108
2397
10671
1448
10312
9995
7486
3493
2138
10106
873
2352
652
8918
3907
2422
2169
6042
275
8553
1910
6006
1304
29
4078
4577
4249
7329
2185
3899
1691
5004
6834
1542
645
2970
990
2102
3105
833
3331
10690
2692
5642
8464
9744
735
7802
2536
1294
4989
5550
3853
2105
2934
3343
8902
5477
1409
6225
4482
777
9036
6621
1570
2519
9745
10286
2950
7095
9740
3382
3612
6814
6730
3986
622
2529
445
3702
10665
2630
4358
2114
9312
7082
4744
9398
10305
4901
1756
6350
10470
5418
810
4439
8054
8702
4937
7156
3551
2710
2927
7967
845
6335
8494
8482
5545
6326
6569
8862
3150
1202
9655
3032
266
10434
7043
4635
361
7693
4979
4821
3321
7438
1913
1630
7586
9938
2597
8400
4980
5162
5497
733
8024
6655
4970
4811
4486
7507
6769
2514
3197
8405
4856
5541
6561
633
6307
3830
7869
21
7236
6813
7202
4309
2621
3232
4073
2625
6474
4464
10410
1870
9730
5430
10475
175
9145
7687
5917
7573
6865
7411
4094
1276
1298
4719
7841
4190
4447
2103
8771
8972
1326
5973
6521
10431
2568
5652
6717
5758
8712
437
6619
10307
7891
6911
8112
10384
5062
2854
10020
9990
9608
728
5737
4039
2847
6572
593
3479
2859
212
3750
1069
1736
1124
4406
5691
3623
7245
1940
5780
3206
8257
8365
8375
7942
9001
6091
9934
7420
5313
262
9825
4799
4283
7630
2376
3044
6713
10611
6445
9831
4756
4165
8416
3924
5337
8253
3648
9365
9566
8769
2462
2546
8195
3801
362
8673
3249
3848
8508
10140
2527
6590
5935
8481
8648
4957
9580
1759
9487
669
3397
5742
9689
10696
85
6274
6608
7155
7971
6017
6097
6323
10412
10139
5802
3177
1982
1776
3916
1117
4608
6994
9644
4454
7675
6217
8124
4802
4654
4345
1043
2813
2801
3483
3540
7754
4984
6792
5981
1016
529
9727
9045
232
9835
3033
6761
2730
6684
5997
9968
1857
6586
7285
9006
10583
5579
7755
5096
4933
9614
5647
7928
4016
10524
6592
4049
4127
1470
4572
8615
6359
7962
2602
747
5331
1866
10040
5880
10539
623
6648
10584
6995
7195
4956
4380
2556
6295
3077
5504
4996
10576
9184
3759
9716
915
3430
10423
1318
4699
5192
7953
2993
4935
6749
1879
7127
10607
7442
9357
977
4494
1823
7904
1999
7762
629
8796
55
703
7876
1107
5137
9269
7418
6921
2671
360
8668
2476
5515
3031
7878
4104
9498
9796
8600
10301
9552
8979
3787
5491
2749
9101
1540
6574
3082
6872
1884
8082
3315
680
10511
10375
1444
2877
10570
8183
128
7877
9295
5395
4425
8770
1608
4711
6707
1595
6027
376
2062
9191
2335
1131
9151
5372
6022
3418
4268
9355
4199
1113
9024
3506
2221
2167
1862
1699
2015
8159
8886
2975
9965
9733
9698
173
5376
7831
1354
8154
3163
6710
2163
8790
5370
10296
7256
5739
1669
7135
9168
4099
3247
5077
7435
3900
519
6105
8277
5262
4414
4616
1694
4076
6480
8295
10057
7359
1969
1555
1450
6371
9299
9865
4413
8170
7875
6999
9917
10504
301
5196
6197
8096
2885
9268
3036
6198
1244
6626
8751
10
6019
2349
2994
9201
9606
10037
5352
7333
8622
4641
3513
2128
4974
4141
2453
4689
3582
3081
3516
5623
6706
5850
3311
2400
1151
8640
1868
5891
4602
6272
6598
8098
3282
8181
3281
6649
8849
4472
8910
4034
4065
8138
4868
4037
7495
7131
897
6482
7114
8312
5000
6081
4289
9980
8361
4533
1554
6940
9108
5593
6069
3185
9947
4232
6461
961
147
1976
10225
5966
7405
8828
2479
7159
9946
7204
1029
3541
5546
5453
7394
7597
6839
1277
2251
1558
11
8143
7317
7641
3512
8100
1689
5335
1359
5960
10088
2974
9326
2194
9192
356
2776
2081
2843
8624
286
4749
1502
5829
8016
9375
8249
10615
5161
5765
7819
5653
8549
1754
2029
2101
4511
1640
1668
6427
10656
7691
10012
4006
8930
8823
783
4790
9759
10453
1690
9930
7138
5957
7140
3414
243
9607
8760
4830
3380
7853
1381
5964
7742
4201
3463
3961
5738
3186
7022
8179
8684
1342
6490
3950
8164
6976
1214
3164
2678
3384
9046
1082
4149
2502
4545
4251
9600
10418
4518
8737
2722
3969
1546
3040
4391
2107
8697
4706
1256
6109
6728
793
7657
3632
4077
3262
5779
2308
100
7766
181
59
6589
2196
2895
2785
2524
9652
952
10388
8025
6914
6727
6065
9913
1346
8232
7372
1894
9313
743
187
10096
4147
2554
8241
3529
8066
537
5290
5463
2830
10580
5094
6375
4400
9199
5246
2679
7617
2822
6520
1496
1475
1228
9453
752
4745
4763
8402
7581
7807
1232
8292
9467
9708
8018
8952
3556
2026
1761
7117
3992
10566
3363
1101
10428
4723
6101
6209
3401
1265
4468
5061
9462
9915
8844
4372
10619
5785
6188
5356
306
5955
3577
4297
4657
7722
2557
809
2624
1166
3760
235
7941
5217
372
26
806
7291
10249
71
7705
3119
3047
5536
9847
3838
3431
10159
1918
3536
2675
3011
3793
2797
3755
8951
8281
1928
4284
3860
563
1356
4092
4506
656
2142
9989
610
10018
3072
912
2357
8165
3256
4122
907
7777
4403
10415
4248
10508
8302
5872
1883
3592
4375
2899
7848
6039
8661
10187
2445
2600
888
3318
7358
2632
3786
8095
2236
2295
1307
8190
9048
4255
10620
5033
586
7261
1193
472
5535
4724
7430
5245
5069
4102
6243
2316
4952
5392
4221
3242
9236
4691
2013
8505
9141
3611
7304
10568
5666
3642
10019
1970
7331
3833
7730
5927
10246
9106
8561
7439
6337
6579
1732
6379
1062
1417
2407
8610
9370
4187
4626
1764
5146
1798
3917
10092
3048
6402
4497
2100
1575
3576
7699
9480
6446
4643
6498
6111
6296
8881
10126
8065
160
3352
4435
945
1517
9795
4295
10684
2111
944
3575
10597
10664
8019
8996
10224
3904
3783
2060
965
823
7782
1605
4586
9156
3778
1930
1038
9002
8604
343
1722
6529
7118
8880
2488
4009
5706
10618
9383
7454
6449
6456
3161
6617
1106
8973
4739
6510
10007
6207
5274
2626
6903
1105
6820
1892
6172
8097
8092
7680
8716
5250
10250
9598
4825
6383
1609
7739
3770
1274
6004
508
8667
7180
10055
6263
7829
9809
9127
7512
8544
2066
9473
4880
7740
10082
7493
9412
4516
3190
7233
5692
419
2428
464
616
6842
116
136
4267
7734
245
7502
9951
3949
8807
2957
2346
2729
2569
7752
10635
786
5186
7804
10260
3673
3807
9983
8077
1456
5679
10169
2982
4234
6160
8451
9162
1780
10164
1022
9319
1762
10207
8831
3064
9671
5281
3371
9927
8944
9630
6975
7833
774
1420
4770
2363
7949
6003
277
10232
2286
2225
1134
5627
1903
2336
6426
2578
8985
2490
7009
10300
10550
4731
9070
2918
8754
5010
4575
9804
2395
6299
3555
358
8053
9069
4257
5219
5066
10220
6316
6280
1390
7137
3421
5701
8700
9666
3805
2006
6505
8487
504
9403
79
9442
666
895
2061
4166
1735
10108
7134
8042
10150
3548
2869
6294
7101
5053
3730
10188
10373
7832
2935
8659
9468
6503
8206
9779
6775
7933
7179
661
167
4000
2203
481
5317
982
6290
8333
10547
2162
3609
4130
4814
9067
9318
9678
9187
2399
1045
6667
6622
7395
992
3134
2355
2470
5107
20
442
7124
9805
1992
1094
2743
2919
8137
5842
7173
7322
1597
532
6424
3010
7682
7071
4215
10015
7091
7824
7191
650
6060
5746
3507
790
10464
4623
1680
9668
1380
1426
9518
1549
3605
2383
6184
1682
10026
5708
6401
3509
2030
5851
5589
2769
2540
84
6895
7260
4973
5
8698
3223
5109
9214
3436
10237
3235
9942
8704
94
6801
5561
630
9405
6199
6862
2214
8198
4554
831
4772
5264
9227
1208
2875
8431
10514
2811
7084
6946
8177
2532
4981
8363
1322
3329
4336
2188
5697
10200
9085
538
4068
8498
5139
1504
7074
6373
3915
8107
9040
6607
682
2528
6632
1020
8733
7028
668
8637
5121
10687
6800
5888
6674
5514
6425
3171
9352
3523
237
194
6046
6776
5383
7297
9454
3162
10419
6726
5510
10339
4540
1498
1942
2992
7591
104
5577
1724
1628
2139
4121
4965
6582
4080
6548
5361
10652
2705
4352
6420
4377
6518
4172
9621
6447
1074
1385
1711
3528
6305
4955
9992
8758
7218
4302
10644
3039
7503
1527
3668
1446
3089
296
6131
1877
3596
3462
1792
8043
3361
4051
7059
8787
3708
8678
9143
9109
9100
8214
9711
2050
1454
8432
7576
6123
2563
8286
2311
10264
3700
2262
1481
1828
1330
4455
692
9092
6571
7594
572
1773
3270
2489
5603
278
1878
70
5140
5350
8114
5500
9363
502
8460
10659
8121
2324
10056
2176
9688
6974
57
4983
6226
4556
8366
5667
7713
7592
2701
4972
5498
4388
10177
338
1599
9634
3734
641
9026
8977
2260
7526
1300
10507
3841
8563
4986
4014
10509
1310
4725
6949
6564
1367
5767
1603
664
4368
10685
7365
123
7718
6045
8429
4415
2458
4299
430
8383
989
80
4242
6368
3542
3641
1156
838
6108
8030
3314
4537
8450
617
6796
7906
9359
2894
2552
3283
8933
10399
2387
9940
2369
8439
2718
2765
7794
1717
2841
6888
1343
6370
8635
2115
2921
9056
1279
5857
5903
111
9366
4013
779
2056
8239
8827
4767
842
7783
4615
3195
73
7655
10335
10460
4656
9084
3625
3196
8011
8428
1916
8832
9427
3365
1678
8298
5170
46
1569
627
2392
9466
4143
1192
750
8525
3125
5480
4082
3937
7265
3193
8576
7837
6741
2684
7914
2272
3475
4258
8628
9304
325
7176
8243
3967
7477
1010
3471
6939
1403
4195
6935
7339
2323
6072
9290
518
6118
3440
8693
4183
7826
7760
3903
1741
1925
177
354
9170
9781
9506
4873
1199
10080
3394
1587
2348
10420
5088
10361
8956
1951
7642
10287
4443
10314
5279
3876
2520
8234
8888
3683
2728
5368
10090
5901
4170
9516
6319
1627
4288
9945
247
9491
3672
2836
2436
10533
3938
7647
913
8048
4609
7710
4549
9223
9033
10490
7844
4180
4780
9960
681
1915
6522
8372
4033
10686
3286
10383
8962
4086
2309
6967
1201
2190
9183
5503
8795
1803
5373
3486
9342
4237
6786
5748
4402
10633
1596
9020
4831
5428
2155
144
276
7149
198
6955
3987
2044
6625
10390
4004
7851
10342
3615
1697
7604
4196
1796
10698
10374
8064
7066
8949
6054
2807
3337
6460
3836
1891
1998
5984
2598
1919
117
4849
3187
9421
6547
2472
9474
1120
10110
3109
7821
4961
4647
1757
2550
3181
4650
632
8203
1144
7706
7197
5987
3640
9248
3224
74
4891
1806
1243
3598
4902
7545
2567
3888
414
7540
9599
9914
3099
6122
7776
872
4848
5724
1833
2123
9091
1534
6554
3704
5770
9023
134
4385
6029
3062
3075
7270
3732
6618
3696
6664
6283
1440
9844
3403
6009
9090
6394
604
9910
10326
4480
2515
8271
9970
541
8939
1140
6863
3890
2824
5087
808
3850
7409
9499
7621
431
8607
9939
10033
1598
10632
8442
799
2143
9583
413
2478
4313
9019
3118
1914
197
5797
9207
8515
5636
35
1657
3096
4815
10678
2339
3252
9142
1604
1485
1146
9878
5999
4987
1027
6459
1799
3448
8871
4300
10299
4095
7664
7385
9419
7847
5169
7404
6147
6893
7609
5214
7668
10277
8447
6793
3173
7472
9059
3029
6714
3087
9154
1335
331
9137
4698
4888
4881
8136
6931
4140
10605
9082
4565
8674
2688
5817
5848
5013
4548
3487
2762
6871
6765
5994
9396
9667
2154
453
9010
6900
2853
7080
1869
8585
9873
1968
1169
2002
5825
10131
10522
4370
9931
7144
2782
4684
1447
6057
1098
4427
4912
10118
8504
4020
4522
8870
9629
4552
5592
2261
559
7570
10668
10117
4085
2968
8649
67
2246
9130
2430
9961
4781
4490
9545
10288
8826
1967
10356
7123
618
9876
6308
7738
405
7386
3965
6665
7870
4449
5221
10379
6797
5377
4542
1135
1017
10458
5853
1625
4209
1147
2230
3503
6235
6933
7272
9226
10439
9348
5055
2865
1685
770
8188
2343
5149
6362
7997
1656
2457
959
10588
7542
1081
4214
3292
5788
7251
1206
8393
9124
8528
10496
248
8223
9420
3367
5345
1196
5049
3645
9837
8436
1651
61
3566
1720
7002
3043
8889
9215
8360
9949
5951
2268
4844
6073
5025
1227
9757
3495
9685
6894
8290
2344
7969
9866
7662
7030
3573
4471
3295
5390
7210
3333
4273
698
3297
5633
5397
1856
5176
9797
6464
10206
4716
4810
7416
859
7598
7086
6753
1005
1341
4025
10189
8350
6817
8003
5343
6985
5378
9952
4106
5710
3631
6462
8714
5798
7790
2220
4470
621
3213
816
355
4126
6236
5366
3538
2794
10411
6605
3747
4995
7187
1739
5135
7612
2913
5968
165
8012
8564
9161
1750
3643
1240
3484
6031
9121
4178
1123
2215
6157
1289
9957
555
9679
6596
200
2016
5494
6384
10590
2035
5485
5716
10586
943
3567
3621
9072
3006
7055
3188
2147
3748
10564
8574
5105
2475
4026
1861
7936
10280
6701
5543
3943
3508
5081
5490
8151
9605
8060
10352
4125
5496
4771
8370
274
7544
8310
10302
2951
3413
9239
7917
6430
401
9146
7032
4369
1794
2067
6244
9819
2228
549
1006
1438
3015
2036
6697
7644
9555
7201
1374
297
6879
7789
56
8720
10157
6972
1040
6762
7309
4861
6396
7343
4632
4277
4835
3449
4938
8146
1909
7721
9284
546
2955
5873
744
8131
433
7178
3069
10369
1397
1729
7727
9978
7965
5419
7064
1142
2207
8297
3441
7897
7146
843
9147
10362
2555
4040
8542
10469
1170
1824
8883
1162
9653
1249
10336
7915
7638
9327
4226
1422
8269
3580
4110
9826
5035
4241
10245
3021
707
5118
2245
8775
3456
3470
10049
8238
368
8631
170
10242
1032
6285
3803
9003
10554
6722
8817
10014
3301
8562
8314
1645
307
1222
3675
4318
1041
1905
4423
8843
9136
4534
2208
3008
3858
2643
6053
3910
8773
4914
4150
6366
327
6819
4555
9810
4551
4219
9868
7523
4948
5686
5244
4408
10571
3494
4918
10284
2473
10704
8899
5728
9232
3798
3880
8013
8347
3276
5711
6672
5173
8728
427
5067
1138
1716
3851
910
8924
5637
4738
1958
647
6385
7510
5557
7500
9218
3790
377
10337
10381
10051
1574
10044
8172
10452
8961
8168
102
923
1418
2449
6486
10229
8715
4524
1523
3827
4071
412
9705
155
1664
7842
595
7188
10376
2096
3768
3166
8073
2665
8834
5978
9086
6583
9926
8434
8503
110
1844
2879
5355
5138
1410
6363
4
9675
5464
6252
1190
6450
10222
2505
2452
9400
3200
8719
7700
7407
3882
7007
566
1499
6740
5599
5864
7816
9296
8935
474
6161
8711
1379
2087
7982
9683
10351
8893
3597
9569
10367
192
7478
9877
60
5762
5008
1548
5322
854
5656
7474
250
1639
3815
2699
5466
78
5897
1487
1778
4707
7004
2772
324
10168
3269
3325
7347
7449
2467
2750
4945
4968
38
9649
1939
424
4617
4884
7611
5347
9012
5145
6287
4185
5777
3090
6551
4452
8947
6606
7525
10582
6318
3080
5015
9972
7636
10409
6499
8169
31
534
765
2073
5931
3023
207
8029
6481
3608
369
7872
971
3042
7113
9508
4451
3571
7165
1851
3742
7463
8692
4398
8971
1559
1944
5604
4727
5177
455
1847
1814
3953
6756
5469
5720
2687
791
2901
800
6079
7945
9031
8937
3756
8331
2019
3990
2020
6380
5298
10393
320
2695
1745
9670
8334
8389
3097
4256
4205
7716
2171
2986
6686
4871
5285
1820
6458
4469
2250
7069
9190
1743
3409
1880
10650
4054
634
3444
10560
10047
6688
2113
8617
10257
10386
2354
10253
6176
10516
7193
560
3317
4672
1662
9369
432
6993
1018
8663
10593
2076
5682
10541
8806
1361
10710
2129
1476
1399
1275
755
2637
9907
3420
5091
4786
4975
8080
7402
10500
1340
3100
624
292
10105
5849
6007
8235
4211
4593
2607
4286
2922
6958
8876
6578
2069
5387
2634
2805
2377
9739
4628
8975
7269
8352
10240
2639
9524
3788
3003
5210
1748
4156
5471
2579
5283
2206
7746
5597
4625
62
5509
9134
7992
7970
1553
4791
4660
7843
10120
6916
4886
3287
3065
6411
3400
8666
8006
2099
2124
5241
10499
5116
5969
8440
5890
9423
4057
10290
3411
614
254
7279
4081
2093
6032
947
807
6117
847
8957
3593
1826
8623
5781
8606
3114
9013
7667
5349
2517
2417
7158
7263
7262
3694
5133
5020
8701
8976
4306
10623
1324
9935
4504
3398
543
263
636
7104
5690
5582
7121
5581
459
477
6452
9932
348
5625
7045
6471
8761
8061
2183
4736
7207
9746
6689
7424
4416
2378
5553
10536
4050
4341
10209
8740
5228
2310
2288
2049
8338
891
337
4133
2820
7199
9775
4676
9987
6702
5083
7688
3676
5253
8778
224
2863
5036
9435
9077
5958
7290
2959
1344
304
7539
4363
7577
8932
5670
5068
1238
2247
10481
264
8278
6559
2952
8845
7312
9317
5256
3519
7107
10621
4580
1108
289
1306
7813
8250
2365
1057
9763
4637
5959
10074
6794
10589
395
8161
87
7748
5275
4041
2159
6859
9259
5730
6099
6538
8835
5554
7898
2493
9280
5933
8967
3167
9071
3482
9856
5024
7376
9994
1934
3499
5379
8691
1053
7751
8819
9664
8009
4032
4600
8106
227
6070
3095
4977
2108
1726
5159
3138
4630
10491
8546
6581
3216
7560
7697
3653
4704
10060
6020
6909
7593
9235
3308
514
50
336
3360
3964
6444
4442
7182
2255
5476
2542
9384
4135
969
801
1350
2439
8618
6279
156
3846
5847
6835
3928
2933
3635
7036
3092
7903
1037
4855
732
2217
3113
7035
8326
6320
10468
10677
188
8685
5854
8433
10358
6570
3617
3527
8732
7910
10474
8274
4303
7618
6760
10132
229
1161
2043
1320
8128
3908
10466
10304
4489
4343
1721
7964
9693
4670
4064
6247
4428
89
9542
2258
8682
3878
4048
2414
5070
3237
976
1405
1855
9452
3073
2327
9122
6752
2835
787
9534
2166
6435
2574
3906
6448
6254
523
4062
1897
7399
7319
4916
3175
8384
4762
4896
253
7184
1904
10581
8519
8069
8379
10121
8191
6861
8708
2874
5039
9656
5012
3889
5236
8609
8658
7661
1594
1893
10032
7514
1872
889
2342
1787
8723
8246
2092
7250
9886
8014
9890
7765
9673
2593
7991
6680
10279
6202
513
10154
8261
10243
9175
9848
3079
7288
4910
6177
2842
576
826
196
1936
9447
3405
683
5544
1583
8423
5405
1775
1804
6646
1561
8837
7558
6639
6416
8749
178
4023
8588
8722
4528
5615
4658
1065
4904
10614
5127
10101
10145
9478
5524
7753
5305
183
2211
10265
9676
7653
2298
3909
3565
10144
3316
2192
4271
5749
2121
5573
3266
7633
8803
5552
5111
6739
2547
7119
962
811
4366
4784
5870
7922
2726
1902
8251
1312
1122
7610
10716
568
7663
8915
8403
3560
3532
8570
1087
8986
9529
2931
5654
10041
10053
1658
8943
10309
6358
9249
4496
5628
7888
9899
2851
3681
6457
3383
313
9850
9741
2071
314
3896
4530
3293
8825
7426
9722
6880
2157
9344
4900
6008
6134
3457
2531
8070
6407
3983
4382
4563
6973
7393
10380
2954
1453
972
4320
2425
2837
1317
5528
9112
5232
805
2920
10172
5668
6025
8657
9660
2780
5815
5648
7403
6513
4139
10195
3762
10267
5156
8090
6077
3328
5898
1730
6970
691
10484
9636
10717
1077
3712
114
10666
3056
9997
2086
8792
4807
3670
784
1493
1116
4495
9563
8705
2561
9204
3182
4812
6638
7198
36
5341
7489
6704
2996
2497
5456
6063
9852
1731
1363
7434
1315
9210
3451
8248
2394
4011
7446
135
249
3743
9769
5719
305
1026
7181
6302
815
6048
591
4007
8699
8007
8212
6998
2052
9431
7960
4690
606
7203
8272
9944
798
4866
7125
3211
6757
3737
562
7415
5492
1112
9178
2421
9176
1551
4353
4473
4448
2389
5410
8501
5878
7871
4907
10382
8851
1370
9098
7850
9244
5922
1521
6772
7761
1636
2840
1269
9113
3686
157
3968
407
2391
2731
6623
5961
205
3951
10178
5158
9320
7747
7825
5310
3569
9632
5709
8057
6409
5616
4646
8374
536
7873
9764
10046
8275
5512
1078
8094
1981
10432
9857
4331
8254
7128
5574
884
5075
8148
6432
824
8410
10235
9659
7259
3234
2667
4128
9393
179
1980
8377
4175
5404
374
2964
2012
9521
5962
2595
4569
3152
4419
9729
1463
9228
870
8418
5454
2075
9798
628
9263
4404
2917
195
1505
1260
3
1419
5752
423
4088
3322
5128
9694
8891
4278
4500
2008
2906
10323
7631
1333
9773
7475
693
7383
5486
4114
3025
7088
10100
8818
10097
1667
4949
5517
7840
5714
7189
8305
10495
942
8741
2401
7462
9216
5375
6361
5467
7367
8599
3935
1351
5147
1655
6669
4008
10185
8167
4488
876
1225
8176
8552
7921
1565
3442
5022
7651
5949
1445
6597
9658
8028
620
7635
3051
1198
7465
10104
5608
3934
5674
6874
486
2825
6275
5807
2290
4024
9870
2480
3135
1955
5168
10310
5131
10663
8647
6878
4347
7151
3883
9050
5601
1888
7323
8152
3246
893
8141
2984
10711
7856
6398
2803
6549
10473
6174
2481
6014
9287
503
6768
7083
7501
7815
2134
451
4031
4245
1313
3978
8801
4939
1835
242
2283
2498
2051
7549
9103
1421
9558
9862
1613
5995
8993
9802
44
2037
583
7858
4893
6738
1518
5479
8812
9851
6661
6647
10530
1582
6492
3502
1014
8260
5102
8842
2201
4682
385
6735
9093
1375
4892
10493
5318
6200
4144
2486
4096
3898
4153
10311
574
3327
8765
8511
8040
778
4005
6114
8619
1400
3740
2932
10701
3260
4294
3749
1610
10488
1978
98
974
7616
366
1788
7896
1345
4378
2025
7781
7229
9464
1259
2737
5669
8654
3819
7234
9842
3319
6166
9088
8833
8665
3636
7001
7428
7996
9559
5833
3273
10471
7341
3168
940
932
4729
4858
10592
3248
40
8021
7024
9725
2953
2442
1906
6560
6205
6139
9346
6918
6129
346
7981
9858
3661
5862
3468
8051
1391
9107
7177
9861
3183
7417
315
1802
9665
5089
2939
7728
1223
4905
6062
5365
3220
8443
2003
8233
1459
10556
3404
2703
2691
3120
2398
7911
7079
9338
8386
3452
4113
2021
10578
2227
8033
3342
4862
1566
7707
1562
228
10538
4279
498
1536
1292
926
2832
5304
7315
6405
5801
5234
8265
10259
6997
3795
8213
4544
5468
5982
10658
2923
5660
9986
6691
456
8922
5402
9959
7564
4743
1365
6533
7731
4224
9594
4491
5681
5369
3241
3136
734
2273
8031
5439
7918
3776
4235
6331
8912
3272
8887
4330
6670
6687
3275
8676
5523
1129
10667
6912
139
6440
8317
4796
4338
9833
4946
162
5184
8185
3358
2256
5626
95
3240
8414
4692
3581
10197
7671
4246
2388
6413
9233
10438
6191
6737
3724
9690
7665
10682
5098
3123
7511
2293
9385
1676
1013
1051
4316
9557
8462
6675
2857
9582
4457
3800
5769
10211
3600
7031
8767
7792
1921
5913
8041
2492
6531
6595
8746
2912
5908
3455
4966
9536
4667
7361
1938
2424
4015
3563
7770
10085
2571
9213
9885
7326
8
7513
4882
8721
5954
5734
853
8459
7196
1175
7882
51
2740
5735
4502
8279
3729
9322
1568
575
837
3149
2088
1036
4290
4550
8339
4298
7375
8209
3124
6853
3622
9543
1996
9883
6470
4186
7931
10011
86
531
9371
3085
411
5409
600
4668
6152
5403
1406
7391
5874
2596
6213
2010
3312
7803
4936
6343
3921
1115
4992
3727
2605
4634
5836
133
9486
1654
10640
8236
2284
1746
5722
8594
788
7346
524
3719
1665
2239
6902
6395
2305
6567
6135
1949
3662
75
505
1723
4240
24
7464
2005
2205
7419
7805
6877
8923
2898
2322
4360
6140
7976
5567
1911
1291
9200
5665
4560
4764
146
8593
10316
10163
2856
6339
785
3942
3843
1000
10061
4474
5920
1547
3826
1927
5280
9813
3389
706
515
1484
1813
6803
8998
4941
1766
6624
5905
3155
5646
882
8144
9901
4568
7863
3861
58
8330
8735
6700
3303
7471
5699
6627
5640
2682
3554
9610
9672
8329
5586
4223
9482
8764
9389
1747
2800
938
491
9489
6501
6378
9434
9717
2278
6021
5359
5119
3530
9699
5568
6610
7689
5052
3780
436
10324
9731
757
3647
1477
9620
1252
2714
2385
5450
8083
9661
5967
8784
9456
7296
2373
731
2444
10218
2299
9728
8468
9929
8008
5924
1800
9300
5424
1055
2141
2971
4590
2070
1451
8690
6532
7883
10042
3797
225
9703
7427
217
2560
10073
10147
6932
2657
2736
8859
2700
465
5983
10408
7799
7988
571
8559
9157
7275
5134
5266
9628
1769
2870
8884
1973
9627
8612
7396
479
9603
1474
9414
2433
2000
2418
3818
10124
7052
2629
9553
5242
6785
1284
8134
6719
679
1977
3417
9234
10099
1602
5449
10123
7806
10190
9909
9966
8560
8264
6718
7318
5806
10182
5663
7769
317
8931
1449
6082
4072
4564
7038
7820
4951
4097
3388
4107
10013
8268
1863
3856
3339
10535
2755
5030
1416
7652
2570
7535
5977
5144
333
8129
10102
4853
3834
23
6227
2732
3088
918
9788
7147
8901
4058
8689
1974
9820
10520
8045
9911
1165
1174
5437
4700
6764
3821
6576
9217
10251
3458
10031
10048
9301
6497
7909
803
2291
5085
2499
2656
3000
789
10016
6348
1173
997
9340
9459
8992
4339
4208
7672
4160
9677
6709
2116
7780
9128
5407
953
5344
580
6695
4357
2209
9179
7444
840
6271
9110
9609
5270
9265
2590
6509
4797
1332
10009
4291
1659
8457
7422
4737
9245
4315
1571
1092
10712
2686
4536
4674
3323
7047
4397
2945
2338
10676
1423
9787
9401
9004
9760
8308
6241
2564
9613
922
8415
10155
8634
2469
6612
3761
4967
7534
8293
8636
3386
3976
10489
5188
7387
9220
5867
2587
10201
4585
5863
3587
1217
2416
8514
8858
8444
121
6857
9426
10266
7905
1922
4314
1126
5941
5791
2083
9514
5693
3229
9579
5351
7133
5200
8391
8605
4521
5082
5772
6278
7758
8950
8156
10681
4213
3844
2862
8200
10602
435
1076
8982
552
3919
4512
7268
8441
4842
4055
5258
10202
6327
9556
1407
81
5190
2960
6657
7308
2014
8547
3460
1522
8486
222
8539
1622
5736
695
4384
6354
5064
928
1205
2001
4293
10483
3922
8900
607
3179
3521
2689
8601
7887
6650
506
10219
3710
8473
7412
2464
4601
8497
7926
4927
1817
9465
6078
7368
10577
6107
8638
13
5998
10111
5533
5299
4566
6917
406
2168
6562
8465
5007
3564
2622
2690
2943
6372
9981
1576
8102
3066
8438
3545
3296
6203
9302
4361
1003
7920
2306
10270
7811
1114
9565
4735
6651
3810
6754
5201
1706
4436
834
7075
9150
7313
6142
3098
5028
5884
6602
5136
8078
9635
5675
4463
3026
9386
9843
6268
10517
8328
5773
462
5163
1195
3469
8919
2367
10422
4445
10127
10091
5658
390
7582
7959
2161
9504
4833
10208
856
1529
5764
7880
2276
5875
3534
5371
4440
392
9331
1882
9523
4389
3852
9985
10332
5778
5261
1829
6616
5527
553
6844
5673
8745
2623
6215
6260
9512
7098
8620
2393
4944
4746
2995
1229
10050
3881
819
8471
7720
1816
10268
5649
9037
948
678
4696
1441
3870
1104
7168
9684
5090
8068
5257
1281
3259
711
10572
10281
2548
6802
3344
8409
5422
4508
2655
5726
2745
8395
9710
9998
763
6365
1031
7330
5516
10719
2909
280
3381
8189
4317
1908
4665
5273
3294
1896
4407
7957
4396
7469
5594
10205
5312
3500
5980
2127
6357
10081
9936
8925
6219
3285
9039
9388
1099
6
7152
5976
850
794
929
963
6660
4319
6094
2212
312
643
8425
5226
10191
7892
3962
8207
10699
5948
4823
2944
3886
10569
782
9503
1408
2539
2381
3385
1261
4247
4562
6175
1187
1887
9460
1035
7860
1733
7505
10072
3214
3061
1492
9481
5939
241
9196
1424
7425
6524
3261
2097
8289
5112
1616
6683
4661
8196
5223
3307
2253
8997
7224
6585
9288
4953
8474
420
5588
2566
5887
230
9817
10355
2320
7103
1621
41
5292
6016
1236
2662
9806
4752
1434
1282
10002
4836
7673
1637
2098
1508
7174
2760
8846
6011
9450
2364
10334
9882
2649
6681
2651
6238
5315
6527
2315
8627
983
5260
2989
10540
1607
9278
6634
1885
7018
9076
9291
283
4282
6451
9762
10442
7316
3859
1319
10244
4021
6642
8964
3618
6084
7578
5549
2460
9308
9283
7122
9974
6288
4523
1102
6346
6489
5051
2676
5580
1535
7966
9839
3806
9749
10709
5651
3957
10109
2928
3461
6812
52
6044
7901
9709
6904
10175
2361
10523
1633
7219
4990
9266
1155
2359
5911
2882
5794
5249
487
9880
5923
2930
7239
2368
7175
2812
2518
2789
5160
5813
2265
3656
1
9902
8125
2581
1435
8643
2072
345
9353
1763
10130
4606
2325
6098
8829
2757
1257
1254
892
8936
1149
9853
8001
8742
2151
2878
5558
4334
865
3665
1626
1539
4311
69
9461
6080
9038
5793
10214
9188
7925
4920
7522
2537
4066
946
5050
5993
5860
6270
3584
8186
6303
1331
8002
6822
827
1480
6269
226
7568
1994
3122
10228
469
3865
3022
8453
7504
7281
9443
9078
10152
4210
6947
6876
9083
7838
5434
6703
2312
8085
10713
8267
1079
7183
1853
1185
3207
5018
1591
7190
10596
5771
6438
2549
7784
8929
8116
7306
10720
9622
9021
6096
8109
3997
6406
2708
5189
1030
9631
3812
4573
2670
4664
2896
9578
4146
2727
930
8579
5562
7599
8724
7947
7292
8353
8793
7893
10459
4059
6403
608
5115
7209
5934
7000
0
3424
3274
9241
5302
9488
7923
533
9444
5457
3599
3277
10707
6992
7299
3583
9022
7266
6913
7649
5396
2926
6292
3963
10161
1132
9177
6264
5641
766
4509
6195
3784
582
2085
2924
569
9941
1084
9841
5034
2448
9912
9691
239
9854
4547
619
5291
1471
7950
6961
3199
9747
10070
3250
9437
10612
2733
5713
2231
3874
995
251
9541
10531
4991
9390
2818
5899
8804
6162
5164
9871
4349
1489
3194
5059
9053
2038
10142
7401
7714
3845
5606
10158
602
3233
2304
1233
8954
10275
1808
9900
5564
8575
6453
2526
7278
5506
4420
7400
8307
6487
1848
797
4520
7459
9687
1121
7679
6945
485
7314
6075
7666
3035
4642
3591
7572
10660
10308
626
3616
1160
1237
10271
6110
2871
10601
7105
5865
6915
6488
10454
7817
8686
6067
7849
1095
10627
268
5845
10357
3764
9208
8753
7711
1368
7998
2659
9778
530
3630
10487
425
8435
1960
6771
1859
5754
9332
6594
1830
2814
9104
5902
10573
4740
6708
9065
2966
1533
5100
7051
1635
7076
4424
3763
4686
3628
6539
4012
6523
5019
6525
3423
8362
5269
1873
9123
10294
7684
846
3209
6061
1046
1953
492
5278
8079
9484
883
5936
4718
5394
5684
7460
7927
109
10010
2829
8378
7692
8734
10215
9463
7899
7487
7344
7750
367
8184
6526
3489
7110
1127
3932
3594
9962
6186
9984
9368
6330
6540
2770
10254
373
5289
7827
1158
7867
10227
295
6467
1503
4087
7029
3701
8824
3243
1782
4584
351
4837
6929
7719
9079
7352
5721
1139
6317
4083
1666
9341
8105
8456
7445
4925
4906
7060
7620
6979
8681
745
2886
9510
9458
4538
4395
6601
9198
5417
3019
5972
2362
4958
6441
4591
988
10196
7614
4728
9604
3239
2861
8463
8099
91
3158
6250
3144
6208
10385
7492
10631
1278
6599
5624
5659
1186
4060
7874
6479
288
1577
3753
8373
42
1157
10226
1742
8540
3174
3402
7852
6884
8126
2089
5505
10638
9242
3692
9681
4610
8926
8651
7257
4805
9855
4227
4874
5990
2575
875
8836
10645
458
4498
2024
3544
2045
7934
5495
6666
4510
8062
6927
5747
5680
3785
6301
5672
2999
7537
8920
82
16
10446
3348
7267
5645
3678
8467
2852
2660
7226
10636
8582
599
1619
8780
3866
8055
1429
4840
10498
8086
153
1538
6658
6026
5009
829
6550
9887
1336
5707
3649
5940
1358
6763
47
2193
6852
6439
2426
5046
1541
4678
10171
6311
428
7338
2382
1287
3369
4809
6942
904
9066
8475
3714
2054
4751
6325
510
3862
7335
5237
3993
7364
7172
8023
740
9430
8774
5532
1415
4108
3255
3552
7258
1042
2191
9526
10599
3931
9527
8035
9822
4693
5229
7786
3913
10435
1285
4161
25
9471
2404
5947
5569
7328
5320
5914
3271
7749
10198
7785
5382
9573
64
9416
7078
5844
896
261
344
2437
2646
1271
585
49
5307
5942
10291
658
5945
6419
7708
316
9007
10594
8865
8984
2165
2148
9055
1907
9349
9181
697
6475
9695
6143
2233
6587
9063
3210
4962
5696
10039
2748
460
7812
1431
10238
3408
7797
5507
8527
10325
2988
7951
4673
1771
8904
1815
3789
10575
1673
1758
122
9742
10146
670
6210
5974
2431
584
2573
7087
1251
10613
3133
6239
4942
6951
4621
7810
5353
4622
5521
5150
208
2792
9586
3481
6136
2720
1672
2018
6784
9937
10689
5021
1148
1781
6668
6043
699
9264
8783
1670
597
2137
5202
8830
2068
6340
8914
158
2752
4605
5489
8965
6145
5129
10346
7206
10269
3103
936
9094
9267
4119
1986
10691
3148
1349
7985
6685
2758
4042
2773
2764
4321
9372
10467
5732
2850
9662
8571
4167
3399
3160
9495
6696
8970
1469
7589
8211
8911
4017
2647
701
252
6690
6284
5427
8351
10625
10400
1353
8644
2738
2456
6537
3626
7795
8247
5909
9049
9172
7527
3894
9417
2991
7729
7056
1364
1840
10392
9102
4843
10608
5782
5406
4324
3410
8994
5346
3955
7093
6476
6530
7669
716
3017
5032
7215
5029
5452
1646
4010
10396
5393
8411
9030
4181
6989
1975
5859
9166
10426
7768
7453
825
7975
5819
3170
8927
2004
4582
7054
7637
7972
483
6644
9496
4879
3959
5240
9546
1693
3604
8645
8273
6390
10125
4804
9626
6477
5756
7230
1152
9254
450
4717
10052
5436
6609
9571
363
6963
2149
7473
5858
234
4863
6267
10532
7916
7073
1327
3151
3948
10003
8762
3419
6484
3002
4100
8969
10263
1401
7798
9345
6965
6808
9686
5191
7627
9792
5856
9297
3078
1011
694
5886
8245
3474
3338
7325
10372
10329
7249
10391
2867
6773
417
1299
2942
9081
5896
901
2663
9429
6068
1215
6344
1846
1772
7900
4794
6234
9096
10136
8140
4342
2263
5011
6382
920
5329
6580
3654
3395
4373
690
9958
9428
186
3067
9993
2845
1692
8772
741
3372
8325
4675
4808
4841
9402
1822
132
9682
2948
43
9158
10230
9229
1624
399
3688
5530
4834
10095
2302
8458
7355
6180
3637
10545
4487
2848
8139
5837
8726
206
9753
7238
9328
1283
4450
5525
6189
3603
8417
7955
6220
2058
9562
7674
3746
3823
5239
9754
6196
8589
1316
4733
760
708
8052
958
7431
3666
7423
3208
4559
5445
10567
10345
107
869
8536
10303
6321
3058
6179
6170
10210
5413
5058
5618
8495
4878
3991
9646
4129
9138
3459
3814
1564
3721
2270
9721
10313
5152
3939
318
5979
8220
6833
10476
149
8469
10216
8782
5286
9292
287
9540
125
9869
7788
8499
4233
7658
5043
1226
1230
302
8227
4238
9132
5438
8296
8856
2275
8483
3736
3892
6087
484
335
8401
1008
820
3477
2967
8067
1703
5400
273
9791
1100
7808
3840
2266
10076
2795
285
5235
7733
4631
5103
8488
9250
7919
2576
9811
4134
4045
4142
7397
5165
9451
8049
6085
5841
1653
4666
3302
2958
1785
6171
7362
4714
3660
1642
5364
10000
4275
2627
9550
2234
4748
8688
10148
544
6369
3014
4383
3132
9321
2328
10028
817
9849
7759
1811
9126
9724
772
5247
4519
5937
7886
9455
7242
9285
10416
10180
7946
4136
10537
1004
8142
2175
5154
6133
8072
5426
9307
8371
10425
10405
9238
10025
5374
7382
2582
3127
3074
1235
5429
3432
4903
8694
308
9618
8872
9591
3377
7406
10510
7562
6002
3717
3126
1308
1663
5566
2372
8788
4157
9448
3831
6257
3568
8580
2572
1068
2977
2592
5078
2402
214
7546
5818
5447
1875
6568
3952
8300
3794
2447
8942
8306
9469
2925
5130
1264
2768
4561
10679
3920
6926
1687
5529
339
10461
9298
7583
7349
3305
371
4063
654
7354
3804
5193
10353
7067
4712
8578
4426
1614
6119
10429
6692
2513
10448
7186
4687
2577
10022
8892
8270
5800
4921
9648
6367
4798
7530
6076
10350
5276
6428
2698
6185
564
1245
7228
9948
2892
257
7468
1698
4877
1392
2510
2144
709
5224
10179
10528
6656
9015
8614
3498
3744
3350
4285
8572
4783
3137
10626
719
9528
2420
3254
8510
1357
6957
5172
994
8000
10715
9061
9574
1979
4649
182
3690
9828
8750
4250
9197
9182
9163
9379
3289
10683
10359
5056
9919
5519
5440
3981
8592
2432
9361
899
2264
2039
5655
10186
8988
655
6266
6860
7307
1168
6873
7615
8118
7223
3101
2484
5230
10672
7952
2048
1290
4061
6502
6555
8036
7456
511
5809
4410
221
6536
6508
3464
10674
7090
5611
4883
8311
9891
6276
7484
8747
6132
8421
5723
6628
5605
6259
6125
4239
4280
8797
858
9099
7879
6870
4364
5741
6386
8276
7894
4816
10134
3973
1765
8056
10317
6010
3578
10234
7057
1323
6937
7830
8543
9391
7685
7548
8860
6629
7227
642
7506
9493
4163
1427
6483
1302
3145
7490
6222
8357
10078
1713
8160
9115
906
6544
5005
7491
10276
8518
2110
10513
9095
1491
8766
8632
3758
6960
5893
9315
4191
3439
6485
9964
1125
6392
1270
5572
267
3154
2897
7902
7801
9351
5211
7791
5622
5194
8680
4507
898
1293
359
6654
5555
3157
8841
6804
1728
9314
3330
463
4618
5826
7845
2022
3368
8554
5026
161
5354
2788
5415
5571
1557
3071
4132
9221
9316
1177
8642
10494
3520
5175
3839
3306
4252
8748
1337
3825
1311
9572
6982
3667
10184
10328
330
9650
651
9075
5084
6908
5153
9859
9222
1514
3472
3559
5294
5534
9253
4310
6811
5414
8611
5482
8476
8163
150
998
7448
9554
2725
2340
4123
10622
9224
7389
5677
3664
6005
10512
6387
9246
5502
1854
1513
6858
9922
448
3936
6950
6089
9786
1985
2106
9011
9643
1632
9339
4093
4677
5231
6604
7356
841
1532
781
3336
8584
7836
6643
5446
9005
5106
855
8180
5408
5388
8776
4721
1629
7954
6659
3946
5386
5157
3713
2833
54
4432
1805
9120
5783
10646
93
2064
3655
9908
6173
5272
7077
6163
10258
6780
4922
7410
90
2501
1984
6473
10360
5956
1931
2023
4116
2415
7603
739
3110
6018
7963
65
3849
7102
8625
3392
5295
3422
9793
8088
5565
9977
2610
9018
1234
6000
6925
8337
3707
9202
7458
3142
9640
6943
9502
4754
9330
5688
7890
9816
9395
9846
4633
7096
8101
8285
577
3902
4036
10248
5820
3467
6500
4865
9814
9776
863
5556
2321
4864
4111
10063
7413
10221
5141
4768
10116
5871
3854
3265
1242
1510
10630
7839
5657
6777
8568
1760
2057
7736
10233
9309
4179
6429
4194
4652
482
1544
4503
22
8526
8541
2876
5822
4703
6040
7282
1965
6848
10181
547
7252
3204
8548
2028
814
7984
4084
665
4806
7979
10331
8583
2153
7884
10610
3345
6376
1396
3885
6588
4722
8182
771
6511
4118
3387
10653
9597
9282
3407
5650
7566
10714
4683
1301
2916
2450
556
4636
9836
1442
3169
410
8492
10647
10160
7800
7452
1347
10038
99
8852
7956
2274
663
6455
10203
5694
10173
8323
7014
5733
3379
5743
2027
3927
2900
240
1371
1858
9955
4228
1218
5080
4828
9517
2987
8809
3711
6645
6437
7600
7702
5473
4417
3298
5787
4827
2412
3112
9407
6104
1288
7310
8454
7145
5795
8059
2558
8113
5324
9641
151
7111
5883
6249
7381
9991
2783
8816
7388
174
5303
5938
10071
10427
5126
1172
4543
1531
9979
4894
6778
2641
1384
8226
10703
8367
3857
677
92
8974
9824
7063
6923
7167
1439
696
2314
3326
2872
142
2889
764
8396
4867
3970
3674
702
1136
4801
726
3533
9111
9335
6751
3741
6841
8537
1049
4270
10083
4173
10485
4019
3226
3104
1179
8805
5296
2533
5661
145
9397
6782
9394
2754
9777
6729
6815
4742
6854
8178
5757
9637
8863
3941
9337
6758
8848
2683
8709
3228
3526
5484
2080
1153
7608
9144
5180
1864
4982
7222
6736
1150
1774
7379
113
5559
7605
3490
7670
7200
4212
3895
4607
7003
10295
7536
1943
1777
4481
434
7737
3911
10657
9969
8104
6381
9751
7293
5695
1382
2522
5425
1950
236
3391
4889
7378
5729
5038
10585
8480
6603
866
4217
2269
3634
5946
6262
2742
6153
418
3497
8089
10417
6192
4515
4155
1850
10387
444
8283
6744
5499
2965
9374
6677
9867
6218
660
5548
9418
4662
4151
478
5462
8897
1586
393
258
8696
720
746
115
7164
527
2980
10113
4913
10549
7595
10598
5123
9225
2541
7745
5271
1707
3960
4148
2330
9382
9718
3492
7027
3485
6613
2254
9735
5125
5474
7533
5441
8646
76
4553
1184
667
3376
2199
5683
3202
5678
4218
6896
6112
7712
3891
105
7253
334
48
3579
1932
3434
1842
2855
7264
9845
1924
3510
9457
321
5644
1239
649
5929
903
7466
1755
5753
917
8882
9975
3996
1171
4820
10273
5187
4640
2583
3914
4131
4184
7602
5810
8671
4793
7153
894
986
6443
8446
1091
326
3473
6996
5906
2868
5950
6514
9160
6920
1388
8814
1874
1468
7488
10122
3923
4592
979
4579
6066
6216
5209
6138
4659
1898
2735
5044
1383
2181
4535
2109
1033
7980
1834
2371
10217
4465
7485
7932
5293
1212
5804
3822
1064
6641
6901
2406
8890
2849
10404
828
2267
705
6103
3450
323
2120
1578
6512
1163
476
3093
3720
1413
4715
7818
129
9247
143
4274
1050
7479
1412
6194
9674
4859
1430
1110
1889
10318
2511
5093
63
2379
3212
4930
8873
6347
3998
4168
9531
7764
9273
6058
7246
6875
10255
8725
1348
9761
975
5384
1433
6905
10138
5595
5570
2976
8304
8147
1941
9358
9933
1207
284
5367
5759
5965
5676
7567
2937
2446
1080
421
6156
7553
8530
1509
8869
1090
3347
4137
9089
902
3751
1058
7654
3824
2031
4697
347
4192
769
5311
970
10330
10406
5047
1414
9114
6035
5590
6906
10135
5420
1937
9470
213
8110
10252
4813
1086
246
7601
2326
9547
1525
9539
9702
8707
3063
5255
8867
7623
3354
2747
10553
6223
6293
5904
5412
4959
9261
3416
1593
2998
5518
7983
1128
398
2419
8596
9530
7958
2666
737
7109
4638
6116
885
4393
8321
2709
5225
6242
1871
4514
5700
8205
3514
9756
8908
6711
8934
6127
7044
5975
7062
9645
2763
8903
3415
7244
5114
7555
9638
6148
2189
7628
6742
10506
10552
8905
9738
8738
736
3341
1600
1511
1002
299
6968
322
4741
792
6673
2636
416
949
365
10662
10680
993
3595
5104
1213
6310
8921
1411
8794
9440
1328
6277
8629
7744
10479
676
4462
2633
3958
9404
2317
5638
4581
9872
4344
6391
1428
2182
8210
2282
1738
5928
7596
9535
7703
10223
3083
7283
1455
118
3427
10129
5179
172
2158
10370
10421
9485
5143
2410
1224
3091
10086
2059
4732
1572
1387
6828
1272
2866
9087
3359
6779
2082
10695
447
2774
8550
2249
6791
1044
973
2599
2461
9272
1467
887
6630
8316
6712
8046
5238
5755
9286
4169
7499
5016
9714
6748
6001
9251
8263
6930
3146
5071
10343
4870
5342
848
219
3129
5421
4760
3971
8756
8364
1176
2313
3766
6298
10156
10272
9525
8027
8743
4460
4259
7619
9255
7008
3929
7
8874
2375
3280
6088
1560
2888
6577
2396
6412
2586
10001
5511
5944
4598
6843
7625
878
1296
352
7220
9507
5073
951
2119
609
8424
2658
2653
10629
6663
7295
10617
8091
4588
1649
8736
8531
2767
6183
5195
1709
9587
7237
10023
1983
3792
6678
9750
6033
2778
5334
4112
6721
3222
3658
5832
1478
3558
8288
34
1083
955
3258
2956
5444
5796
2914
4541
340
2619
5751
7157
6064
7068
5520
7120
1791
6635
4182
5433
2319
10017
6611
978
9449
9509
6422
4115
3725
6491
8313
5542
7694
9808
5775
9561
10064
1881
2122
8123
2219
1801
8153
9625
9189
375
2635
8759
9133
8999
7584
9790
9501
9135
6051
3546
3999
2186
3989
8174
8231
2197
3117
1641
6724
6237
5827
7021
6897
601
2034
1352
279
5301
3496
5760
5866
535
5443
9548
685
12
2294
8522
5060
8133
6699
5703
6850
2978
4207
7580
8322
5828
968
4934
7993
329
9051
8412
2053
7881
662
190
1929
9477
1740
6341
927
480
8978
6364
7380
7861
10462
5323
2589
3018
9570
4206
7929
3373
8225
4117
761
494
8987
548
6028
7342
9415
4438
4750
5487
3060
2661
2617
7017
7715
5336
4429
4710
6336
10262
10143
4047
7150
8093
5086
386
605
5930
9642
5816
2719
8815
1786
7440
1096
4263
10561
1194
4940
6015
9325
8683
7767
8866
5124
4705
9347
1060
7357
9719
2271
10030
1737
6829
5031
9953
8854
6190
3037
9362
8811
7814
7377
3947
674
9436
2808
1712
5632
6886
1838
2697
2117
8679
294
6558
10153
6977
1520
2543
8122
1241
3218
9424
8394
9119
10289
1935
6095
6150
10149
2427
581
4367
2979
950
738
1211
7026
1386
2443
2177
6389
3437
2292
2411
3644
7421
9892
8534
1109
3754
3855
1674
7846
7126
10443
2640
4774
1507
6837
1701
5889
8569
9329
9165
499
5216
8319
8117
8660
985
2838
5808
9413
6807
1280
3543
8500
981
10247
3663
2487
5399
10548
2591
2198
9475
138
754
3871
2753
39
5475
9052
6436
9905
1592
9906
941
2516
10285
3225
509
9715
7565
8703
1681
5151
10697
1543
5639
7561
8478
4971
967
9047
3684
4027
818
7081
10402
7441
8670
1188
4998
6158
6049
3370
839
3685
6705
9445
8785
7320
587
3251
1373
2118
9511
10170
3531
3872
4875
1141
9593
3304
5041
8158
9692
10609
4308
1809
1899
9707
7194
8602
8020
10363
176
6948
2213
6652
6715
3832
2704
4758
1831
2739
3549
2509
4803
5198
6636
1056
8470
9585
6149
8877
2613
10457
5547
2721
5970
8026
6790
2440
1164
10054
4857
7995
2784
3012
3646
8730
6281
7563
10643
7940
2905
4854
2911
3511
8390
1034
6251
1852
6423
6093
10306
1988
802
9771
7025
394
6969
5017
2474
2904
6055
8044
8240
5063
1297
6517
3309
9595
671
5689
10463
7571
4680
2331
4075
1819
8229
3652
3945
4929
8075
8752
180
9840
259
9209
5563
3205
4456
1767
7053
6980
5120
2673
2779
830
8916
3956
3284
1961
4477
8219
5308
1987
7743
3669
3279
108
7650
8509
9387
1770
6410
9575
8840
4924
215
7524
6258
10274
7990
6816
9195
8315
2512
5583
1644
3813
5108
4899
4978
466
6836
9818
10204
9230
9894
9774
6584
9044
8521
960
4022
8005
8039
3491
7508
2844
9988
7287
2650
4557
4624
5207
6653
8157
4759
10705
4177
1267
1825
4478
2136
2380
5685
9576
5971
7725
9148
9701
8472
9971
4325
8258
6404
1948
6248
8127
6312
2466
2601
7912
3378
3994
2645
6240
10708
5297
9551
9373
3004
717
4908
19
10021
1063
8388
8335
2826
2366
8608
1047
5023
749
2065
8413
4726
6229
2715
2204
6528
2693
8076
3829
7624
